[[-1.57894472e+00  3.21337119e+00 -8.89116330e-01  1.02667147e+00
  -2.04693963e-03  4.51133796e+00]
 [-1.10519434e+00  4.03022436e+00  2.05815478e+00  4.58600668e-01
   5.84649553e-02  2.18334888e+00]
 [ 1.71463231e+00 -4.79166844e+00 -1.82739201e+00  1.44856986e+00
  -3.77872483e+00 -2.58116078e+00]
 [-9.56813521e-02  1.88009159e+00 -3.16613532e+00  2.05456276e-01
   4.89478667e+00 -2.25647460e-01]
 [-2.59191444e+00 -5.48369600e-01 -3.56683590e+00 -1.48533900e+00
  -3.29269047e+00 -7.83775292e-01]
 [-2.95176952e+00 -1.08310476e+00 -3.98321924e-01 -4.60199374e+00
   1.62222779e+00  2.91348553e+00]
 [-3.58929203e+00 -4.70849668e+00  4.88941459e+00 -4.41493226e+00
  -4.67972772e+00  2.67385074e+00]
 [ 1.55941697e+00 -4.37659299e+00  1.58780135e+00 -2.94439815e+00
  -5.41387263e-01 -3.77223313e+00]
 [-3.95122599e+00 -3.53350487e+00  1.44013590e+00 -3.27201068e+00
  -2.96242605e+00 -2.05145753e+00]
 [ 4.41656498e+00  4.94670189e+00 -3.01281238e+00  4.80994013e+00
  -2.07742220e+00 -9.42905258e-01]
 [ 1.64519524e-01 -3.60009874e+00  3.56880690e+00 -4.80998351e+00
  -1.97611494e+00 -4.51528617e+00]
 [ 9.22317091e-01  2.39804077e+00 -4.71428303e-01  1.00063020e+00
  -4.15579566e+00 -3.74563763e+00]
 [ 3.12749031e+00 -4.37439559e+00  4.92499789e+00  4.97828991e+00
   9.90982382e-01  1.09863024e+00]
 [ 4.89230578e+00  3.60186305e+00  2.27847696e+00  2.62859647e+00
  -2.74694810e+00 -4.80262809e+00]
 [ 1.11587570e+00 -1.14032576e+00  4.74247852e+00  2.08166569e+00
   1.48813959e+00  3.19294658e+00]
 [ 1.50348794e+00 -1.93271353e-01 -9.96219012e-01  9.62249843e-01
  -1.53404849e+00  2.93958356e+00]
 [ 1.54878733e+00  1.60112220e+00  2.06941566e+00 -4.76482000e+00
   2.38694152e+00 -3.78628248e+00]
 [ 4.01325387e+00 -4.88401318e+00  4.64876109e+00 -2.79007086e+00
   2.47364419e+00  4.39043466e+00]
 [ 4.70590060e+00 -3.24824672e+00 -1.34654818e+00  4.60486697e+00
   6.74043848e-01  2.49698012e+00]
 [ 5.71405860e-01  3.68911685e+00  2.61955634e+00  2.92333199e+00
  -2.12210368e+00  4.57863999e+00]
 [-4.20004620e+00  1.12775605e+00  4.49966693e+00 -3.55902021e+00
   4.03611594e+00  1.84008199e+00]
 [ 2.67633961e+00  4.12573520e+00  5.68155818e-01  3.35504597e+00
   7.21606856e-01  2.38652342e+00]
 [-3.40888078e+00 -2.62322683e+00 -2.71943453e+00 -3.40890714e+00
   1.27278232e+00 -2.31895644e-01]
 [ 7.12051106e-01  2.00410312e+00 -3.44760475e+00 -1.91128762e+00
   4.35297687e-01 -2.76203321e+00]
 [ 3.06109023e+00  1.56196245e+00  3.16061627e+00 -3.58269882e+00
  -1.48293466e+00 -4.68095707e+00]
 [-4.33535705e+00 -1.87644793e+00 -3.34025074e+00  6.86656412e-01
   2.55660218e+00  2.87482438e+00]
 [-3.26162545e+00  1.12601558e+00 -3.68007318e+00  1.43089999e+00
  -1.39907531e+00 -1.14989840e+00]
 [ 3.68994920e+00  4.08459480e+00  3.19326410e+00 -3.55404433e-01
   2.41621062e+00  1.50581372e+00]
 [ 4.75371875e+00 -1.91302430e+00  9.40292828e-01 -4.05339000e+00
   7.21247929e-02  1.66784673e-01]
 [-3.88602155e+00 -4.95915211e+00 -1.62551853e+00  4.95717813e+00
  -3.82508877e+00  3.18192944e+00]
 [ 4.89175587e-01 -4.43286611e+00 -2.27712221e+00 -4.43928374e+00
  -3.99195935e+00 -3.46194984e+00]
 [-4.16771670e-01  2.80658260e+00 -2.44309105e-01 -2.85187473e+00
  -1.15433628e+00  1.88623707e+00]
 [ 8.84615379e-01 -2.41192228e+00  1.89314979e+00 -1.64018729e+00
  -1.96526808e+00  2.06121445e+00]
 [ 2.12501755e+00  2.59958050e+00 -6.06466588e-01  9.47818163e-01
   2.64148244e-01 -4.88550731e+00]
 [ 1.59314099e+00  3.13232451e+00 -1.66531292e+00  2.24375680e+00
  -2.64727417e+00 -3.37990842e+00]
 [ 3.07341286e+00 -1.33784635e+00  3.25882432e+00  2.66933223e+00
   3.12130702e+00  2.07073268e-01]
 [ 1.10076407e+00 -4.25812838e-01  4.11206600e+00 -1.88740298e+00
  -4.54726377e-01 -7.83047140e-01]
 [ 4.78078501e+00 -3.05257004e+00 -2.82392021e+00  1.11565584e+00
  -3.72946392e+00  3.72413382e+00]
 [ 4.88965112e+00 -4.58547389e+00  4.40337821e+00 -4.37612561e+00
   4.53977821e-01  3.81527712e+00]
 [ 4.45219161e+00  4.53569252e+00 -8.53907939e-02  8.98160463e-01
   1.50472306e+00  9.01154523e-01]
 [-4.54011491e+00  2.70284782e+00 -1.19653763e+00 -4.46597045e+00
   1.12148635e+00  8.85046044e-01]
 [-2.64380132e+00  4.85605439e-01 -3.61570323e+00  1.03994161e+00
   3.74609414e+00 -1.25493372e-01]
 [-1.29098929e+00 -2.89887664e+00  2.87865853e+00 -3.29529450e+00
  -3.41334890e+00  3.79626293e+00]
 [ 3.70948569e+00  1.09195307e+00 -3.09567037e+00  2.08359470e+00
   8.60900631e-03  8.83688369e-01]
 [ 3.72985766e+00  4.53310417e+00 -4.23107268e+00  2.51710702e-01
   9.09770245e-01 -2.72811085e+00]
 [ 3.21726442e+00 -2.96487877e+00  1.93366820e+00 -1.54961142e+00
  -1.58376482e+00  7.93651814e-01]
 [-4.85304534e+00 -1.59280596e+00  4.86755393e+00  1.87072399e+00
  -3.59565335e-01  4.67556731e+00]
 [-3.45778659e+00  3.12326395e+00  1.84442676e+00 -1.43371505e+00
  -3.82782297e+00  4.32658181e+00]
 [-4.52075605e+00 -1.01280786e+00  1.50062422e+00  3.92836880e+00
  -1.42631987e+00  3.93426189e+00]
 [ 4.70145715e+00 -4.72823322e+00 -5.36460977e-01 -1.01943124e+00
  -1.01086062e+00  4.86778355e+00]
 [-4.88135570e+00 -1.87100747e+00  1.46109045e-01 -1.70404667e+00
  -4.38895393e+00 -4.02056569e+00]
 [-2.46400725e+00  4.04808677e+00 -1.32592516e+00  3.03532122e-01
   2.13914157e+00 -3.21258752e+00]
 [-7.29364369e-01 -1.62277827e+00  3.13717010e+00 -3.30184708e-02
   8.49901044e-02  8.15074879e-01]
 [ 1.86120022e+00 -4.64578318e-01  2.29202809e+00  2.16261011e-01
  -2.21187195e+00  1.00716353e+00]
 [-4.16639194e+00  4.80941807e+00  3.89053965e+00 -4.32026766e+00
   1.64376609e-01  3.84438424e+00]
 [-4.88962324e+00  3.65972107e+00  1.16469081e+00 -3.05600018e+00
   4.24411161e+00  3.19637182e+00]
 [ 4.35712822e+00 -2.42914096e+00  3.66156016e+00 -1.12660679e+00
   4.14538790e+00 -2.11856586e+00]
 [-4.07767554e+00 -1.30373259e+00  4.28050291e-01  2.37117306e+00
   3.44382850e+00  4.08487699e+00]]
