[[ 4.46875151e+00 -7.05060966e-01 -4.20406411e+00  2.24722747e+00
   2.00936432e+00 -1.73273085e+00]
 [ 2.73405508e+00 -2.62422619e+00 -4.28959316e+00 -7.62862900e-01
  -2.03497070e+00 -3.89454307e+00]
 [ 1.73950320e+00 -1.66283164e+00 -3.19853729e+00 -3.49125385e+00
  -4.64751488e+00 -3.64321130e+00]
 [-3.09585176e+00 -1.98885340e-01  8.02117029e-01 -7.23185858e-01
  -4.43221457e+00 -4.58737249e+00]
 [ 1.64132528e+00  1.27397928e-02 -9.57152099e-01  1.60158721e+00
   4.56578548e+00 -3.60293684e+00]
 [ 2.23766867e+00  4.27809495e+00  3.71599924e+00  1.42009587e+00
   4.90535276e+00  1.52999858e+00]
 [-2.34308375e+00  4.78740707e+00  3.77006085e+00 -1.28435440e+00
  -4.68125443e+00  1.94841611e+00]
 [ 4.45286476e+00 -2.87976208e+00  4.74681826e+00 -2.18455577e+00
   8.88526232e-01 -3.92346484e+00]
 [ 1.39594882e+00  4.61775036e+00 -4.95648938e+00 -2.69963593e+00
  -4.83728886e+00 -2.15840794e+00]
 [-1.67424934e+00 -3.43253760e+00  2.49900297e+00  2.57566190e+00
   3.00659263e-01 -1.65417649e-01]
 [-8.53005301e-01  4.51662981e+00  4.61833843e+00  4.59846643e+00
   2.82803734e-01  1.51366843e+00]
 [ 3.76334581e+00 -3.16542750e-01  9.79666732e-01  3.81546595e+00
   3.67131948e+00 -1.19908202e+00]
 [-2.99552017e+00 -7.54358813e-01 -2.20116799e+00 -9.47529743e-01
  -4.39204852e+00 -7.55272212e-01]
 [ 2.10334473e+00  3.06049625e+00 -4.10693126e+00  7.28518767e-01
  -3.57739873e+00  4.91357711e+00]
 [-4.35953849e+00  4.12831645e+00 -4.47361838e+00 -1.33018916e+00
  -3.88851609e+00 -3.31720784e+00]
 [ 3.81684306e-03 -4.57638639e+00  1.38657026e+00  1.10270042e+00
   3.52206250e+00  3.23308346e-01]
 [ 3.02703691e-01 -3.75290991e+00 -2.51826261e+00 -1.04817986e+00
   2.50482090e+00 -3.12394419e+00]
 [-3.99430691e+00  2.43980162e+00 -4.77824084e+00  3.35727853e-01
   4.47365923e+00  4.70329517e+00]
 [-4.87275446e+00  4.77267989e+00  3.38806521e+00  4.39753804e+00
   1.04840602e+00 -7.65050138e-01]
 [ 3.23281059e+00  3.96768301e+00  3.47204837e+00  1.15438770e+00
  -1.12876855e+00  3.61085320e+00]]
