[[ 0.40774264 -1.22854474  1.99744225 -3.24683081 -4.17010877 -3.40938973]
 [-3.94884385  1.02834659  2.0151702  -1.99491474 -4.16894321  0.68764277]
 [-0.14396332 -3.78708291 -2.38468472 -4.24241277  4.01391572  4.8599758 ]
 [ 4.04713079  2.41203833 -2.46029004 -0.05278042 -2.15455052 -2.65574457]
 [ 2.92798796 -3.21941248  2.03293763  1.50152169 -2.70587502 -3.30427571]
 [ 1.91715575  1.33925659 -4.03749596 -3.76037996  2.09570087  0.24519343]
 [ 2.14063925  0.51826139  2.18267288  2.54578396  2.31527555  1.56517875]
 [-1.14912173  4.71809009 -2.30846261 -4.70337176  4.60158411 -3.93450395]
 [ 3.47756048 -0.36826751  3.19269752 -2.1116405  -2.6913078  -1.83177754]
 [-4.39351587 -1.59579768  0.59021335 -0.63187249  3.39514346  3.14743694]
 [ 1.93661193 -4.51500255  1.68211098  4.24422666 -1.23680166 -2.82326932]
 [ 0.21202902 -0.33989192 -0.01438479 -0.19586904  2.28888708  1.70897634]
 [ 3.68179259  1.8316562  -0.06501711  2.09828673 -4.49085634 -2.19144554]
 [-2.54086379  3.8978559  -4.10062992 -1.4139627   4.39639859  0.33671775]
 [ 0.66571593  4.91646559 -3.13414162  0.94565984  4.84325599  4.0445603 ]
 [-2.84533995 -0.37134848  3.83237315 -4.01521801  1.97556863  0.05682422]
 [-4.74317988  1.26364937 -4.73031643 -0.6753352  -2.35195773  4.02509868]
 [-3.73415319  4.0994306   4.71951788  4.81246794 -2.83950773  4.19108526]
 [ 2.84416428  1.71932833 -4.64155752 -4.12337333 -2.09015156 -2.61058159]
 [-3.67710156 -2.48191686 -1.69758773  4.38992235 -2.52500992  3.26984461]]
