[[-3.17651511  1.5344841   0.57105109 -4.48341704 -1.12831846 -0.04747806]
 [-3.55280881 -0.42712141  3.82127594 -3.35342284  2.9306494   4.77368579]
 [-0.80441282  2.1813989   2.05763756  1.2691519  -0.83084914 -1.00555638]
 [ 2.89669736  1.79012487  1.39309491 -4.13332207  3.69007018  4.09771163]
 [-2.00573577  4.01119589 -3.53734864 -0.97342381  3.80472448  3.94957444]
 [ 1.83278094  4.27401201 -3.35777453  0.40702442 -3.62715071 -1.85803636]
 [ 4.03641372 -2.70797071  4.91627523  2.33455575  3.7224609   4.54318965]
 [ 1.97046562 -2.50560415 -0.63392495  0.81769281  4.71396752  1.86978647]
 [ 4.94954065  4.88992296  3.2900277   3.52429375  2.66464635  3.9524105 ]
 [-3.40515157 -1.7982969   1.63548491 -3.32271697  4.43111745 -4.67540431]
 [ 0.89624608 -0.44037317  3.2125903  -1.02596503  2.39579484  0.66457893]
 [-3.05199409 -4.98416437  4.00926351 -4.74420307 -3.07861573 -0.45114979]
 [-3.58411523  1.42024576 -4.66009857 -3.43101258 -1.49907266 -1.16536726]
 [ 2.6462081  -0.78270715  1.16240896 -0.97653449  0.0694997   3.07660122]
 [-3.22953788 -1.14382578 -3.40714799  0.61721421 -0.31520945 -2.18921369]
 [-4.28293047 -3.08477006  4.47080724  4.18739093  4.46360408 -1.59622621]
 [-0.09863491  0.55142292 -0.2708994   2.61140155 -1.37882785 -2.13906018]
 [ 2.04374299  3.11058111  2.05959293  4.27791947 -4.03315111  0.1257452 ]
 [-0.74084711 -3.2260245   4.80290095  1.19124729  2.24675605 -4.56590891]
 [ 0.5351435   2.11414896  4.88658937  2.37659214 -4.93197896 -0.76168207]]
