[[ 1.59227983 -2.91608411  0.26349165 -1.74689183 -4.39421938  3.94544139]
 [-0.81921729 -1.54629661  1.20421564 -0.71863504  1.8972372  -4.75669498]
 [ 4.05619197 -0.13516251  3.68621483  1.96535015  3.34912197  4.67196076]
 [-1.64900808 -4.63485586  0.94972509 -4.24708139 -4.14977739 -2.54109782]
 [ 4.66130844  4.3893047  -2.47022394 -4.96622634  4.40970409  0.2601933 ]
 [-0.2080168   0.77273511  0.72066345 -0.74038279  4.72748638 -3.06647655]
 [ 2.32632323  0.77920152 -2.51053833  2.00607294  3.50588774 -0.45949089]
 [ 4.44557006  3.54399264 -2.00738117  0.45941969  1.75225987 -3.61112426]
 [ 4.62928892 -2.85758918 -2.9179697   4.65586791 -0.68859526  3.63048288]
 [ 1.52987421  0.05387129 -3.63227445  2.55323635 -4.24998286  3.78730692]
 [-2.09906202  1.22491143 -0.49818412 -0.8299323   2.78011965 -3.96224708]
 [-1.92059564 -3.06035483 -2.2960486   0.31106832  2.27799822  3.03625364]
 [ 4.62191741  0.10113637 -4.20826334 -2.26441471  2.36061859 -0.77486307]
 [ 3.3386748   1.6563118   0.45227281  2.40203262  2.58293006 -0.31050515]
 [ 1.47552051  0.54191402  0.41456985  4.28756497  2.09553363 -1.27852145]
 [-0.89683656  3.22045123  4.81078976  1.34921888  1.18349395 -4.06060786]
 [ 1.9340005   1.41217105  1.00192762 -3.19202928  1.87796597 -0.94793127]
 [-0.84042644  1.40777913  3.23602896  0.78101243 -2.14796731 -3.15604241]
 [ 3.17626118 -3.35023496 -3.65523028  1.05995309  4.54638447  1.14082536]
 [-3.80461746 -0.44981886  3.02966766  2.73394887  0.86622983 -2.34605576]
 [-0.13781248 -3.50033797 -4.93583526 -2.18419006  4.91669688  1.80542801]
 [ 0.28499693 -2.37156939 -0.66314425 -1.68900932  1.3934687  -0.38128874]
 [-0.90778449 -2.62552814 -3.68830708 -2.34956351 -2.11610398 -4.23893886]
 [-0.96606611 -3.45707078  1.87991048  4.1821878  -2.12954059  3.96085494]
 [ 1.14465084 -2.92561212 -2.74562042 -3.22104521 -1.91543616 -3.28895289]
 [ 0.14982099 -0.8456356   2.66720903  1.07875326  4.93750912 -4.98297203]
 [-0.0866721   3.73498032  2.17152514  4.9523115  -3.31958646 -2.43503186]
 [ 2.21031634  1.68651336  3.95156247  4.74787769  0.89296976 -4.97507842]
 [-2.36475416 -2.28398975 -3.73354153 -3.46220364 -0.2967016   3.59891925]
 [ 1.96596274 -3.8844404  -2.90072874  3.66273366  3.05097065  1.92579786]
 [ 2.21659737  2.04189853 -3.15435726  3.53960097  3.9073801   0.20850265]
 [ 0.03439285  1.39303792  1.79375366 -1.03899388 -3.76800453 -1.06391569]
 [-2.01484318  2.33179924  4.51918959  2.93015755 -4.9651898  -1.61000804]
 [-4.5616368  -2.74548476 -4.61469386  4.11184893  0.74052704 -2.25190618]
 [ 0.38179673  1.96553304  2.0625945   1.72551107 -1.38787465  2.46285338]
 [ 3.07786595  1.60076394  1.83275732  1.45569477  3.14945994  3.49740049]
 [-3.74681752 -0.43724234 -4.76074191  0.75991007  0.8325766  -0.32922369]
 [-4.89565725  3.52635007  2.57727803  0.04225405 -2.37618995 -2.11261359]
 [ 3.06366262  4.54532807  3.59188348 -1.07531579  4.62264024  2.10022785]
 [ 3.52266943  2.94162087  2.5029226   4.2522399  -0.5871176  -0.47259946]
 [-1.13941363 -0.93246631 -3.54709008 -2.6202263  -0.97064121  1.55166015]
 [-0.15064254 -0.469306    3.69639062  2.88605924 -2.33927293 -4.15017204]
 [ 3.40879173  1.29791579 -1.4649752   0.2355568   0.32762474 -3.38276563]
 [-3.22610585 -2.48079097  3.8573106  -2.65532422  0.43552965 -1.81504625]
 [-2.00878326  2.20756655 -0.87462938  1.90362481 -4.23663128 -3.37512491]
 [-4.90635393  4.41118174  4.14861784  4.53527206  0.09016188  2.80003517]
 [-3.05303155  1.53148717 -3.68665995 -3.20078501  2.08558453 -2.05981969]
 [ 0.88522393  4.96681403  0.07716964 -2.37204682 -1.46728635 -0.94495874]
 [ 4.03186115  4.93036051 -2.73551282 -2.2568308  -3.7982223   3.57155327]
 [ 3.68823574 -0.9871725   3.24338226 -4.10634531  2.50098892  3.52581019]
 [ 2.51202771 -2.835606    4.9721545  -2.69468164 -4.72163062  0.53097612]
 [ 1.01417043  0.43542109 -4.57766961  3.11086203 -3.01285587  3.86351885]
 [-0.88195614 -2.01248807 -0.38499048  1.55159116 -3.33347041 -0.29002614]
 [-0.5945304  -2.55382557  2.85530658  0.16225724  3.60425887  4.9549748 ]
 [-4.45498602 -3.42220503  3.67104681 -1.41350904  1.23876825  3.21494043]
 [-1.84851124 -3.63575394 -0.92223197  4.66223901 -1.20253238  2.00045401]
 [-3.84648836 -3.86907889 -0.11608274  1.4020505  -1.44540869 -4.51911685]
 [ 2.54146315  1.32906078  4.01449421  0.62171841 -2.35207375 -2.20605195]
 [ 1.34578652  1.7069439   4.27389738 -3.67484579 -0.34404199  0.25350117]
 [-4.04586499 -1.07778861 -0.1882016  -4.72123968 -4.73259507  0.07814204]
 [-2.225656   -1.21808019  4.37410742  4.93777117  2.49363622 -1.67228674]
 [-1.16038461  4.440835   -0.44584554  2.35552251 -0.27513448  1.89308057]
 [-2.04170369  0.06309931  1.78216016 -1.02172088  0.21487282  1.42194943]
 [-1.73585531 -3.3144484   2.87361587  2.70471503 -2.95437904 -2.59983354]
 [-4.51657242  4.99796995 -4.15345066  1.84237061  4.48336509  4.93714838]]
