[[-29917.34698405]
 [-24208.95842946]
 [   423.73458158]
 [ 41061.17605863]
 [-13940.15097915]
 [-23376.31239894]
 [  1386.02657114]
 [-33612.53090151]
 [-33026.23207799]
 [ 30629.42512625]
 [ 33777.99000324]
 [-12309.9271581 ]
 [ 51873.50889567]
 [ 12066.87554554]
 [  -287.70802154]
 [ 14017.09168778]
 [ 31532.52446642]
 [-18827.23367769]
 [ 13253.61762473]
 [-19943.62397708]
 [ 20627.34531539]
 [  3661.71017702]
 [-10203.3074152 ]
 [-36239.09556857]
 [ 30682.14764416]
 [-29100.74610828]
 [ 38194.60923866]]
