[[-2.20602252  0.29767071 -3.54621365  3.80503532 -1.30495487  1.6796887 ]
 [-4.63351671  1.46300155 -2.13294498  4.07622065 -3.24900294  3.19853346]
 [-0.43867383 -4.42888877 -4.17764858  3.72200912 -4.18675058  2.59124286]
 [-0.95007982  0.66472429 -1.77148251 -4.44204721  2.55910481  1.04313621]
 [ 4.85434927 -1.42334379 -4.45023591 -1.77227535  1.09703089  2.32442844]
 [ 3.46040627  4.37772744  2.96830492  3.59167849  2.83275066  0.59681829]
 [-1.64466256  0.50042584  3.02493904  3.80123216  0.92627556 -0.29648718]
 [ 2.58981694  3.34454617  3.03405103 -1.18813595 -3.78254062 -1.72647669]
 [ 4.98127909  2.59886715 -0.81329574 -3.20944844 -2.12495071  4.14801101]
 [ 2.67124508 -0.35277423  2.33845099  4.1658219  -0.61853011 -0.65560666]
 [-0.45243873  1.25082049 -1.00817956  1.93097689 -3.86614606 -1.10145356]
 [ 3.90883354  3.73618321 -1.45712173  0.04882367  4.8695072  -1.9581455 ]
 [-0.85867186 -0.44910432 -4.783647   -4.41284634  2.24049494  0.13758004]
 [ 2.63962544 -0.72841373  3.41293316  4.91353869  3.85720233 -0.8808379 ]
 [-0.18825506 -3.50396957  2.88288343  4.68650591  4.85401077  0.71116512]
 [-1.42739106  4.00496883 -0.96533581  4.43773764  3.12715438  2.42573507]
 [-1.62835545  0.84840367  1.26126274 -4.19242281 -3.51845145  0.25250638]
 [-0.17330247 -1.03828193 -4.52855125  1.41228518 -1.65202567  4.77170864]
 [-4.42503414 -4.81712498  0.41450426 -4.61575541 -0.08456449  4.3719385 ]
 [-1.73400445  3.52171404  2.22190223 -1.06657933  0.81648248 -2.37907208]]
