[[ 1.22713129  1.50896197  0.83089204 -2.33087128 -0.01609392  3.11006914]
 [ 0.35383447 -1.20424126 -4.33364913 -4.35791898  3.40290091 -3.83658925]
 [-2.17629474 -4.65325381 -2.80875823 -2.01082027 -3.53282096  1.77674944]
 [-4.37142546 -2.05377779  2.98963353  4.47493036  0.68421074 -0.20509364]
 [-4.1302999   0.26609163 -4.29494962  3.72427798  4.11061879 -0.88381169]
 [-2.01150253 -0.45543801  2.90137728  2.12453243  3.74344222 -3.82483553]
 [-0.08609283  2.53559598  1.83895642 -0.0066173   3.02282935 -3.18218365]
 [-4.00946956  2.59767219  3.43286134 -3.93300763 -1.61797419 -1.00725128]
 [-4.05513664 -2.46900901 -1.8874651  -4.48448591 -2.72530129 -3.20690298]
 [ 0.18164348 -0.79572522  2.98945963  0.17178872  2.5064225   0.09024088]
 [-2.93476371  2.63706453  0.09607044 -1.27150318  0.66914785 -0.52939617]
 [ 2.76452017 -4.81176413 -3.54638981 -4.42075753 -2.85866142 -4.24150307]
 [ 4.45418651 -0.65203779 -0.75130637 -3.70054862 -3.11107298 -3.07061372]
 [ 0.08704776  3.65577814  2.14648155  2.28007179  4.56218163 -2.70058687]
 [-3.89839295  1.72333715 -1.91795254  2.8219919  -2.00590946  1.10754551]
 [ 1.70667862  1.22042526 -3.79217541  3.47614708  0.6764589  -0.47849707]
 [-4.00707877 -1.19063584 -4.47727924 -4.47446519  4.43824397 -2.69470322]
 [-2.44602742  1.67415033 -0.40804921  0.97476917 -3.53402798  3.87740332]
 [ 3.45893571  3.55408515  4.25350074  4.58871477 -0.5812705   2.42650169]
 [ 4.74076426  2.99518194  4.65980144 -2.70196501 -1.10781629  0.11107539]]
