[[1.00000000e+00 1.35433505e-54 1.34669009e-66 ... 9.60201346e-54
  3.07119418e-61 1.00000000e+00]
 [1.35433505e-54 1.00000000e+00 2.45689396e-27 ... 5.39161829e-28
  2.70324444e-33 1.00000000e+00]
 [1.34669009e-66 2.45689396e-27 1.00000000e+00 ... 5.36541342e-20
  2.30672415e-06 1.00000000e+00]
 ...
 [9.60201346e-54 5.39161829e-28 5.36541342e-20 ... 1.00000000e+00
  1.40518029e-26 1.00000000e+00]
 [3.07119418e-61 2.70324444e-33 2.30672415e-06 ... 1.40518029e-26
  1.00000000e+00 1.00000000e+00]
 [1.00000000e+00 1.00000000e+00 1.00000000e+00 ... 1.00000000e+00
  1.00000000e+00 0.00000000e+00]]
