[[ 6.83966788e-02  2.63476651e+00  2.66240595e+00 -7.66324519e-01
   1.46884749e+00  4.58445139e+00]
 [ 2.69130831e+00 -4.04014000e+00  2.82251514e+00 -2.23122508e+00
  -3.16504561e+00 -3.43441534e+00]
 [ 9.84211125e-01  1.70344880e+00 -3.88091816e+00  2.00920995e+00
  -1.72167844e+00  8.16417194e-01]
 [-8.88138793e-01  1.38601069e+00  4.61011532e+00 -2.00497582e+00
  -4.29720605e+00  2.47584832e+00]
 [-4.78039252e+00  2.88286427e-01  9.31213392e-01  3.13193788e+00
  -3.54125679e+00 -2.21626849e+00]
 [-3.16815178e+00  2.39381863e+00  7.60230333e-01 -1.25058146e+00
  -4.70840347e+00 -3.84426167e+00]
 [ 1.48635605e+00 -1.35588173e+00 -1.02484548e+00 -2.18992936e+00
   4.84617708e+00 -1.94419180e+00]
 [ 2.32547594e+00 -7.94195397e-01  4.80852311e+00 -3.91060212e+00
   3.77563253e+00 -1.61078952e+00]
 [ 2.04017930e+00  6.81121627e-02 -4.99999200e+00 -2.95350213e+00
   1.38732224e+00  4.26881968e+00]
 [-4.00210294e+00 -2.65077815e-01 -3.72920696e+00  3.84655539e+00
   2.49695483e+00  3.33089797e+00]
 [-4.65899377e+00  3.17363836e+00 -2.79547760e+00 -1.89154728e+00
  -4.03839563e+00  1.85855250e-01]
 [-2.48101225e+00  2.96209071e+00  3.32157390e-01 -3.51194520e+00
  -3.62157170e+00  3.80116801e+00]
 [ 4.22080311e+00 -3.61849909e+00  1.76026082e+00  1.08368905e+00
  -3.85827658e+00  9.78828678e-01]
 [ 3.22474623e+00  1.80346872e+00 -2.37131555e-01 -4.27173572e+00
  -1.78504881e+00 -2.84582136e+00]
 [-1.27636129e+00 -2.41622586e+00 -1.54699831e+00  1.05619878e-01
  -1.27736600e+00  3.97947433e+00]
 [-1.86262382e+00  2.42603147e+00 -3.59941913e+00  4.84926762e+00
   2.39735537e+00 -3.56371811e+00]
 [-1.66694267e+00 -3.14116371e+00  4.73314360e+00 -3.73166883e+00
  -9.25895217e-01 -3.46366463e+00]
 [-1.76933078e+00  7.51566156e-01  3.10464452e+00  5.86784542e-01
   4.55863618e+00  3.75567166e-02]
 [ 2.81279127e+00  3.45519664e+00 -4.71433257e+00 -1.82305963e+00
   3.23038955e-01 -2.64744292e+00]
 [-2.59510436e+00  5.26639791e-01 -4.58336437e+00 -3.58418104e+00
  -1.94020404e+00 -2.94614796e+00]
 [-4.42043529e+00  3.02589668e+00 -7.41167242e-01 -1.56785832e+00
   1.85004072e-01 -4.52810030e+00]
 [ 2.41342223e-01 -1.19040972e+00 -3.61861006e+00  4.60642812e+00
   1.90520791e+00 -4.88914948e-01]
 [-6.53119218e-01 -4.52205415e+00  2.95306649e+00  4.28729217e+00
   2.82239420e+00  1.57379300e+00]
 [ 2.99824307e+00 -9.54257661e-01  3.83902032e+00  3.88210436e+00
   3.05040330e+00  3.05736252e+00]
 [ 1.83547698e+00  2.28746380e+00  1.05389621e+00  1.16559324e+00
   4.49508701e+00 -4.13651987e+00]
 [-3.30221434e-02  3.46628021e+00  6.33462696e-01 -4.52796194e+00
  -4.60196664e+00 -7.59678014e-01]
 [ 6.17202085e-01  4.76536155e-01  4.96297817e+00  1.08618366e+00
  -4.42576027e+00 -2.15999782e+00]
 [ 4.97436881e+00  1.78224812e-02 -2.84945765e+00 -1.72743785e+00
  -3.38741834e+00 -3.49043727e-03]
 [-4.97083762e+00  1.13681215e-01  1.83732862e+00 -4.14927593e+00
  -6.04031731e-01 -9.26079070e-01]
 [ 3.65999846e+00 -3.84100143e+00 -4.25213985e+00  2.90121162e+00
  -7.36032142e-01  3.42643746e+00]
 [-2.81864096e+00  3.54906567e+00  4.50618754e+00 -3.38206607e+00
  -2.24240026e+00 -2.35113063e+00]
 [-3.74923482e+00  1.14696242e+00  3.14987178e+00  3.13982880e-01
  -1.50469810e+00  1.40027246e+00]
 [ 1.41666282e+00 -3.32177741e-01 -3.01976487e+00 -8.42926837e-01
  -3.40509754e+00 -3.93447364e+00]
 [ 1.55735314e+00  4.78149180e+00 -2.42467724e+00 -2.48146720e+00
   1.83969919e+00  1.24846196e+00]
 [-2.23844381e+00 -3.33936212e+00  2.30487199e-01 -2.30445127e+00
   3.23972975e+00 -4.65887115e+00]
 [ 4.40182638e+00  6.64989411e-01  4.24955595e+00  4.80178786e-01
  -7.28263067e-02  1.72692570e+00]
 [-2.64917634e+00 -2.88740042e+00  4.04348391e+00 -4.04729565e+00
  -2.13283902e+00  1.86862914e+00]
 [-3.66671327e+00  3.88835382e+00 -1.00708088e+00  1.72684263e-02
   4.25141880e+00  2.95930099e-01]
 [-3.12424960e-01 -4.65771981e+00  1.93304324e+00  2.49175952e+00
  -4.90075563e+00  4.90370118e-01]
 [ 4.53440230e+00 -2.70823930e+00 -2.27164103e+00 -8.92886112e-01
  -7.09391247e-01 -4.74179562e+00]
 [-3.60000838e+00 -1.99484031e+00  3.73155326e+00  2.37241688e+00
  -4.44695136e+00  4.18583994e+00]
 [ 3.84046000e+00  1.34476162e+00 -3.35271047e+00  1.73793214e+00
   4.66223362e+00 -2.55813053e+00]
 [ 1.62045244e+00 -3.46023446e+00  1.32647751e+00  3.70208607e+00
  -5.20494445e-01  3.72746081e+00]
 [-2.52483387e+00  2.10167025e+00 -1.21309989e+00 -2.89744500e+00
   2.60752111e+00  4.45277876e+00]
 [-4.49087804e+00 -1.90051182e+00 -8.90193095e-01 -4.52614964e-01
  -4.76829202e+00  1.80793950e+00]
 [ 1.93804980e+00 -1.50877334e-01  3.08098566e-01 -2.76749595e+00
   7.00508224e-01  2.80132194e+00]
 [-3.94302476e+00 -4.43146653e+00 -1.75920656e+00  3.80391398e+00
  -2.96738917e+00 -3.95535634e-01]
 [-4.53241252e+00 -1.44231037e+00  9.48039468e-01 -2.69706489e+00
   2.95153540e+00  1.93083359e+00]
 [-5.07151545e-01  3.85898356e+00 -2.69875414e+00 -4.36036863e+00
  -1.02331411e+00 -1.36995556e+00]
 [-2.99955738e+00 -4.27174434e+00  3.21380141e+00  2.20112193e+00
  -2.99200508e-01  2.95668039e+00]
 [-4.84584250e+00 -1.59208794e+00 -4.13302959e+00 -1.11752784e+00
   1.56013907e+00  1.29446774e+00]
 [-1.44672317e+00 -5.81214210e-01 -6.97452732e-01 -3.12259938e+00
   9.90496682e-01 -1.15228459e+00]
 [ 3.52048251e+00  3.60195335e+00  8.10313441e-01  3.05869341e+00
  -2.47019607e+00 -4.42198974e+00]
 [-1.97303662e+00 -9.94135035e-02  4.00642105e+00 -4.39308842e+00
   4.00544395e+00  2.55990097e+00]
 [ 3.13301376e+00 -8.49979198e-01  2.21305954e+00  4.69568621e+00
  -2.14769726e+00 -1.89434886e+00]
 [ 4.44152220e+00 -4.19476300e+00  3.58047035e+00  1.81312848e+00
   8.26180183e-01 -1.01749608e+00]
 [ 3.67195378e+00  4.27953629e+00  2.40876283e+00 -6.38703280e-01
   9.23208149e-01 -4.06651061e+00]
 [-1.54946231e+00  1.26801509e+00 -4.73421367e+00 -2.97282405e+00
   4.19111458e+00  7.28419990e-01]
 [-3.31856281e+00 -5.06141742e-01 -4.50327091e+00 -2.34684563e+00
  -3.28253727e+00  4.38658781e+00]
 [-1.82507136e+00  1.75248461e+00 -3.10092368e+00 -1.04626290e+00
   4.34163276e+00 -4.26322403e+00]
 [-4.64347225e+00 -3.18410655e+00 -1.45535572e+00 -3.83796189e+00
  -1.49223976e+00  3.13217793e+00]
 [ 4.80150425e+00  2.77458385e+00 -2.31049788e+00  2.43357210e+00
   1.42561348e-01  2.34658329e+00]
 [-3.42230558e+00 -3.00217822e+00 -1.03613102e-01 -1.00229021e-01
  -1.31268632e+00 -2.45929625e+00]
 [ 4.91863870e-01  2.38140002e-01 -1.87616862e+00 -4.89239044e+00
  -2.76126213e+00  2.14703511e+00]
 [ 4.90258849e+00 -3.47258525e+00 -1.80965599e+00 -7.24795252e-01
  -1.88603969e-01  1.50437789e+00]
 [-2.40342679e+00  4.36051443e+00  1.22205245e+00 -2.58394770e+00
   1.09045994e+00  3.71511230e-01]
 [ 3.77467566e+00 -1.02287256e+00 -1.13831824e+00  3.99970379e+00
   3.62392514e+00  1.48068874e+00]
 [ 3.94880586e-01 -2.10348296e+00  3.26723651e+00  6.86114980e-01
   9.82298014e-02 -9.69690963e-02]
 [-9.56195315e-01 -3.88465110e+00 -4.33048129e+00 -2.06862925e+00
   1.30333306e+00 -3.19973246e+00]
 [ 3.27592299e+00  4.46970098e+00 -4.90232395e+00  3.21287532e+00
  -8.19388153e-01 -2.32267700e+00]
 [-3.06853457e+00 -3.98699004e-01 -3.30589445e+00  1.94944634e+00
  -2.28681094e+00 -4.32169522e+00]
 [ 2.72922405e+00 -2.27934319e+00 -2.08537980e+00 -3.46786587e-01
   3.49775245e+00  4.36351084e+00]
 [ 2.23294977e+00  4.20416690e+00 -2.58011815e+00 -1.41172938e+00
  -4.51126846e+00 -3.14728883e+00]
 [ 9.16580011e-01 -2.48508654e+00 -6.62209812e-01 -4.97885786e+00
  -2.55760969e+00 -4.48995705e+00]
 [-3.49280965e+00  2.57073773e+00  1.60484243e+00  4.41320498e+00
  -4.32941919e+00  2.05715619e+00]
 [ 4.25386552e+00  3.42718443e-01  1.44229528e+00  2.38830372e-01
  -4.16759427e+00 -2.74584881e+00]
 [ 1.32811691e+00  3.72886224e+00  3.80614329e+00 -4.72249919e+00
   1.77313485e+00  1.68381116e+00]
 [-2.93350012e+00 -4.90590484e+00 -2.16238761e+00 -4.47916828e+00
  -3.17522075e-01 -1.28657572e+00]
 [ 3.59076499e+00 -2.23083145e+00  4.11330904e+00 -3.95350769e+00
   2.94484088e-01  3.21163274e+00]
 [ 4.06627767e+00  3.09614662e+00 -4.72015915e-01 -3.23753194e+00
   2.85161434e+00 -2.01901565e+00]
 [ 2.96740578e+00  4.43509569e+00 -1.39213204e+00 -3.44524655e+00
  -2.37188712e+00  3.47513747e+00]
 [ 3.42188682e+00  4.81415669e+00  3.37653548e+00 -1.46367172e+00
  -2.02274745e+00  5.60982605e-01]
 [-2.39057765e-01 -1.83095217e+00  3.43394958e+00  6.42673277e-01
   4.60526629e+00  3.66756310e+00]
 [-2.18075211e+00 -3.59956567e+00  4.17846385e+00 -9.68440256e-01
   3.12156327e+00 -1.72001105e+00]
 [-4.91704474e+00  4.59631451e+00  2.31475205e+00  1.25712464e+00
  -1.18573356e+00 -1.65719153e+00]
 [-3.69294427e+00  3.20448521e+00  2.08423203e+00 -2.54361332e+00
   4.99638456e+00 -2.82755517e+00]
 [ 2.57876341e-01 -3.95832964e+00 -3.52278508e+00 -4.61306536e+00
  -2.54300146e+00  3.87867055e+00]
 [ 7.64089146e-01  3.98650909e+00  1.27054075e+00  2.25379853e+00
  -3.49050634e+00  1.05555053e+00]
 [-4.15109956e+00 -2.14035743e+00 -3.40555016e+00  2.12131846e+00
   2.70745575e+00 -1.80574819e+00]
 [ 1.05028084e+00  2.51962919e+00 -2.02064922e+00  3.52746591e+00
   3.00013048e+00  3.92059429e+00]
 [-2.03660278e+00  1.90680311e+00 -4.57914068e+00 -1.44841344e-01
   6.26073671e-01  4.11713923e+00]
 [ 1.59012192e-01 -1.95196970e+00  4.89577715e+00  7.99430847e-01
  -1.60357636e+00  4.75505519e+00]
 [-4.33625363e+00 -9.41638376e-01  1.43247437e+00  4.55939214e+00
   4.84866596e-01  3.29558431e+00]
 [-1.18770231e+00 -2.62594291e+00  1.12556699e+00  4.99906103e+00
  -1.09893035e+00 -7.32432268e-01]
 [ 1.67723276e+00 -1.69439103e+00 -1.26462596e+00  4.46454742e+00
   2.00752627e+00 -4.82107064e+00]
 [ 2.58796655e+00 -1.41782937e+00 -4.85822464e+00 -2.00434492e-01
   1.22187326e+00 -1.47084755e+00]
 [-8.29908859e-01  4.03355205e+00 -3.11398462e+00  4.06334773e-01
  -4.09597842e+00  3.02079077e+00]
 [-4.03840475e+00  3.35298524e+00 -1.60706212e+00  3.44522899e+00
  -9.64789022e-01  1.08848753e+00]
 [-4.29354305e+00  2.23106307e+00  7.04668247e-01  4.21628361e+00
   3.36756848e+00 -8.04862113e-01]
 [-2.12909725e+00 -4.94962766e+00 -2.62586181e+00  4.03304927e+00
   1.07110735e+00 -3.97750380e+00]
 [ 1.28141523e+00 -4.62090156e+00  2.44021656e+00 -4.71754862e+00
   1.61848679e+00 -1.31014255e-01]
 [ 5.90131921e-01 -4.77635654e+00 -2.82167729e-01 -1.32870041e+00
  -1.89635645e+00  1.05106151e-01]
 [ 2.36332044e+00  4.93879380e+00 -1.69563869e+00  3.60683319e+00
   2.67742072e+00 -3.28394343e-01]
 [ 2.47099801e+00  6.54509743e-01  4.36282423e+00  3.35363397e+00
  -3.97458451e+00  2.24782487e+00]
 [-1.40942853e+00 -1.75337755e+00  1.70142654e+00 -2.65338090e+00
  -4.83095771e+00 -1.56072637e+00]
 [-1.60332248e+00 -2.91990668e+00 -2.92522847e+00 -3.11058908e+00
   3.42690214e+00  2.74539833e+00]
 [ 2.50840239e+00  9.68460671e-01 -8.18420372e-01 -2.48423151e-01
  -3.92250792e+00  4.03786145e+00]
 [ 4.33481968e+00 -2.78745029e+00  2.57741690e+00 -1.58944868e+00
   4.13540602e+00  2.12751442e+00]
 [ 2.18224138e+00  3.29894906e+00  2.70279241e+00 -1.18029327e+00
   4.75027499e+00  8.90933960e-01]
 [ 2.11267934e+00 -1.23414882e+00  3.67058322e+00  1.68875204e+00
   3.68921295e+00 -4.22115562e+00]
 [-4.39723065e-01  1.51261089e+00  3.89121087e+00  4.88090539e+00
   2.31735795e+00 -2.96008950e-01]
 [ 3.90169340e+00  4.15910646e+00  1.48147802e-01 -5.53735846e-01
   1.69046842e+00  4.97518081e+00]
 [ 1.15216707e+00  9.03048001e-01  4.39013922e+00 -3.27181895e+00
  -5.25192188e-01 -2.06456230e+00]
 [-4.18435002e+00 -1.56865669e+00  3.02451918e+00  2.73084526e+00
   2.21599616e+00 -2.51708656e+00]
 [-7.83199417e-01 -3.31416125e+00 -3.91958656e+00 -4.92519208e-01
  -4.98973735e+00  4.03261448e-01]
 [ 3.38303220e+00 -2.14781900e-01 -1.94055792e+00  4.15961475e+00
  -3.81008243e+00  1.20751573e+00]
 [ 4.75623602e+00  4.03097726e-01 -3.21202095e+00 -1.65350364e+00
   4.04955505e+00  6.38343289e-01]
 [ 8.68545910e-01 -2.35597967e+00  5.18235862e-01  1.53979597e+00
  -2.81375547e+00 -4.62828562e+00]
 [-3.24671509e+00 -4.79873305e+00  4.56061334e+00  1.37903736e+00
  -1.36948912e+00 -3.74619320e+00]
 [-5.46087962e-01  4.69981235e+00 -2.54028282e+00  8.87072056e-01
   5.26383722e-01 -4.88215248e+00]
 [ 1.18543588e+00  2.04893542e+00  1.87473021e+00  3.56924902e+00
  -1.17202107e-01  4.52820951e+00]
 [-1.21243959e-01 -3.05391742e+00 -3.48871225e-01  2.62551366e+00
   4.41835341e+00 -1.17803235e+00]
 [-2.71083455e+00  3.75065305e+00  3.50162743e+00  2.93822998e+00
   1.22469485e+00  3.57512844e+00]
 [-2.85806171e+00  1.18010034e+00 -4.33753050e-01  1.90442273e+00
  -3.00141642e+00  4.82004470e+00]
 [ 6.84622157e-01  4.87031228e+00  2.88230273e+00  3.26813299e-01
  -3.23410309e+00 -3.32080028e+00]
 [-1.06123339e+00  2.88522706e+00 -3.74765488e+00  1.63739781e+00
   2.14404431e+00 -6.15896663e-01]
 [ 4.11936517e+00 -4.45529515e+00 -7.35311325e-03  6.31043720e-02
   3.27375984e+00 -3.07787796e+00]
 [ 1.73245593e+00  1.93698937e+00 -1.15674721e-01 -4.81325402e+00
   4.92025531e+00  2.31448443e+00]
 [-3.33122085e+00 -3.78620491e+00 -5.63503197e-01  9.60056900e-01
   3.59782072e+00  2.48784537e+00]
 [-9.48655211e-02  2.16629590e+00 -2.38847995e+00  4.75264609e+00
  -3.10699146e+00 -3.01537474e+00]
 [ 4.69452074e+00 -3.67151588e+00 -1.35014247e+00  4.31359332e+00
  -3.32833379e-03 -9.71311831e-01]
 [ 3.78272252e-01  8.20132887e-01  4.41894348e-01 -3.76759719e+00
   2.41818907e+00 -4.99354276e+00]
 [-6.64761327e-01 -4.10437823e+00  2.14169301e+00 -1.93298505e+00
   7.99781006e-01  4.66080048e+00]
 [ 1.86809044e+00 -2.58839226e+00 -4.43920511e+00 -4.18975140e+00
  -1.67638359e+00 -5.80146418e-01]
 [-2.28358500e+00 -1.10129176e+00 -3.99104257e+00  3.01490987e+00
  -2.62827928e+00  2.63563678e+00]
 [ 3.04217572e+00  1.02620421e+00  9.11303036e-02  8.20091590e-01
   4.53315906e-01 -1.34907731e+00]
 [ 4.62883637e+00  2.74406137e+00  2.51707107e+00  2.76362064e+00
   3.82444418e+00 -1.96027937e-01]
 [-3.57970900e-01 -4.36689772e+00 -4.02913943e+00  1.45541968e+00
   1.92493901e+00  2.83243312e+00]
 [-1.34565606e+00  4.52060124e+00  4.69325795e+00  1.32569265e+00
   2.09337804e+00 -3.66263839e+00]
 [-3.81794549e+00  1.62145512e+00  5.74606900e-01  2.32509989e+00
   3.93118501e+00  4.90710478e+00]
 [ 4.00661387e+00 -6.96078965e-01  1.99863843e+00 -3.60678150e+00
  -3.67604228e+00  7.93309787e-01]
 [-1.14373807e+00  1.46600404e+00  1.50509896e+00  2.56000457e+00
  -4.13046682e-01 -3.69253020e+00]
 [ 2.86036507e+00 -6.12193203e-01 -4.16471365e+00  3.28442278e+00
  -2.88389405e+00 -3.38312284e+00]]
