[[ 1.94997116 -1.72052886 -3.3148061  -2.35879979  0.29862397  4.27336775]
 [-1.05404761  3.76249302  4.62809503  3.32313792  0.92103591 -2.70394937]
 [ 2.15439053  3.91982607 -1.96848389 -4.85209267 -3.98168853 -2.11975245]
 [-2.74577887 -3.67441587  0.04880295 -1.53581746 -3.87819001 -0.59869746]
 [-2.94085774  1.72590469  2.67134479  2.73815058 -1.21512861 -1.57526835]
 [-1.92538379  4.62132183  3.96024317 -4.2584538  -4.65984675  0.07769356]
 [ 0.5331688  -1.21281684  0.35281378  4.16612272  2.18091545 -1.32544208]
 [-3.11312583  4.46507917 -2.70154391  1.50052154  2.22811576 -3.35364568]
 [ 3.49924928 -1.26484154  3.34516039 -1.73630364 -2.76688891  0.01934769]
 [ 0.3766735  -2.87768794 -1.64934867  2.23466449  1.49191477  1.52357421]
 [-1.21308456 -3.97732608 -4.61130233  0.1071323  -1.96926173 -2.86906882]
 [-1.77246554 -2.66049832  2.78576725 -3.40897055  2.46959443  3.22070446]
 [ 2.14608752  4.73294922  4.67759667  0.27508128  2.18288732  2.23324104]
 [-3.92211365  2.54581265 -4.4943128  -4.33316464  2.01139175 -1.14923332]
 [-0.4493953  -4.62488596  1.26156979 -2.9466178   4.96818505 -2.78364722]
 [-3.53845671 -2.80198517  4.91908672  2.32723341 -4.04752521 -0.59468221]
 [-4.07969866  2.18701953 -0.75725378  1.78533147  1.89411301 -4.83430954]
 [ 2.09962627  4.61308883 -1.17842491  2.78157473  4.47521916  3.72408202]
 [ 2.53103847 -0.1779579   0.26588595 -0.73028013 -3.12325857  4.13088795]
 [-1.16419116  1.89157604  1.20446143  0.1812526  -0.70003179  2.94808646]]
