[[ 1.99995420e+00 -1.31798963e-01 -2.11598698e+00  4.51083559e+00
  -3.25435220e+00  2.26502602e+00]
 [-3.30119906e+00  3.94926660e-01 -4.99998638e+00  3.17068890e+00
  -3.16569800e+00  5.83790709e-01]
 [ 4.99829749e-01  4.62612968e+00  1.44674662e+00 -2.24566009e+00
   2.08938356e-01  3.17819054e+00]
 [-1.12629849e-01  2.46971871e+00 -4.21442825e-01 -4.11334601e+00
   2.25889766e+00 -3.84526686e+00]
 [ 4.81267557e+00  1.90887753e+00 -2.28563897e+00  2.56923541e+00
  -3.46101088e+00 -2.38457193e+00]
 [ 3.35040751e+00 -3.02694292e+00  8.78324307e-01 -3.62064821e+00
  -2.74611959e+00  3.50596271e+00]
 [ 3.45568849e+00  3.25505406e+00 -6.15819587e-01  3.61933244e+00
   1.49333454e+00  4.34670151e+00]
 [-4.95035452e+00 -9.58450438e-01 -1.76704864e+00 -3.14542981e+00
  -1.18881529e+00 -1.33276731e+00]
 [ 6.74133311e-01 -2.61592726e+00  2.91799303e+00 -3.76021675e+00
   2.61782758e+00 -2.61028508e-01]
 [ 3.78260409e+00 -2.39975823e+00 -2.64834807e+00 -2.86490309e-01
  -4.83104827e+00  1.21526124e+00]
 [ 3.95090853e+00 -4.91424708e+00 -3.55293658e-01 -1.99960795e+00
   1.64110667e+00 -7.73135456e-01]
 [ 4.18414195e+00 -4.83981420e+00  4.80610640e+00 -1.80394895e+00
   6.58061267e-01  1.93536539e+00]
 [-5.79643233e-01  3.62785761e+00  5.17065029e-01  2.20732850e+00
   4.87343671e+00 -4.13171260e+00]
 [-2.43418786e+00  8.01564586e-01  6.25281750e-01  2.74138167e+00
  -4.16799273e+00  3.69083547e+00]
 [-2.98779343e-01 -7.18659223e-01 -1.08240287e+00 -1.78350283e+00
  -4.98252906e+00 -3.74572662e+00]
 [ 1.11252048e+00  4.09534211e+00  3.90428178e+00 -1.00516033e+00
   5.80952177e-01 -2.55490106e+00]
 [-3.20062548e+00 -2.13006022e+00  1.35902961e+00  2.67344944e+00
  -3.80357697e+00 -1.16257594e+00]
 [-2.01524116e+00 -1.23339751e+00  4.49010460e+00 -4.11149189e-01
  -2.25477170e+00 -3.41084544e+00]
 [-4.13328048e+00  3.91730977e+00  3.76410876e+00  1.73076674e+00
   1.18051257e+00 -2.86554319e+00]
 [-4.39305395e+00 -8.94524921e-01 -3.34722547e+00 -8.18294105e-01
  -2.07622417e+00  4.59860822e+00]
 [-9.05951463e-01  3.54224541e+00  7.19900120e-02 -4.34128985e+00
  -4.50359162e+00  2.87001351e-01]
 [-4.73756521e+00  1.88739470e+00 -2.19568569e+00  6.97011660e-01
   2.30425062e+00 -3.67411015e+00]
 [-1.48202997e+00  2.06491636e+00 -1.78928333e+00  1.10860355e+00
   3.19082896e+00  4.90175784e+00]
 [ 3.30550135e+00  4.19813065e+00  1.21344794e+00  1.86325052e+00
  -3.85841601e+00  1.55027743e+00]
 [-2.87072118e+00 -2.37873247e+00 -4.54753041e+00 -2.16189262e-01
   2.62582493e+00  1.50644492e+00]
 [ 2.38022774e+00  2.32691319e+00 -4.83371816e+00  8.06057608e-01
   4.73071676e-01  2.21864338e+00]
 [ 2.09908373e+00  2.65025870e+00  4.07736318e+00  3.08899392e+00
   3.50623867e+00  2.46341401e+00]
 [-4.01336008e+00 -3.68405676e-01 -8.80439228e-01  4.06826550e+00
   4.06184013e+00  1.77973881e+00]
 [ 2.98003846e+00 -1.59894626e+00  2.38457139e+00  2.07692217e+00
  -1.99377074e+00  4.86242023e+00]
 [-7.11723237e-01  4.00267808e+00  7.76072813e-01  1.99187245e+00
  -2.97430699e+00 -4.98900731e+00]
 [ 2.40004705e+00 -4.35463004e+00  2.77349183e+00  4.67993384e+00
  -9.62427816e-01 -1.72781606e+00]
 [-3.87005081e+00  3.34266511e+00 -1.62888543e+00 -2.05797750e+00
  -2.65338991e+00 -4.41926875e+00]
 [-9.98002577e-01  3.06064134e+00 -4.29072744e+00 -3.21847142e+00
   4.01322886e+00 -6.74754336e-01]
 [-1.88149649e+00  3.70543350e+00 -3.16072475e+00  4.90801306e+00
  -1.18999759e-01  1.32166277e+00]
 [-1.71191003e+00 -3.62917987e+00  2.70835386e+00 -1.51608101e+00
   1.86946631e+00  4.14435840e+00]
 [-2.77489322e+00  1.09821904e+00  3.31498232e+00  9.86721200e-02
   3.67912930e+00  3.00798476e+00]
 [-1.10296834e+00 -4.61927363e+00  1.76722733e+00  1.02017791e+00
  -4.05850054e+00  3.82830120e+00]
 [ 4.99050078e+00  1.48537393e+00  3.66704326e+00 -2.46676385e+00
  -1.53972204e+00  1.85836200e+00]
 [-1.35360506e+00 -3.76023143e+00 -1.95617852e+00  4.20364134e+00
  -3.05514720e-01  3.57584060e+00]
 [ 1.56482685e+00 -2.64815916e+00  4.03640589e+00  2.42458846e+00
   4.70443662e+00  7.69727366e-01]
 [-3.79734114e+00 -3.22668021e+00 -1.46794847e+00  2.92154188e+00
   1.27721258e+00 -3.18606822e+00]
 [-2.98769291e+00 -1.83555251e+00  4.26417728e+00  3.26532962e+00
   3.75459849e+00 -1.93525883e+00]
 [ 3.10493738e+00  2.83316717e+00 -3.28237010e+00  4.32935198e+00
   3.31238213e+00 -1.62141177e+00]
 [-1.28649592e+00 -2.93365836e+00  1.99645699e+00 -3.91110374e+00
  -4.60554474e+00  7.47709760e-02]
 [ 4.56261783e+00 -2.17296171e+00  2.08335924e-01  4.04642324e+00
   3.00255152e+00 -1.30167130e+00]
 [-2.73023807e+00  1.63708664e+00 -1.24706306e+00 -4.96400803e+00
   1.76983432e+00  3.28886859e+00]
 [-3.61145302e+00  3.14626415e+00  3.49938696e+00  1.38293870e+00
  -4.71222562e+00 -4.42176327e-01]
 [ 3.62834197e+00 -3.47531056e+00 -2.86803153e+00 -1.19942762e+00
   7.82006904e-01  4.01569052e+00]
 [-3.36299856e+00 -3.10125128e+00  3.10821652e+00  4.60597951e+00
   2.83583661e-01  2.14172283e+00]
 [ 3.41009456e-01 -6.01432118e-01 -1.69302712e-01 -4.83320538e-01
  -8.17252481e-01  1.00796191e+00]
 [ 4.34924445e+00  2.76509642e-01 -1.33895767e+00 -4.19641139e+00
   1.33734121e+00 -2.76676797e-03]
 [ 2.64853963e+00  2.94641170e+00 -4.51368521e+00 -3.55174355e+00
  -1.39758154e+00 -2.77418831e+00]
 [ 1.22108551e+00 -4.18635409e+00  4.59029959e+00  5.71147477e-01
   1.93567838e+00 -4.19664695e+00]
 [ 1.70528125e+00 -3.36595262e+00 -4.15437786e+00  2.27802713e+00
   6.84180363e-02 -9.95051642e-01]
 [ 1.33905161e+00  1.15926612e-01 -3.72685712e+00 -3.37813426e+00
   4.57772065e+00  4.19840937e+00]
 [ 2.90250192e+00  2.52245676e+00 -2.48521746e+00 -3.02176846e+00
  -2.28486843e+00  4.46691086e+00]
 [ 1.88409607e+00 -1.90865758e+00 -3.09489639e+00  3.34127679e+00
   4.28362112e+00  2.52427455e+00]
 [ 8.74129632e-01 -4.65736697e+00 -3.57802443e+00 -2.90198094e+00
  -1.77737832e+00 -3.25932194e+00]
 [-1.59448459e+00 -4.41730873e+00 -9.58312367e-01 -4.81680753e+00
  -1.27817896e+00  2.95285249e+00]
 [-3.55484805e+00 -3.92221874e+00 -4.28353711e+00  4.08362770e-01
  -3.05635180e+00 -2.24745911e+00]
 [-2.31416307e+00 -4.07270484e+00  1.03433491e+00 -2.62821136e+00
  -3.81118620e-01 -4.79937863e+00]
 [ 4.48309899e-02  8.41453494e-01  1.14196570e+00  4.87284061e+00
   9.71544219e-01 -2.33477849e+00]
 [-7.86324332e-01  1.05654305e+00  4.89136693e+00 -2.35321735e+00
  -1.87620860e+00  8.54953911e-01]
 [ 1.48998298e+00 -1.40355071e+00 -2.83662613e+00  1.24995050e+00
   4.33733242e+00 -4.36720052e+00]
 [-3.75626852e-01 -1.68702608e+00 -3.52408609e+00 -4.68208720e+00
   2.80874196e+00 -2.14136238e+00]
 [-4.85877855e+00  1.20367754e+00  2.32457452e+00 -2.84081717e+00
  -3.36298304e+00  2.83855243e+00]
 [-2.13755335e+00  4.64397007e+00  2.25015577e+00  3.69171003e+00
  -5.25950693e-01  3.34682642e+00]
 [ 2.58225502e+00  1.88908731e-01  2.55260765e+00  3.54130220e+00
  -4.32239558e+00 -3.53002787e+00]
 [ 4.51653410e+00  4.40844631e+00 -8.12624325e-01 -9.69026453e-03
   9.50335371e-01 -1.84597980e+00]
 [ 4.15586824e+00 -2.85820201e-01  2.11864151e+00 -1.07952713e+00
   2.97136123e+00  4.75195308e+00]
 [ 7.82439109e-01 -6.90245619e-02  4.71151856e+00  3.91848504e+00
  -1.59764938e+00  6.90733462e-01]
 [-2.00566095e-01  4.79135667e+00 -2.61567780e+00  1.50259598e+00
  -4.02242522e+00 -4.90615240e-01]
 [-4.62614441e+00  2.15988165e+00  3.03154780e+00 -3.96680529e+00
   2.11699398e+00 -1.50356141e+00]
 [ 3.92276116e+00 -1.45888876e+00  4.31180877e-01  2.21227838e-01
  -8.42121259e-01 -4.69539407e+00]
 [ 2.17860099e+00 -4.03213946e+00  4.39413962e+00  2.91770707e-01
  -3.58292834e+00 -8.43007924e-01]
 [ 4.67739248e+00  5.26988215e-01  3.33551579e+00 -8.86958581e-01
   3.38792664e+00 -2.72330108e+00]
 [-2.15910216e+00 -1.09855023e+00  1.79746945e+00 -1.42065042e+00
   4.40801038e+00 -4.56043778e+00]
 [ 2.76332859e+00  1.77058600e+00  1.57405347e+00 -4.51916014e+00
  -2.51666334e+00 -3.03249308e+00]
 [-4.41947748e+00 -2.73841395e+00  3.17951047e-01 -2.58973678e+00
   3.82685217e+00 -1.65234384e-01]
 [ 1.53044795e-01 -4.98870156e-01 -4.75864433e+00 -4.52758791e+00
  -2.43026675e+00  1.17971851e+00]
 [ 1.04903080e+00  6.27405745e-01 -5.54198018e-01 -7.12497740e-01
   4.91837817e+00  2.02149672e-01]
 [ 4.04938046e-01  1.41091332e+00 -3.86022409e+00  1.60944665e+00
  -6.93309970e-01 -4.01600635e+00]
 [-2.61668094e+00  4.90808337e+00 -4.04531346e+00 -1.54897427e+00
  -1.44294139e-01  2.67958527e+00]
 [-4.20398798e+00  4.32315083e+00 -3.82060909e-02  8.42812628e-01
   2.48361265e+00  4.37833439e-01]]
