[[1.00000000e+000 4.90874408e-029 2.02682927e-033 2.68754365e-060
  8.77969660e-015 4.33828513e-062 4.64018837e-043 1.92246329e-018
  7.56366771e-015 1.54973016e-030 3.73344050e-033 1.03508273e-015
  3.51652059e-019 7.03006729e-024 4.00138057e-019 4.42311366e-031
  1.71341365e-036 1.28444702e-025 1.83161460e-015 1.58965622e-039
  1.00000000e+000]
 [4.90874408e-029 1.00000000e+000 5.97864930e-057 1.76366606e-064
  2.22012838e-052 5.61953962e-060 1.22573845e-052 1.33920369e-031
  1.56173236e-032 2.11594099e-069 3.01150928e-050 1.26929235e-022
  2.55356063e-038 1.92333210e-044 4.31560982e-060 7.39283304e-042
  1.97233461e-059 2.88236112e-054 1.06646710e-044 1.65453340e-054
  1.00000000e+000]
 [2.02682927e-033 5.97864930e-057 1.00000000e+000 1.92698896e-092
  2.06157987e-069 1.22402670e-030 3.80677036e-060 1.28475592e-018
  3.69530025e-057 1.10102297e-018 3.88587963e-034 1.25494066e-083
  5.40921982e-042 4.04889720e-031 1.57010684e-023 4.85400317e-099
  1.90457531e-027 4.47314542e-021 8.27842619e-018 3.92193847e-083
  1.00000000e+000]
 [2.68754365e-060 1.76366606e-064 1.92698896e-092 1.00000000e+000
  6.01621148e-054 5.21076698e-124 4.24249502e-022 3.09831775e-059
  2.48318946e-045 4.47907539e-129 7.51441886e-062 3.37134770e-067
  1.05857960e-023 1.11348492e-104 1.62719026e-055 1.24006033e-036
  1.84052452e-036 6.71544486e-134 4.56669678e-077 1.31505240e-012
  1.00000000e+000]
 [8.77969660e-015 2.22012838e-052 2.06157987e-069 6.01621148e-054
  1.00000000e+000 5.91670555e-080 3.36949283e-031 5.49670721e-043
  1.16627438e-010 4.80906220e-059 7.30524631e-029 3.76377214e-024
  4.17109265e-025 6.75620863e-055 2.29186748e-028 8.27570580e-013
  1.35152567e-045 5.03482215e-053 5.08835429e-043 2.89306159e-026
  1.00000000e+000]
 [4.33828513e-062 5.61953962e-060 1.22402670e-030 5.21076698e-124
  5.91670555e-080 1.00000000e+000 6.51759089e-066 1.07193979e-051
  3.88772945e-063 5.00998935e-047 1.61385838e-020 1.03287107e-105
  9.12056633e-075 5.46552273e-047 7.40092282e-049 1.05526938e-105
  1.97792061e-056 1.90226085e-032 3.84784917e-063 1.12426291e-103
  1.00000000e+000]
 [4.64018837e-043 1.22573845e-052 3.80677036e-060 4.24249502e-022
  3.36949283e-031 6.51759089e-066 1.00000000e+000 9.35609895e-033
  3.39498591e-030 1.68790872e-077 1.46807913e-018 1.40762822e-062
  5.62157248e-015 8.11998861e-090 2.05011150e-034 3.12615938e-025
  5.41022348e-020 1.14099468e-079 4.85064765e-048 1.09365622e-012
  1.00000000e+000]
 [1.92246329e-018 1.33920369e-031 1.28475592e-018 3.09831775e-059
  5.49670721e-043 1.07193979e-051 9.35609895e-033 1.00000000e+000
  2.55869433e-042 8.90009816e-031 1.19455085e-031 4.16839154e-045
  9.59000744e-013 8.28835212e-051 7.44719508e-022 3.28195535e-052
  2.62832588e-028 2.33357027e-031 1.06534957e-006 3.19256217e-041
  1.00000000e+000]
 [7.56366771e-015 1.56173236e-032 3.69530025e-057 2.48318946e-045
  1.16627438e-010 3.88772945e-063 3.39498591e-030 2.55869433e-042
  1.00000000e+000 8.12126329e-052 2.66299401e-026 1.76108624e-021
  2.99154206e-030 1.33771096e-036 3.35960742e-036 3.98351893e-016
  1.28370950e-030 4.34901098e-047 1.25847931e-041 2.37937928e-034
  1.00000000e+000]
 [1.54973016e-030 2.11594099e-069 1.10102297e-018 4.47907539e-129
  4.80906220e-059 5.00998935e-047 1.68790872e-077 8.90009816e-031
  8.12126329e-052 1.00000000e+000 1.53690654e-044 8.00517067e-074
  1.90752601e-061 5.62349492e-040 6.81798004e-044 6.49961626e-093
  1.43793304e-042 2.94864155e-006 3.42076935e-015 4.57067477e-106
  1.00000000e+000]
 [3.73344050e-033 3.01150928e-050 3.88587963e-034 7.51441886e-062
  7.30524631e-029 1.61385838e-020 1.46807913e-018 1.19455085e-031
  2.66299401e-026 1.53690654e-044 1.00000000e+000 1.52143908e-066
  3.10240286e-030 4.66806361e-051 9.83100800e-021 3.97838734e-045
  2.32126472e-025 9.98880241e-038 6.22487134e-042 5.36597683e-041
  1.00000000e+000]
 [1.03508273e-015 1.26929235e-022 1.25494066e-083 3.37134770e-067
  3.76377214e-024 1.03287107e-105 1.40762822e-062 4.16839154e-045
  1.76108624e-021 8.00517067e-074 1.52143908e-066 1.00000000e+000
  3.09349495e-037 1.14359273e-050 7.22099749e-059 1.03540808e-020
  2.02297299e-073 4.99365506e-062 6.12885162e-046 5.36783687e-046
  1.00000000e+000]
 [3.51652059e-019 2.55356063e-038 5.40921982e-042 1.05857960e-023
  4.17109265e-025 9.12056633e-075 5.62157248e-015 9.59000744e-013
  2.99154206e-030 1.90752601e-061 3.10240286e-030 3.09349495e-037
  1.00000000e+000 3.45719828e-063 8.79984342e-017 6.12512776e-027
  2.27543040e-025 9.05371352e-062 8.75356064e-024 4.57625994e-010
  1.00000000e+000]
 [7.03006729e-024 1.92333210e-044 4.04889720e-031 1.11348492e-104
  6.75620863e-055 5.46552273e-047 8.11998861e-090 8.28835212e-051
  1.33771096e-036 5.62349492e-040 4.66806361e-051 1.14359273e-050
  3.45719828e-063 1.00000000e+000 2.51801214e-037 2.25505710e-086
  1.58668977e-058 9.77746750e-028 7.08609804e-046 1.22925949e-094
  1.00000000e+000]
 [4.00138057e-019 4.31560982e-060 1.57010684e-023 1.62719026e-055
  2.29186748e-028 7.40092282e-049 2.05011150e-034 7.44719508e-022
  3.35960742e-036 6.81798004e-044 9.83100800e-021 7.22099749e-059
  8.79984342e-017 2.51801214e-037 1.00000000e+000 3.02223244e-056
  1.08849944e-029 2.64898141e-040 1.34357162e-027 2.07463577e-035
  1.00000000e+000]
 [4.42311366e-031 7.39283304e-042 4.85400317e-099 1.24006033e-036
  8.27570580e-013 1.05526938e-105 3.12615938e-025 3.28195535e-052
  3.98351893e-016 6.49961626e-093 3.97838734e-045 1.03540808e-020
  6.12512776e-027 2.25505710e-086 3.02223244e-056 1.00000000e+000
  1.49373154e-054 5.23990070e-087 2.65545509e-060 3.04162156e-017
  1.00000000e+000]
 [1.71341365e-036 1.97233461e-059 1.90457531e-027 1.84052452e-036
  1.35152567e-045 1.97792061e-056 5.41022348e-020 2.62832588e-028
  1.28370950e-030 1.43793304e-042 2.32126472e-025 2.02297299e-073
  2.27543040e-025 1.58668977e-058 1.08849944e-029 1.49373154e-054
  1.00000000e+000 4.57574991e-055 6.72726046e-029 1.04086016e-041
  1.00000000e+000]
 [1.28444702e-025 2.88236112e-054 4.47314542e-021 6.71544486e-134
  5.03482215e-053 1.90226085e-032 1.14099468e-079 2.33357027e-031
  4.34901098e-047 2.94864155e-006 9.98880241e-038 4.99365506e-062
  9.05371352e-062 9.77746750e-028 2.64898141e-040 5.23990070e-087
  4.57574991e-055 1.00000000e+000 9.16849053e-022 1.17192878e-103
  1.00000000e+000]
 [1.83161460e-015 1.06646710e-044 8.27842619e-018 4.56669678e-077
  5.08835429e-043 3.84784917e-063 4.85064765e-048 1.06534957e-006
  1.25847931e-041 3.42076935e-015 6.22487134e-042 6.12885162e-046
  8.75356064e-024 7.08609804e-046 1.34357162e-027 2.65545509e-060
  6.72726046e-029 9.16849053e-022 1.00000000e+000 5.09419670e-059
  1.00000000e+000]
 [1.58965622e-039 1.65453340e-054 3.92193847e-083 1.31505240e-012
  2.89306159e-026 1.12426291e-103 1.09365622e-012 3.19256217e-041
  2.37937928e-034 4.57067477e-106 5.36597683e-041 5.36783687e-046
  4.57625994e-010 1.22925949e-094 2.07463577e-035 3.04162156e-017
  1.04086016e-041 1.17192878e-103 5.09419670e-059 1.00000000e+000
  1.00000000e+000]
 [1.00000000e+000 1.00000000e+000 1.00000000e+000 1.00000000e+000
  1.00000000e+000 1.00000000e+000 1.00000000e+000 1.00000000e+000
  1.00000000e+000 1.00000000e+000 1.00000000e+000 1.00000000e+000
  1.00000000e+000 1.00000000e+000 1.00000000e+000 1.00000000e+000
  1.00000000e+000 1.00000000e+000 1.00000000e+000 1.00000000e+000
  0.00000000e+000]]
