[[ 5.75509000e-01  1.40816649e+00  1.59719799e+00 -6.38858008e-01
  -1.17352701e+00  4.16871136e+00]
 [ 2.47707309e+00  4.14008301e+00  1.83896681e+00 -3.72678819e+00
  -6.72339596e-01 -2.48408369e+00]
 [-2.33272583e+00  4.95193643e+00 -3.00932695e+00  3.95405361e+00
   1.39918917e+00  1.86026546e+00]
 [-3.45968552e+00 -4.72359147e+00 -1.89616342e+00 -3.23740618e+00
  -4.98928046e+00 -2.88601943e+00]
 [ 2.19990695e+00 -3.91983572e+00  1.46253609e+00 -1.42185639e+00
  -3.87436682e-01  4.47020769e+00]
 [ 4.24588573e+00  3.33736960e+00 -4.30889581e+00  4.28749815e+00
   4.73631863e+00 -1.31053148e+00]
 [-1.63600166e+00 -4.46172439e+00 -2.66395115e+00 -2.13919221e+00
   1.47114488e+00 -1.37451166e+00]
 [-2.77771496e+00  3.25509051e+00 -1.82605191e+00 -2.09437376e+00
   1.66714873e+00  2.11175235e+00]
 [ 2.08484234e+00 -2.45263041e+00  3.02739073e+00  5.01464468e-01
  -1.03212549e+00  7.09549714e-01]
 [-1.65848883e+00  3.99750887e+00  1.73152588e+00  4.24928649e+00
   4.55850701e+00  4.58801678e+00]
 [ 2.11547099e+00 -1.87942130e+00 -3.32298811e+00  1.61708694e+00
   3.07859275e+00  4.12354069e-01]
 [ 2.45108172e+00  9.83835667e-01  4.91983793e+00 -4.61038061e+00
  -2.51826191e+00  2.69046055e+00]
 [-2.42352491e+00 -9.00326824e-01 -2.35128530e+00 -3.35656418e+00
  -1.22457922e+00  1.89071981e+00]
 [ 3.43571397e+00  4.82522709e+00  9.56773071e-01  4.51011805e+00
  -3.10129747e+00  2.49050612e+00]
 [-2.67878243e-01 -4.04797086e-03 -4.42314306e+00  1.18085898e+00
  -1.28426339e+00  4.46651457e+00]
 [ 1.48547762e+00 -4.80033261e+00  2.75764990e+00 -4.90974511e+00
  -5.93179659e-01  9.13582849e-01]
 [-4.27629307e+00 -1.65020580e+00 -1.03295942e+00  2.93309747e+00
   4.80067069e-01 -1.03224854e+00]
 [ 1.57290976e+00  4.84587649e+00  1.04113676e+00  3.27373163e+00
   4.19112081e+00  4.49218122e+00]
 [-3.77935700e+00  3.40508003e+00  6.00149695e-01 -2.10367046e-01
   1.94630240e+00  3.90411438e+00]
 [-1.14388819e+00 -4.67316412e+00 -2.49171302e+00 -4.93701294e+00
  -2.45363428e+00  6.23801134e-01]]
