[[ 1.10403556  3.47530598  0.63657922  2.65845578 -0.08030173 -2.1155645 ]
 [-0.81849315  1.41136311 -0.56559329 -2.39556801 -4.74977053  2.85216399]
 [ 0.78378853 -3.89254503  3.70411516 -4.35243131  3.73792063  4.96962213]
 [ 1.53918309 -4.53264681 -1.45730814  0.03567961  2.62854393  1.76930957]
 [ 2.89865756 -3.93989632 -1.06180958  3.27546641 -0.7378989   1.92596427]
 [ 1.13327329  3.23205044 -4.82423251  1.61155399  2.13327759  3.96931829]
 [ 0.15495801 -3.65678179  2.04590296  4.34697883  1.26134308 -3.48004171]
 [ 1.25733326 -0.7563314   4.08399213 -4.72350777  1.35727185 -4.19508559]
 [-2.75630759 -3.27958946 -1.3895357   4.84723359  3.61746514  2.90009678]
 [-0.94748305 -1.8789883   3.67579477  4.51516712  0.26668987 -4.48672104]
 [-0.48045821 -0.71073932 -0.87488211  3.22154794 -0.98543447  0.41588959]
 [ 1.1292508  -0.62324773  1.90963065  4.64640704 -1.05883331  3.00033248]
 [-0.70266917  2.10172197  0.33072485  2.23296262 -3.83487617 -3.696009  ]
 [-1.50338161 -3.9929629   4.96988235  3.51965001  3.91755907 -3.65484389]
 [-2.51253757 -3.62358816  4.82169285  1.82987629  1.45562221 -4.84048163]
 [-2.86540905 -3.46877156 -0.58573904  0.20808368  0.39590012 -2.93571519]
 [ 4.86882448 -3.25059922 -4.57018361 -3.87603658 -2.56039095 -4.94904507]
 [ 1.3794064  -1.64407731  2.73670572  1.32916353 -4.78628652 -0.31043625]
 [ 3.00693173 -0.45291117  4.90681634  3.88198122 -2.06333144 -0.52155427]
 [ 0.20200683 -1.48398671 -0.84797315  1.04918807 -4.02661858  0.15560012]]
