[[-4.37827363 -3.23066699 -4.95881819 -1.31433459 -3.25804458 -1.50310811]
 [-3.41895089  2.04029421 -2.24649413 -4.83521272  0.17835183 -1.12925334]
 [-2.27415855  1.7450178  -4.18518646 -3.20910175  4.25069419  0.83719308]
 [-3.38066058  4.64238571  4.56807573  1.91426503 -2.75717006 -1.8420991 ]
 [-3.05326763  0.87762019  3.77638481 -1.76694863  4.22785843  4.67786599]
 [ 4.99158438 -3.4902889  -1.34169454  0.72370675 -0.998207    0.50141269]
 [-2.70489578 -2.11832642  4.20520013 -2.9196128   0.74097182  0.41311665]
 [-3.00544839  1.71126278 -1.3939206   1.66829986  1.58274029 -3.88297336]
 [-3.28763768 -2.74841034  3.63105466 -4.94201283  4.70570026  2.35620036]
 [-3.72222048 -0.00997984  0.52496849 -0.87374282 -0.29976159 -1.28828915]
 [-4.66244644 -1.11779864 -2.95644984 -2.36044602 -0.60299513  3.39952683]
 [ 2.14372451 -0.25802024 -2.21351682 -0.57142444 -4.06575679 -4.90409658]
 [ 0.60767088  1.30786403 -3.05311753 -4.07439789  4.73927602  4.54726379]
 [-4.45664319 -3.96709295 -4.57905791  2.38183522  4.9667395  -4.49336501]
 [-1.75111344  4.88851815 -4.45703484 -1.86662952 -1.92274896  0.16911866]
 [ 3.10453951  3.03273015 -1.33278515  3.68401259  0.43508627  3.99775049]
 [-0.60655217  0.56066726  4.88544154 -4.6513743   1.95139355  3.14175532]
 [ 3.28389229 -1.84009499  3.51826814  0.33318569  4.71626994  4.46421031]
 [-0.33481821  0.02951632  2.65841422  1.22175468 -0.45841813 -3.10458321]
 [ 4.56874685 -4.84692877  2.06443434  1.61211653 -0.53881696 -1.09194623]]
