[[-2.46189426  1.91031383 -2.48879338  0.76813505 -2.38211468  0.63731741]
 [ 1.80696703  0.21188585 -2.69505745 -0.45452299 -0.17626218  4.36224703]
 [ 3.20115196 -2.15305997 -0.72406023  2.57064791  4.47925956 -3.88242334]
 [-0.39236927 -4.55803798 -4.75984356 -1.93695248  2.29829607 -1.83697884]
 [-3.58708791  2.91973395 -2.39463764 -4.30103872 -3.46482381  4.0102243 ]
 [-1.09461056 -4.21014607  2.85238349 -3.35687304 -1.07795851 -0.10147113]
 [ 0.27808085  0.91110658 -3.44892413  0.11723603 -3.21929272  2.73757234]
 [-2.31220554 -3.39940674 -3.97151381  2.95586864  4.998029   -0.86981869]
 [-4.71298288  2.10553389  4.65202686  3.90016802 -2.95963727 -4.76674135]
 [ 3.34966755  4.77599275 -0.18173741 -2.4674565   0.33996483  3.68828278]
 [ 1.05020765  1.78516095 -4.3406519  -4.30817936  2.74237861 -4.84847864]
 [-4.7608315  -1.60407466 -4.77771984  3.1848453  -2.55630562 -3.35731197]
 [ 4.86896998  4.15071765 -1.17955275  2.27340769  1.87865735 -3.0506428 ]
 [ 0.43043763  3.29742235  4.55415596  3.765748    2.49403268  0.1531633 ]
 [ 4.09365834 -1.45785426  3.1056042  -2.45584554  1.09503123  0.81042543]
 [-2.29351386 -4.26955554  4.37738934  1.83748785 -0.55749832  0.17101408]
 [ 1.02201152 -0.19988652 -4.12584567  4.08513086  3.67767746  0.05312264]
 [ 1.18579173  0.5556665   1.57528112 -1.18956818 -3.04586521 -2.69697523]
 [ 2.49775573 -3.90666553  4.99366093 -0.99858455  3.71901236 -4.67352654]
 [-1.87284597  3.25081498  4.23213628 -0.93449331  1.40484106  2.08457392]]
