3.946329 -1.234317 -0.950149 -3.790719 1.222539 -0.066556 3.973921 4.865682 -4.072661 1.385510
3.843510 -0.664075 1.710330 2.244060 -2.304259 1.388662 4.530745 -0.174001 -3.037691 3.217018
-1.337189 4.893159 -0.697435 -1.554674 -4.062329 -3.270073 -3.995590 2.044286 3.137978 0.701739
-1.193844 4.821617 1.856121 2.866232 1.842753 -0.473720 -2.076612 -0.488195 -4.470491 1.047394
2.464781 -4.749393 4.599231 -4.892323 0.910924 0.116976 2.177763 -1.468723 -1.782192 2.332134
-3.437575 -2.660188 -4.110730 -1.857691 2.175998 4.215387 4.288614 -4.526812 -3.806119 -0.619826
-2.215558 -4.948165 2.899416 -4.689348 1.038618 4.580861 -2.484326 4.364264 0.740118 3.269231
3.076922 3.525872 4.262101 -0.557755 -4.302762 -4.217342 -1.583584 0.790827 2.951037 -3.937863
-4.403241 -3.552249 -2.114799 4.521887 1.803690 3.404652 0.238247 4.897778 4.660426 -0.740062
-0.196827 -1.081344 2.010981 4.819229 -2.828837 0.301040 3.949493 2.627895 0.708174 -3.571546
0.199228 0.807369 -0.181719 1.099480 4.776027 3.501081 -4.862082 2.733045 3.601175 -4.123525
4.393592 0.362461 2.675043 1.640585 -2.149138 -3.814662 -0.076047 -4.354754 1.356486 -0.500718
-0.883827 1.474452 -4.362508 -0.553081 -3.226149 -0.487591 3.286029 -2.681077 -2.077540 4.340402
1.361967 2.721443 2.419065 0.009011 -2.651962 3.700002 2.549064 -2.001777 0.222488 4.533301
1.114223 1.856446 -0.889129 3.808733 -3.409554 2.376110 -4.870008 4.697913 -4.650459 3.163451
2.164084 -2.392106 3.094843 3.228418 -3.504265 -2.293463 4.513029 1.779957 -2.786671 0.633791
-4.446300 1.776983 -1.856707 0.807725 -0.643010 -3.180603 -1.214563 0.012081 0.231578 3.993638
3.711004 0.578957 0.923772 4.696521 -4.023269 0.905587 -0.462916 -4.608942 -0.924370 -1.351229
0.481632 -2.424891 -1.431835 -0.066112 1.814414 0.711324 -2.606889 1.444052 4.945869 -2.847799
-1.206075 -3.820118 -1.741140 3.627481 -4.601690 -3.308576 0.434658 -2.864395 -0.373656 -0.602868
4.634041 2.912533 0.085518 3.132652 -3.199010 4.201661 -0.280040 -4.167438 2.618982 1.568046
-2.905129 2.432012 -3.131560 -4.225136 3.999120 0.272728 -0.869935 4.642013 -4.347860 -0.669898
4.206927 -0.108083 -0.963735 -4.055974 -4.032733 3.690027 3.090986 4.699414 -3.548960 0.206363
4.675729 -0.104771 3.605616 -4.574205 3.487464 1.387715 2.206843 -2.162513 4.140822 0.828457
-4.197255 1.838102 3.475167 -3.643260 -3.564046 -1.019940 2.396670 -3.481037 3.205601 4.461849
-4.200841 1.479703 -4.816675 -3.647223 3.802591 0.024500 3.638417 -2.440801 3.378145 -4.469330
3.386127 2.948601 3.588167 -0.408582 4.449557 -0.783976 2.477836 -1.265500 2.987597 1.747810
-1.168378 -0.855101 3.267750 -4.958375 -2.253808 4.973344 -1.414812 3.445654 -0.737302 -4.904930
-1.185420 -3.625626 4.268075 0.019057 1.485039 -0.989591 -0.078047 -2.367193 4.952268 0.157044
4.800271 -1.378327 3.348489 2.997486 2.772471 -2.971744 0.726073 0.781608 2.496010 -3.278188
