-3.035457 -2.697343 4.245321 -3.330699 -4.335618 2.841260 2.642809 -3.880171 -4.042012 -0.494395
3.625536 -1.033873 -1.062260 2.923468 -4.168896 -2.555917 -2.693939 -0.082786 -1.972424 -1.722141
-2.428159 1.920297 4.963223 0.653290 4.551295 4.514587 -3.648118 -4.846313 -4.308201 -4.154489
4.435055 3.191547 -1.666846 -3.268530 2.376815 -4.286459 4.631383 -1.588701 4.198070 -3.385117
1.913454 1.998926 -3.561893 2.459332 3.293269 -0.440841 -0.721922 -2.669247 0.009797 0.514024
-3.822581 -0.202907 -0.611341 3.203480 1.044830 3.925107 1.445519 2.390243 2.375480 -2.957985
-4.529767 0.410988 -2.322177 -0.307016 -2.993995 4.377100 3.901835 0.000150 4.872643 -2.308630
0.269925 4.859226 -4.389953 -3.205790 2.603558 -0.538862 0.590494 0.004706 0.816733 -4.253097
-0.774354 -1.927420 -1.844738 -4.160694 -2.829257 3.317635 -3.337146 4.190327 -2.830443 -0.172701
-1.318789 -1.412975 4.248564 -1.985875 -2.459705 -1.886209 -4.028049 -1.580936 -2.823035 0.044052
-2.260055 -3.252302 -2.585742 1.968903 4.072737 -1.680319 -3.473192 4.757786 -3.800391 4.524502
3.790199 -0.576367 -3.875287 0.798903 -3.414260 3.335031 3.778926 0.870157 -3.983186 2.559265
-2.249202 4.012424 4.342734 -2.972582 1.772133 -3.053526 1.263020 1.488979 4.407168 1.117676
1.161912 -2.061154 4.295538 1.866605 -2.356323 4.679270 2.213691 1.757907 2.852661 0.563990
2.871665 4.450154 1.226503 -4.584063 1.502915 1.744201 0.687148 4.276785 -0.281382 0.477363
3.004664 3.037518 -3.560425 0.908558 4.433836 4.255439 -4.690547 -4.396973 -0.066213 1.562698
2.881265 0.350972 -3.293627 -0.391137 -0.878397 0.245689 -3.769572 -0.312473 -0.273969 -2.486412
-1.083801 -3.889910 3.642717 -3.576788 -3.077255 -2.490049 0.422995 3.790352 -3.693997 -2.139365
0.231983 -3.704602 3.259224 1.631778 2.842677 0.564783 -4.790424 -3.294406 3.835191 4.519909
-2.037372 1.409332 -4.252966 3.574409 0.886282 4.181777 1.289325 1.375205 4.492455 -4.075386
4.299251 1.575152 4.150563 -1.280625 1.791835 -2.821002 -3.225136 2.386569 -1.599657 -0.410357
-2.853626 -0.082953 -4.595861 2.405836 2.368917 -2.860447 -2.874619 -2.857246 -1.926802 -1.901110
-3.584100 3.049098 -1.510176 -4.209092 0.830554 -0.995642 -1.543810 2.352872 2.554575 3.863606
3.343323 0.910247 -1.911672 -2.323831 4.187887 -1.880019 -1.214132 1.549016 -1.378234 1.469748
-1.977349 2.288654 1.300864 -2.710897 -3.221373 2.049061 -2.815545 4.974178 4.109431 -4.833793
-3.879790 1.301246 -1.623300 -0.975276 4.862875 1.083357 2.556482 -2.461736 -2.373559 -0.412256
1.803761 2.128748 -2.020953 3.755594 -0.056808 0.100433 -0.251156 4.215515 2.361864 -2.244667
-4.150043 -4.081150 -4.142216 -4.562700 -0.975629 -3.008186 1.104164 0.464290 -4.512228 3.059935
-3.320700 2.208586 -4.545835 4.735049 -3.554951 -3.569387 -4.153659 -4.178580 -4.389515 -1.462830
-0.784018 -1.345221 2.693271 -1.740673 -4.587723 3.832698 0.306798 2.678397 -1.879525 -4.552819
-2.306322 -3.157634 3.996507 4.607394 3.060534 2.032798 1.814072 -2.864401 3.850735 3.762234
2.814698 1.946395 0.804685 -2.034970 1.301923 -2.764975 3.976494 -4.584188 2.244170 -2.378938
-2.540435 -2.688593 -2.527176 -2.929825 -3.810937 -1.826157 0.087328 3.293545 -3.181687 1.696207
0.515508 2.770961 3.773959 -0.300157 -4.341020 2.735916 -2.702265 1.941212 -1.965006 4.495126
3.542630 -0.834151 1.356001 4.825790 3.602145 2.338639 3.663873 3.715263 -3.181435 0.082648
-1.733610 1.898320 -2.340534 2.484924 -0.678360 4.954659 4.634235 1.794820 2.350800 1.829007
-2.267768 2.139278 4.603947 -3.044686 -1.064335 1.325472 -2.585271 3.734616 1.728396 2.159573
-1.180049 -1.176809 3.398696 2.124625 -0.160114 -0.833826 -2.691559 4.778402 1.751550 1.606324
3.860701 4.949205 4.611620 3.016774 -0.233549 4.836949 4.265853 -0.146018 2.122758 -1.905529
1.126822 -0.908706 0.060884 -2.882669 -0.380225 2.674774 -4.981614 1.403114 3.540474 -2.226622
