0.533177 -3.534573 -0.785978 1.178927 1.776667 -0.517575 -1.840201 -1.454520 2.221374 0.792753
-4.751740 0.141496 1.978206 0.753022 -1.599962 1.260003 3.749793 0.109630 4.771548 2.440042
-2.202071 1.484742 -1.569072 -0.868079 -3.624255 0.183310 1.430107 -0.253088 -0.039248 3.120283
-2.394351 -1.103270 2.415138 -4.976042 -2.182133 4.097173 1.426707 3.114394 -0.825991 2.442228
1.426872 4.220048 4.311615 1.447898 -0.755388 -3.080522 -4.349563 -0.874086 1.547425 0.382214
-0.825816 3.654714 1.234845 2.649726 2.149081 -2.349880 -0.578407 -3.650251 -4.834984 -2.797089
3.497890 2.300668 0.158048 -4.855859 0.153423 -1.495082 -2.617383 -2.391428 -4.116674 -3.867767
3.138376 1.468209 3.189233 -3.469181 1.928971 2.417796 4.716773 2.570129 0.059249 -2.025238
1.902435 1.828224 2.085421 2.557093 -0.908346 4.388188 -1.467526 -3.255423 -2.060637 -1.821508
0.798965 -2.910818 3.625372 2.011274 2.778937 4.030022 -1.271666 -3.292629 0.062307 -3.166607
2.197408 -4.736444 3.160113 4.433830 3.872027 0.927008 1.358258 -2.958454 -1.055965 2.456564
-2.468282 4.740139 0.216050 -4.599343 -1.051636 2.665357 0.283047 1.589612 0.684316 -1.702054
3.438169 -1.245227 -0.228891 -4.280099 -3.438301 0.352461 -3.695096 -0.876602 -3.521765 -2.170579
-3.300771 -0.405102 3.166304 -3.493876 -3.607086 -4.793683 4.439508 -2.260369 4.059880 2.671806
3.300950 -0.634207 4.483089 4.561252 -2.409111 -4.900337 -1.664281 0.210985 -0.590288 2.447717
2.738337 -4.782043 -4.272848 2.140584 -2.020755 4.365452 -1.515536 -4.973754 1.573499 0.218977
-4.232291 0.871049 4.862258 0.959470 -2.998024 -0.081879 -3.750541 -2.338581 3.753030 4.103044
-3.182146 4.709931 -1.945746 -3.650712 3.266942 -3.137172 -0.586844 1.621589 -4.332815 -2.229676
0.187008 4.699725 -3.305154 -3.553566 3.246549 -4.285277 3.071627 -0.500538 -3.574248 -2.983354
3.183811 -3.899005 2.294415 -0.607294 -3.958664 -3.103520 0.313761 2.845537 -2.092051 4.533845
-0.533033 -1.077406 1.665771 -4.259795 2.624460 -3.718278 -0.927554 4.174843 -1.787818 2.355508
4.234116 -2.272139 -2.851883 2.138371 -1.590378 0.629679 0.200820 -2.746449 -0.261041 1.694315
2.270880 -1.482215 -4.352098 2.322625 -1.402449 -4.328333 1.683264 -4.134811 -2.177797 3.138618
-4.896449 -1.607482 -3.364378 -3.215218 4.313171 -3.759355 -4.395936 -3.546324 1.882016 0.023958
0.093210 -1.615988 0.845606 -1.628447 -3.131222 0.530504 -0.052139 -2.109998 0.324460 -0.965886
4.176058 0.171954 0.290269 2.587452 1.931459 -3.395371 2.668750 4.282568 0.983468 -0.380127
3.210313 -2.700886 -0.354381 1.048581 3.882486 0.133498 -0.507462 3.524085 4.545639 0.306555
4.446583 3.500194 1.480846 -2.473980 3.787757 0.883282 3.375627 -3.692910 0.645224 -3.140982
-0.016155 4.630781 1.247905 4.742014 3.475051 -4.744982 1.143829 -1.399054 2.759620 -0.924002
-0.747060 -4.403219 1.312022 -3.554778 1.288242 2.601801 -3.177869 1.253982 -4.358357 1.500054
-4.121736 -4.832792 0.804497 1.877887 3.193618 0.072953 -4.831186 -1.092894 1.339517 4.655669
3.644705 -3.975970 4.957683 2.959624 3.852419 -3.884727 -3.784909 4.099410 2.286665 4.035888
-2.867887 4.377551 4.637123 2.310937 4.773583 4.544621 -0.568202 2.205529 -3.984838 -2.494589
-4.639533 4.160894 3.654953 2.718744 -4.204220 4.699864 4.486193 1.833516 -1.246459 -0.306821
-4.963783 -0.269699 -3.748728 0.532264 -3.078121 -0.010277 1.581662 -0.277156 4.073001 -3.139975
1.602799 -0.623237 -3.843847 -3.257687 0.782607 3.537343 -1.248667 1.215635 4.418232 -2.329620
-4.083059 1.800921 3.569648 -1.240735 -4.035645 -0.091532 4.362104 -2.902020 -1.942671 3.534213
-4.114158 -3.641925 1.973180 3.091952 4.890917 -1.677101 -3.013253 -3.064679 -1.122054 4.389950
-4.720802 -1.761459 -1.357772 -2.502924 0.453538 -1.264425 4.464459 1.464148 4.919897 2.817639
2.833667 -1.399158 -2.235717 -2.150589 -4.121364 -2.501266 4.566241 -0.146595 -2.080351 2.714899
0.116507 -2.132275 0.098066 0.625239 4.249209 4.178424 2.536249 -2.677899 -0.111009 -4.444700
-0.992073 0.573855 3.540321 -2.751219 1.090335 0.246756 3.877883 -3.843975 -3.248943 0.684387
-3.564306 4.883414 -1.812271 4.050730 -3.481125 2.730755 -4.018070 -3.103378 -2.262900 2.031482
-4.003166 -1.757468 0.621012 1.522356 3.708670 2.949217 -3.093645 4.772239 3.590398 -3.655117
1.565014 1.342379 4.159698 3.538929 2.778425 -1.862657 0.527838 4.381749 3.991050 4.346008
4.069010 4.274053 -3.364130 3.739621 0.556525 -3.606944 4.696815 -1.067690 1.117429 -0.370235
-1.788938 -0.559492 -4.611704 -0.562662 -0.215007 0.909995 -0.607671 -0.500994 1.993235 1.851135
-3.807175 -2.249504 1.402561 4.694101 4.764725 -1.776980 1.483662 2.210923 2.946795 1.858919
3.311154 0.694246 1.842829 -3.543110 -3.053264 0.676390 -0.303275 3.761567 0.467871 -4.543169
-2.418500 2.170214 -3.280282 2.597615 3.404826 1.865749 1.393015 -2.374115 -0.070252 -0.249070
-0.489104 0.713250 0.007891 -3.810741 3.122935 -4.954360 3.443741 4.781663 -2.092246 1.165497
-2.010542 -0.533700 -0.976231 1.925847 -0.728251 -4.403523 -0.614809 -4.496115 4.779951 -2.193703
4.562515 0.434346 -4.253019 -1.413465 -0.255656 -2.496860 2.160028 2.327772 -0.004049 -4.257536
-0.820273 4.901350 3.261294 -3.517281 4.280943 -4.245389 -4.498842 -3.118421 4.904332 3.559939
-1.618846 -2.734667 3.618271 -4.930174 -4.455657 2.481297 -1.891930 3.756076 3.876837 -3.533319
-4.509974 -1.716465 0.060702 -4.194076 -4.620013 2.000153 2.771699 1.388121 -3.804357 -0.316370
0.112244 4.265204 -0.781130 2.428657 4.748151 -3.417352 2.428847 -0.743470 1.214115 3.964407
4.599640 -2.314630 -4.891953 3.937258 -0.694983 -3.458500 0.672059 4.738286 1.051514 -1.746149
-3.971290 3.416004 -1.236535 4.679494 -1.187898 -1.689304 -4.707431 0.833327 1.641486 1.900326
-3.072618 0.174250 0.725680 1.701405 -2.650294 3.682965 0.410712 1.759533 -1.150519 0.484936
-4.412270 -4.870844 -4.950964 3.725628 3.280408 0.846696 -1.521650 2.309855 0.787979 3.891542
2.489109 -0.924429 -1.299354 3.773082 -2.409438 -0.023972 2.757574 -1.406275 -1.183580 4.920027
-0.507359 3.848701 1.472689 3.400616 3.575905 3.950120 0.554401 -1.992400 -3.114368 -1.644471
0.811602 -2.725285 -2.966799 -1.270662 0.462111 1.735923 -0.036358 1.384765 -3.871378 2.934628
-1.116093 0.593522 2.250737 1.068378 0.386595 0.177939 -1.970952 -0.596251 4.121460 -4.459531
-2.245491 -4.849779 0.075275 -1.292308 3.205871 -2.928210 -3.195651 -0.141204 0.469693 3.006449
1.966729 0.490160 -1.502828 -0.915578 -4.900890 3.222842 -2.035536 0.154716 -2.057254 -4.123851
-3.397841 4.308690 4.933800 -2.265335 -0.786681 3.760388 -4.712442 0.325879 2.107433 -4.363437
1.139418 3.346895 -3.973905 4.223538 4.519627 -0.532039 -2.115399 2.272940 3.892408 -1.916606
4.084097 1.251868 -0.462246 -1.418739 -3.880236 -4.353557 0.177859 3.853580 -2.156908 2.675689
-4.277568 1.078880 3.108452 0.244480 -3.850449 4.181117 -2.804086 4.206234 -0.588314 -4.579876
3.802248 3.132341 4.122069 3.690882 3.817779 -2.450395 2.281083 -4.491716 4.210318 2.877639
2.473931 -4.582386 -0.733074 2.897758 -2.670840 -2.072430 3.323125 2.303293 4.658862 -4.896188
2.756365 -0.204678 -1.546421 1.857471 2.903694 3.085758 -3.489885 0.273758 2.782749 1.698589
-3.619130 -2.401897 -4.122155 0.788217 1.833837 -3.225103 1.173177 2.998281 -4.363172 -1.933740
-3.138863 -3.973925 -2.261405 2.645893 1.114848 -3.949462 4.534800 3.549238 -4.664459 3.105406
2.281430 0.484570 -4.012976 -3.389741 4.947754 0.212226 -4.212685 -3.347088 2.569042 4.142232
-3.729715 1.271944 -4.045166 -4.606633 3.298084 -4.341960 -0.450183 2.872883 -4.801952 2.631908
-1.590927 3.943092 4.948040 0.276122 -3.745009 -4.704322 -4.974659 1.569870 -2.742678 2.059500
-1.134952 -0.202374 -0.378686 -1.964483 1.650580 -1.248748 -1.344150 1.491386 -4.735205 2.165817
-4.254753 -2.829990 -2.955830 0.553069 -1.743090 -4.290339 -3.783658 0.268938 0.100523 -1.967739
-4.709167 0.788001 2.388387 1.627132 -4.371128 -1.422275 2.916051 2.542342 1.484604 3.688173
-0.647608 1.855600 -0.412930 4.154795 0.195818 4.962485 3.683643 -2.787245 1.123908 4.574203
1.000638 -2.001335 4.688754 2.135462 2.403614 0.809430 0.635845 4.090418 -4.172399 -1.548563
4.415088 2.026705 -4.838513 -1.251760 -2.544814 0.672553 2.015579 4.605208 -2.197222 -1.819610
3.119639 -2.359917 3.823024 3.273424 2.095332 1.093990 -1.831376 -2.863290 0.331202 -1.889853
-0.886964 3.507924 -4.286202 4.129099 -0.672758 2.767301 4.321331 -1.380864 -4.896024 -3.909368
-1.790052 1.193277 2.732092 -3.941309 -2.590933 -2.083549 -2.855179 0.402417 -1.716769 -4.904920
-3.728181 -3.443095 -0.199186 -0.856632 2.365755 2.235926 1.024662 -4.556797 -3.477234 -0.644857
0.648477 -3.561053 -2.773893 2.125324 -1.715515 -4.860438 -3.795346 -1.595780 -2.277275 -4.907924
3.138706 4.154277 0.862362 -0.446875 -4.815320 1.085549 -0.076673 3.173375 -1.926033 4.953604
-2.710532 -1.827943 3.038574 0.253747 -4.755885 3.716777 -3.355049 -1.485655 4.448414 4.031334
2.677354 0.751465 -4.240304 -1.679374 1.820935 -0.888229 3.694541 4.313408 -2.981455 4.817278
-0.038810 -4.640184 3.183796 2.357900 -4.456548 -0.564711 2.188148 1.873839 -1.908841 2.881048
0.534475 -4.832850 4.486324 2.494470 -2.559093 4.363181 -0.321213 2.137128 -2.207374 2.891860
-1.300430 1.966627 -2.012971 3.772991 -4.327345 4.324396 -3.887560 -3.295190 0.727738 -2.401583
2.032556 1.547389 3.353252 4.333542 -4.171283 -3.445748 -1.181136 3.068892 2.379676 -2.357381
0.327996 0.696151 1.363934 -3.364914 -4.541653 -0.049412 3.905674 4.008353 -3.474100 -3.385074
0.596625 0.520751 -3.736933 -3.436864 -1.921994 4.395331 -4.108120 1.709919 -3.488797 1.369273
-2.339630 0.234256 -1.508865 0.634919 -1.730761 0.135301 1.586927 3.778275 1.654162 -1.025424
-0.808308 -0.323704 -1.528780 0.478994 0.498573 2.436561 -0.134549 1.300126 -2.646283 4.590136
2.798129 -2.680029 -0.307367 -2.096256 -2.598801 4.805102 -4.733063 -3.891038 0.184349 -3.032766
-0.480747 4.393877 -2.681625 -1.495664 -3.766791 2.421192 3.600139 3.292168 -3.468264 -3.900408
-3.089576 3.502367 -1.347829 0.751967 2.096824 2.678945 2.869452 -0.484314 -2.396502 -0.040717
-4.967702 -2.800024 3.169948 -3.204048 -2.908402 2.619146 -2.435488 2.899243 -1.685417 -4.731250
-1.579395 0.293297 -4.478853 -3.472657 -0.032720 -4.062010 -3.131106 1.530007 -0.464716 -3.764871
-2.451967 -4.069185 2.206163 -3.693327 3.778144 2.172250 -2.589002 2.627876 3.316661 -2.809897
-3.037916 3.842178 3.582056 -0.956148 -3.038399 -4.064409 3.911914 1.413353 -2.322937 0.564929
0.583318 3.272846 1.529565 3.881691 -1.586239 -4.425043 4.094033 -3.828725 1.517317 -0.759993
2.393045 0.192152 -1.228858 -0.634693 -0.194860 -1.888616 2.900341 0.916837 0.348709 4.794670
2.331299 3.541330 0.840348 -0.021903 3.406587 0.829281 3.275240 -3.507206 -2.698594 1.166755
0.652227 3.637683 1.775890 -4.290954 -4.340977 1.644855 -1.334242 4.544814 3.495559 1.218091
-3.267807 -4.596550 -2.434869 2.882898 -2.729838 3.632875 3.535305 0.427172 -1.270671 -2.281985
1.749297 3.245376 -0.854153 -1.148813 1.876497 -4.646322 -0.870651 1.177502 -2.911543 -0.134071
3.885070 3.302804 -4.356171 -2.861722 -3.708811 -4.963679 0.075910 -4.997428 4.888300 -1.210578
1.618073 2.271384 -4.481803 -3.886077 -0.545933 4.030703 4.904148 4.010651 4.458761 -4.921277
-1.872198 2.817302 -3.010392 4.703007 -0.160441 1.152830 -4.868256 -2.495598 1.021273 0.276919
-3.595044 -4.239960 3.116088 4.154521 1.090899 4.147733 -2.000869 0.845175 3.542627 -1.324707
2.682516 -4.214301 1.618490 0.094784 -4.301229 -3.436839 0.562559 -2.801599 -3.471671 -1.486504
-4.525566 0.917338 2.218519 -1.231109 -4.415990 0.061145 3.628213 3.079849 2.845210 -2.963790
4.656486 -0.945624 -0.908320 3.372958 0.110775 1.003587 -4.791235 -2.071521 2.235298 -1.240937
4.786343 3.098226 2.902081 -1.305417 -1.922054 1.265420 4.816622 3.208580 -3.545154 0.689015
0.112284 1.228461 4.240644 1.587594 -2.797665 -1.086865 0.926230 1.293157 -2.339633 4.375483
-1.569832 3.086873 4.134155 -0.757353 -0.283112 -4.407317 2.157706 -1.693943 3.615945 3.974308
4.030400 -4.534302 1.963165 4.794332 -1.977864 4.591140 -1.947604 3.181492 -2.298703 2.420846
-4.988145 3.354285 3.215141 -4.135847 4.558446 -2.110539 -2.761349 4.531265 4.024762 -1.532560
-0.386811 -3.893626 -4.631603 -1.336992 1.462613 0.179632 -1.171871 2.600549 0.369707 -0.854577
-3.889553 2.087635 -3.461653 2.196435 -3.175496 -2.742930 0.559821 -3.308388 1.391414 -4.156554
1.610032 3.421048 -3.614277 -2.590729 -4.034060 -3.153155 -1.511507 0.864155 -3.846835 4.419658
1.144294 -0.862402 0.676299 1.841652 3.735823 -0.197883 3.500530 3.090563 3.146221 3.642219
4.983152 -1.417602 -0.007430 2.804764 -4.134875 -2.612524 -3.244685 -1.518630 -4.792478 -0.989427
-1.644998 -1.317344 1.968290 1.285908 -3.918862 3.440368 2.098562 -3.964542 2.298537 1.683521
-3.955747 1.003201 4.355650 4.836516 -2.512696 3.757993 -4.139787 -4.538931 3.632725 -2.103136
1.311823 1.828993 -4.355524 -3.966834 -3.177499 -4.089443 -0.197608 -1.421987 0.114052 0.813900
2.444103 2.498346 -4.153995 0.605785 4.451084 0.227639 0.720796 -3.454093 -0.206024 3.690285
4.779493 -1.313366 4.412639 -1.612186 -0.433381 -1.549148 -0.467565 -3.412673 2.829108 0.566209
4.952288 -2.821214 -0.398421 -3.884676 2.148030 4.230047 -0.812273 2.904114 -2.427132 0.662685
4.151519 -3.271975 -4.764657 1.491303 3.570128 -3.142591 -3.335596 -1.955587 4.063187 3.238738
2.999210 2.765580 -3.922415 4.363208 3.160824 3.291452 -3.959918 -4.655697 -4.320043 1.337940
1.330261 3.667397 -3.205507 1.978099 2.613615 0.573040 -4.976005 -1.792436 -3.811601 2.204734
2.201369 0.366776 4.138079 -2.871974 -0.711739 -1.025417 -4.401735 -0.517933 4.948114 -1.104342
2.451550 -4.554168 2.002211 -1.854191 -2.531724 4.956657 -2.594419 -0.835974 2.173007 1.163327
-3.771028 3.450571 -0.424504 -1.056994 -4.504900 -4.161897 2.492836 4.417863 -0.550019 -3.922174
4.318524 -3.115507 3.734821 -1.937578 -2.662306 0.154626 -0.321648 0.805643 -4.453913 -3.392398
-2.883331 -4.435043 2.463640 -3.257569 -1.607197 -4.590975 -4.322162 0.678376 3.290799 -2.350028
-2.100955 3.986958 -2.673820 1.981633 0.996868 2.563947 -4.824870 3.901190 -3.590183 -3.645529
2.743082 -3.683167 4.921891 -2.779629 -3.251870 3.342153 -3.510836 3.212416 -0.271033 3.969653
1.759241 -4.040128 4.217978 3.928591 -2.232589 3.308164 2.676275 -0.977701 1.404239 -4.906938
1.511021 -3.881767 -2.952123 -2.613984 4.353091 -1.199190 0.680821 -4.354418 1.325454 1.608956
1.420595 3.894424 -0.371797 -1.106384 -1.699939 -0.603931 0.079882 4.488346 0.557955 3.745692
1.949731 0.324757 4.957937 -1.807439 -4.639247 -1.994283 0.869380 2.447715 4.182279 4.980860
-1.985800 -3.166836 1.925528 1.483899 3.098756 -3.544819 4.520164 3.073408 -2.341192 0.233017
2.738621 -3.477511 1.511997 4.828107 -4.457018 -4.280116 -2.946534 -2.750901 -4.059594 -3.084316
3.200039 4.880470 1.865732 -0.005126 -4.232321 -4.351401 4.721294 4.546323 -3.703468 0.134488
-2.864133 2.453679 0.607476 4.317779 -2.761602 -2.638474 2.865996 2.374841 1.854972 2.126745
-3.914776 4.133301 1.868558 4.638124 3.322915 0.044894 -3.428183 -0.931982 2.248334 1.630493
-2.098360 3.058823 0.325138 -3.549229 3.640314 -2.969974 -4.154665 -3.236627 -1.012352 -2.133434
0.895870 -0.213198 2.688192 2.538215 4.779887 0.176861 -0.062347 4.650763 -4.546290 -0.886751
3.588501 1.843401 -1.538509 3.197039 3.376425 -1.773099 2.713193 1.236688 -0.761052 2.571111
4.948699 1.885873 4.995792 4.080578 2.342252 -2.410701 -4.700753 3.192111 -0.981773 1.996533
0.610909 2.480038 2.696176 4.552032 1.913619 -0.070105 -4.657539 4.549867 -1.989948 0.260145
-1.831919 4.632215 4.819779 1.655622 3.902980 -2.972057 -0.187270 4.430809 0.086035 -1.918455
1.797254 2.050648 -2.958911 -3.671471 0.956166 -2.441568 -1.757195 -4.280877 1.387196 -2.666216
-4.334780 -2.854526 1.954159 1.853844 4.872326 4.241145 1.995050 -2.397406 -1.111697 1.352954
-2.798859 -4.025632 -1.309047 -1.143654 1.603291 0.727230 -3.629248 -1.939721 0.179414 -2.367507
-1.478950 -0.748383 3.580850 -3.266308 1.293318 3.533393 3.829239 -1.761946 1.124788 3.808688
4.285532 -2.308683 -1.165172 2.573745 -3.742712 0.655724 -2.666630 -3.536515 3.805664 -4.276709
-1.533600 3.522401 -3.548645 0.992645 2.763266 3.382647 -3.906264 1.821615 -4.545733 -0.511675
4.669045 0.340667 -4.323868 -0.207895 4.727899 -0.171853 -3.354239 1.935619 4.895944 -2.697750
4.396371 4.632108 1.757887 3.630512 -2.746040 -4.568548 4.543297 4.120407 -2.066446 1.836922
-2.754717 2.207134 1.360806 2.914329 -2.329159 1.669703 4.519046 -1.925489 3.295269 4.968014
-2.677395 4.422877 3.181808 -3.754822 -3.277442 3.478015 0.957062 2.037192 3.914726 -0.454626
4.318919 4.052542 4.874376 -1.449978 2.027781 0.588322 1.731959 -3.385012 -2.917777 -0.149023
2.909113 -1.066750 -2.356892 -3.603290 4.462419 -1.989813 -4.834894 -1.474420 3.926173 -3.830421
-1.314862 -4.526831 -2.135839 3.000994 1.994933 -2.887727 4.864132 -3.999886 -1.861100 -4.288247
3.218126 2.796780 3.621037 -2.216593 1.151807 -4.966846 -4.011587 1.641340 -4.827007 1.266946
-4.773862 2.157484 -1.275991 -4.225958 -1.590095 4.220938 -2.948181 3.295296 2.125467 4.209403
4.388170 4.232613 4.023297 -3.242165 3.085897 -4.636183 -3.983970 0.216069 1.582394 -1.686393
-2.130695 3.296914 4.831777 -1.514770 0.867091 3.582191 0.770111 0.025825 1.675735 0.865262
-1.130677 2.908272 -2.597118 -3.319536 1.628148 3.029162 3.166312 4.605362 -0.659761 0.572489
-2.857146 0.388425 1.052455 -1.700592 0.940928 2.316550 -1.508559 -2.082256 -3.826887 -2.764956
0.138334 -2.568037 -0.483968 -0.891416 2.398332 -3.085385 3.738195 3.847404 -1.594488 2.427685
-1.132490 1.684518 -1.394262 -1.183224 3.534266 1.997246 4.719070 0.953874 4.149507 -4.296264
-4.998428 3.370367 2.153237 4.202541 3.168066 -2.353668 -4.827272 4.849185 3.229779 3.109510
-1.143056 0.008671 -4.734351 -1.284891 -1.850442 -2.469876 -4.340029 1.303816 2.499952 -1.780895
1.961047 4.226285 -0.566182 -3.045815 0.929823 1.773914 3.221773 -0.726067 3.951981 1.225951
3.769911 -1.242955 2.616083 -3.714854 1.014104 3.463132 -1.483368 -3.224253 4.686872 -0.575248
-2.271769 -3.925416 -0.797712 3.167243 -0.580605 2.795784 2.937688 0.583643 2.909710 0.999895
-4.644291 -2.825366 1.875555 4.681265 0.619798 2.752063 -2.343313 2.853659 -1.997969 0.111744
-0.163218 -4.154016 2.109120 0.226339 -3.947159 0.043736 -1.050442 -3.259864 -4.188507 -1.235286
-2.701474 -2.638997 -3.701576 -4.224077 -2.758140 -3.296501 2.295651 0.520954 2.684136 0.526335
-0.800625 -3.299227 -3.613616 -1.691362 -0.218320 4.085938 -0.295584 -1.659334 -1.839711 -2.950582
2.109395 2.515316 4.472171 3.029452 -0.330553 3.315161 0.922352 -0.816365 -4.203547 1.248287
-1.771467 1.583875 1.454990 3.943561 -0.974131 -2.051470 -4.389937 1.199573 3.298675 0.045750
-0.722270 -1.139404 0.029887 2.812667 -0.158279 -2.961895 2.101035 2.610299 0.600240 -2.492659
2.722203 -4.435975 2.684581 3.797158 3.457535 -0.695198 2.595217 -3.566028 -0.229396 2.152495
2.638121 3.230121 2.335872 0.065009 -0.994538 3.118600 -2.859928 -1.345253 -4.345038 1.939025
-3.313869 4.071355 -0.348544 0.034672 -4.144531 -1.111158 0.444482 3.153714 -4.538999 -0.023522
4.093482 2.746176 -0.357667 1.489885 0.575923 -4.343069 3.098496 -0.843162 0.190817 -0.706557
2.811543 -0.075437 3.463435 -1.793135 4.561185 -0.808093 -3.315731 1.103531 1.450073 0.636093
