-74.232384 75.505852 -18.607418 -41.481644 -81.837440 -71.918175 -55.963055 53.339211 48.737064 45.891342
16.189463 78.351631 -53.498409 40.665749 -59.497707 85.293884 -84.424149 23.726896 57.284149 45.472698
-68.401573 -97.707916 7.877007 -52.459312 -53.529312 -14.190628 77.374207 -87.250092 33.756203 41.307484
45.074837 10.607180 27.818085 -29.704472 36.541782 6.966256 -89.156525 -6.775067 91.252853 -29.847912
61.728851 38.992836 -54.359589 89.911705 91.214973 -40.645313 86.297935 7.182945 -72.692856 91.757111
3.014448 58.549175 78.584435 80.627602 7.463998 -2.058266 -93.493027 -18.918913 -5.952610 -40.706577
96.604797 -3.585864 -31.740366 -1.880569 74.950478 86.132629 -72.286552 53.942707 1.539590 -13.760404
7.951122 12.795626 -71.423759 -3.962703 -38.120403 4.716616 -29.180677 -43.342518 32.174568 -22.824492
30.966927 60.867981 -54.759708 77.561996 94.819969 95.178818 1.152083 -75.549644 18.654844 -0.990608
-16.928532 -28.502588 -88.596008 -27.885229 54.230770 -62.584568 -46.488327 -31.775208 3.165109 -13.090269
47.381947 -17.361975 61.024933 2.617136 -84.529091 -25.564394 -13.766795 6.569654 53.922276 51.356995
25.777702 -84.526909 -55.639019 61.931992 46.672401 87.423729 -60.126747 82.707916 -52.696362 39.515621
-88.638115 45.368385 -78.623802 45.463726 6.049703 -18.331629 0.270340 -19.490662 16.189432 -72.832237
40.260326 -4.799818 -15.630590 42.030972 96.643753 62.952457 -87.191795 -53.401974 36.982010 -74.882393
-64.951279 -63.091484 -63.751003 -5.780423 -50.358143 0.687817 -68.268250 -85.060371 57.272224 -79.911942
-17.907701 53.060524 52.202618 -78.326996 28.841648 97.999435 11.519373 -1.933997 -68.508972 68.222153
-94.369469 -57.835506 58.789589 39.168060 34.976711 70.544563 -28.684782 -51.362541 -15.063027 91.083557
31.043221 -87.199173 -71.911011 -31.509094 0.491448 -22.536770 -2.575420 33.388779 -45.516850 -53.563599
69.079353 98.096786 34.137814 94.179771 86.354477 -97.714035 -39.114872 -97.651146 -72.044365 11.817354
52.287403 38.928555 25.777124 60.662521 55.369930 75.749268 -64.912544 68.582291 47.054646 70.096680
76.840973 41.565964 75.059509 -83.047318 -24.069221 16.346407 94.071083 -83.037956 62.889786 22.676962
55.249603 79.584259 -67.551056 -78.237267 -28.266256 -25.404593 -87.696693 -19.275751 -32.339359 28.344587
-24.305435 -82.873260 -9.403186 -3.474077 -74.194458 -27.847977 56.362225 -72.549545 -64.073769 -3.446182
-5.569442 39.678886 29.475374 26.968393 -77.151520 -76.640839 -66.054932 86.782822 91.033646 -43.264938
73.579742 -97.860756 -84.783211 33.756374 -20.874268 61.251030 9.169436 4.623988 -36.994728 -56.032295
-98.807014 -8.362930 4.047740 -80.981537 93.660355 93.685265 49.179291 -42.629044 5.821884 34.558769
96.817123 15.111168 39.380394 -46.037487 54.651588 62.357269 57.152317 -91.034691 48.620407 95.195641
16.563091 -0.673199 -63.837620 52.177181 -13.445830 -50.591858 -6.686559 -75.573479 36.182320 88.804779
28.217104 97.630165 -14.838202 -45.326977 18.386391 -93.440567 -11.707446 35.690048 -32.205204 9.704660
-54.664101 -94.521736 2.609839 73.240631 -40.417610 -75.036049 -74.709831 -72.066551 -67.253548 30.665474
57.002094 63.626701 -79.426865 -49.532661 -57.277859 -56.035587 -53.929230 -95.805305 -73.901390 69.034157
68.910568 64.698486 -92.675179 7.535476 12.099285 -20.274151 80.956398 54.203049 -86.277016 86.379387
70.464882 66.868340 86.400993 -38.015858 10.541576 84.591484 43.035999 57.424534 -28.069324 33.762280
54.621304 7.257282 25.698456 -44.524696 36.409599 -79.203568 -82.309547 -49.151123 29.570658 -44.050880
72.639641 83.658836 -51.883572 4.687423 -40.910870 74.719994 59.540527 64.283752 -5.466773 94.713699
-89.828079 -67.267708 80.736679 -20.222431 73.970093 -19.933624 -24.641401 -8.182794 38.350571 -52.146248
-67.872948 92.205132 -99.297287 43.326504 -71.660957 -78.946823 53.815147 -78.440460 53.156754 86.546387
-63.639458 -22.606447 -33.274399 -28.427446 -35.750912 53.724014 -93.013641 39.110992 77.867249 -17.117805
47.905819 -44.562466 2.127532 -10.832662 -83.948708 -10.622338 29.013752 -26.655983 -61.310055 -98.107025
10.174070 22.334126 34.470081 24.298389 86.647049 -44.028118 66.683846 71.588531 -15.097383 20.233662
93.115913 -46.444084 -60.098957 88.116005 -96.007828 54.124348 20.331516 -90.170425 87.234741 -52.504868
-54.039875 77.019379 -89.608765 -14.482713 -81.121025 26.424587 31.538467 59.743397 14.683736 -11.782340
-43.240826 -60.582417 -1.228767 55.410328 66.255554 -35.028877 49.060223 58.161011 96.202156 56.947189
29.252638 -55.707684 -0.168400 -29.244427 98.983444 4.794328 -43.826954 4.114049 74.766777 -31.757811
33.816952 -96.159622 47.574928 88.126976 45.016735 6.515059 -60.030743 32.520184 54.306492 -28.575748
-93.327248 67.877197 57.734684 74.351196 -97.305260 74.711349 -94.157463 -39.247112 -79.656227 21.992296
68.130249 44.748962 4.174191 -76.755119 -24.124868 30.870523 -97.566742 31.837271 72.342804 54.178242
-53.763290 41.939682 -33.838524 17.193344 -30.598740 71.180756 96.083969 93.122765 32.024181 65.978409
-99.898567 -50.167465 85.187019 8.701155 -93.750328 12.181049 -99.862579 -20.061228 -13.618761 48.267296
48.967014 -58.805622 30.873705 -72.941811 16.586073 80.696808 87.592903 53.753483 -17.344826 40.085464
-16.275215 53.533810 -39.433422 -81.103264 -72.247177 -39.228054 12.594541 7.142480 14.099527 -81.960754
20.911877 47.493092 5.472868 -83.541885 -71.121140 38.080101 18.851801 47.085922 -38.204937 -46.223907
-63.080151 -27.739079 25.223303 95.472816 19.705421 -81.343796 -78.317383 22.656254 83.119179 -71.718933
70.127426 -97.173615 91.590767 -67.694565 88.169899 -23.965761 12.928151 12.537794 -89.141502 -98.353813
91.099007 43.826458 82.470398 -16.262886 84.957344 -66.407188 -90.664589 -25.021286 98.838844 74.573631
-34.147991 49.074287 97.252327 -53.665123 -9.924975 76.216026 87.960762 11.504615 -23.954824 32.409100
-97.748444 -82.592140 -3.164120 -12.311803 32.650734 35.952305 41.980453 46.164082 -17.534933 11.448042
78.121796 -48.294563 -17.552753 -21.626369 79.203392 -40.234341 70.753212 -38.016636 -93.482140 86.565254
5.425201 -61.452522 92.772041 59.180984 -60.962219 -32.576740 70.057426 52.516926 -79.325600 91.640648
-15.321731 33.780022 -9.774579 67.454109 73.558060 68.363144 -47.314079 -55.352261 17.203564 -7.462260
-40.908302 17.909458 74.217979 77.277130 25.647163 -44.637730 79.297737 -57.781414 91.029465 -27.235788
-41.782108 12.617201 -29.872372 -26.656763 -34.622704 55.825485 0.853980 -66.016624 -60.440029 95.927208
-80.163177 -96.458923 -85.401962 -93.093224 23.722996 38.219933 -93.989517 -43.959385 -77.992668 28.265932
17.417389 61.020157 -35.676128 -34.970280 -81.241074 64.097580 75.296837 97.579742 -13.421415 -81.010910
-57.780617 43.766884 -78.324211 39.998707 97.219833 91.626343 91.067032 -42.903519 -3.647436 -42.595955
74.188812 -17.647001 82.734436 35.240391 92.581268 -81.737587 45.917965 -80.574303 -57.880333 72.214371
-54.655910 -49.035168 -33.487892 97.632996 -16.888010 0.463125 -23.912588 6.594525 -73.587311 -75.694374
-86.016983 -31.468340 75.873520 -11.031231 28.487803 -57.335098 -64.088081 59.767918 -27.137119 -81.562141
98.976921 -51.887238 -86.751373 -54.917908 49.097038 -39.706486 -83.567101 35.679001 85.407089 12.909096
81.285637 95.901215 53.277203 -18.449041 5.160697 64.042381 -49.383724 -36.061131 52.950127 -58.181412
29.725056 -44.968987 13.924170 -71.025299 -42.459858 39.353928 -97.434189 5.930743 -69.321884 -41.973614
-85.272568 86.536049 -79.842949 13.849736 -66.180336 -93.583603 -29.260607 23.953352 -29.007673 2.835133
12.793732 -34.969212 46.511337 -48.317490 -18.516102 -88.831284 -83.561882 -88.237579 32.226517 51.608761
-62.488678 -52.350262 67.238167 60.149471 -64.053307 14.995510 -21.723448 -10.306730 -74.187607 -53.782284
91.901871 -47.024242 -59.369770 9.101444 77.562744 31.057745 -67.332718 -80.829063 -43.853142 18.930378
-68.311615 90.945930 -77.106453 -63.772366 98.213333 -42.584061 74.190353 28.462582 -37.217182 86.745010
-4.856715 -41.900993 -43.457508 -69.942436 -42.239029 -93.276039 -67.985985 -84.355659 99.763519 28.536253
35.848354 -51.783737 96.729607 6.151232 21.745544 27.623459 -55.122971 -89.620827 4.183116 9.342457
68.573685 -83.895210 85.991608 -3.964680 61.766983 40.193371 -11.562991 -17.042458 -66.219666 -47.063278
-52.863911 -32.282707 2.256818 17.398684 82.601738 3.555632 11.333688 41.112457 -73.964424 59.248127
72.320290 86.801926 26.566774 57.775131 -21.006954 -43.351570 -84.529472 -70.798630 -17.551628 -11.635554
-14.715647 2.387197 -2.464065 44.949680 -68.666603 -78.709473 23.421286 -39.017483 85.362900 0.233201
-59.981697 -88.680122 33.567776 -24.702961 -45.853741 86.548149 8.892679 -7.876523 -50.707428 -67.559784
36.320309 93.162964 -44.758038 -57.190731 -30.250820 3.609997 3.685286 60.176193 -40.853550 -96.041046
66.702278 -88.807571 70.092041 -8.085432 -90.736412 -35.973564 73.239990 -69.492767 27.447105 90.923233
14.031093 82.425941 86.623734 43.195076 40.764572 -8.941593 -2.235971 16.152622 -89.162628 18.086458
62.272621 18.110516 54.018547 49.858013 99.225090 -75.145447 24.706163 3.989976 -29.864906 7.414059
-0.474045 -68.804459 -90.003296 -18.979452 -62.677753 99.017052 9.055926 -88.440140 52.474106 27.360462
46.676708 -53.028652 39.894291 -74.092712 52.836575 -6.286330 51.655476 91.397575 -93.750053 66.700386
-74.968269 -0.884770 50.323322 25.045767 -67.457970 -11.434885 -83.978500 -32.844730 84.833794 65.149788
63.581585 34.151943 5.390055 -42.375748 98.826805 -42.722160 -97.593102 54.900883 -50.127911 48.317101
-2.116203 51.777275 -37.953358 88.354965 -92.554779 -26.119703 6.154914 -4.739693 -80.560905 -67.903374
39.175900 7.598148 -18.578239 42.878071 84.282135 -14.286637 -69.211342 16.188381 25.885477 -32.579613
13.825117 28.544199 -52.986862 26.505526 67.641220 78.237869 -99.231682 13.864639 67.022270 90.354408
-40.607044 5.747501 15.783019 73.537315 -76.040070 -40.482628 -4.412040 38.973030 -98.137672 -22.546703
50.826492 -6.940783 20.991161 22.450418 9.481718 -54.385632 -92.969223 42.940495 -21.573845 52.810455
9.365881 -46.966805 42.954636 29.176126 -72.198799 12.566109 -69.067749 -65.664658 92.235497 0.593129
-51.828960 67.167282 53.388821 -96.435562 -72.902489 -84.841011 -29.065523 -15.520312 79.453087 -92.110016
51.347561 14.509446 31.558416 25.765175 -97.874077 -58.221458 66.056274 -52.157444 23.010826 82.396637
78.776070 -16.990511 -7.951510 38.637028 -51.354717 42.615196 56.523579 -67.840843 -7.320098 -74.199829
13.965897 -39.927357 30.099773 -92.968056 74.229546 49.123924 -46.705982 99.476173 12.076674 16.079512
-20.631229 -70.581528 -28.865431 26.040068 -38.624554 35.006882 -92.696770 -73.145317 -45.105946 97.217445
82.411812 -78.778938 -64.788101 0.224442 -69.553078 -90.054703 -48.945206 -35.337814 57.511421 -48.423512
-18.908394 99.803543 -91.845467 73.281296 -15.189241 29.464500 17.889050 -5.336066 35.492119 -15.609010
7.942928 -30.178926 -30.314789 -45.302097 32.295029 46.274387 -62.452244 81.940399 40.770004 -26.711924
-3.931830 53.980244 -85.678154 27.294456 -61.348774 -92.730469 94.841675 -77.635239 -23.648050 86.162285
-3.141850 10.272788 86.919548 -43.389164 30.545879 34.773247 -99.983742 -44.065098 78.827675 -2.342597
-47.194355 84.954330 33.606327 -65.950745 -75.493195 4.901668 -23.707998 -1.812410 -93.521996 -90.232452
15.076668 -87.171654 -18.672102 -81.379990 20.316227 91.548866 -58.396133 11.059831 89.422798 62.513866
-61.533127 -41.083862 8.060114 -32.173447 89.672180 59.032475 99.664513 58.325981 -55.474537 -35.238285
58.842159 76.114731 23.723604 96.256943 -5.183523 -79.777420 37.720428 89.769379 -36.521835 41.002655
88.548233 63.254402 -38.711475 -22.922106 48.391079 32.711700 -97.500282 -37.189125 58.520065 40.678883
76.490379 -81.181740 34.167107 33.831474 -28.514706 59.521595 -1.987709 -45.056133 -49.491890 -72.812965
45.121540 92.676003 36.676640 -0.940980 -24.522577 -6.505285 93.196045 0.299749 18.874268 62.444633
-90.436546 45.138027 8.761447 47.203007 -0.367123 5.095670 82.263000 -71.343842 38.321766 -65.922089
21.439445 -13.186841 -82.645874 -18.833687 59.125130 33.318901 -45.226589 40.256710 -48.359367 -86.371407
45.783382 16.502316 38.134460 31.607773 -50.511864 -69.643944 -83.414207 1.489873 54.602020 58.137108
-66.655449 -40.238079 -69.348251 -46.752083 -66.675888 -15.129601 56.131775 98.649300 80.397911 -80.448334
83.864983 -54.711113 -42.029358 40.173565 -58.602524 -7.360319 -80.605446 -9.517331 94.168480 48.694511
-30.303949 -30.585596 90.975624 -7.697958 -48.005100 4.836661 -11.068973 56.054775 37.151733 -1.820175
71.248405 -72.615372 -49.850513 23.748953 22.358423 -83.772522 -3.465559 -94.691452 49.339146 -49.423313
-53.416008 35.687347 18.085169 89.600723 46.429256 38.821152 8.760015 -13.332797 -84.681587 32.546467
26.604788 -28.194918 -92.854355 8.376727 55.914886 -55.215004 5.740491 50.356514 -22.072374 79.552643
78.946053 70.975929 -55.657841 42.547504 98.237221 68.842316 76.655319 -18.133556 -2.575897 47.307297
-49.488773 -89.290283 85.927940 32.125702 -87.240013 -29.631149 -95.482262 -30.188869 -79.027985 41.716621
-88.114403 -43.880909 -41.399700 -23.186071 -94.814697 -98.918861 -18.067469 -52.636829 11.485428 -48.453323
26.312115 -67.110260 -63.451340 41.386364 -20.097088 56.278172 43.102024 -56.912281 62.690956 -9.713434
-57.180202 84.983925 55.587402 31.522406 -23.595213 19.243738 11.034473 -25.658108 83.692719 84.228539
-5.307825 -18.819294 -57.932892 -78.623802 -60.668240 -92.064682 1.564016 -12.662069 -31.567001 60.318325
-56.168255 86.292061 70.912666 -31.693430 -71.907990 0.850177 7.610439 48.525562 -29.079012 74.867218
17.626257 83.385887 -46.655430 22.379360 -57.471039 -97.176399 -68.203201 -1.259644 -41.998665 -98.028893
39.950089 46.067642 -59.154190 -36.358067 97.709648 -94.085358 10.691685 -7.131083 75.766335 50.981522
-34.401192 -7.990927 -10.140469 -87.767136 -95.919540 60.904057 36.160931 63.410427 -97.685417 -60.742149
29.985651 -74.326271 -13.044592 -3.808754 84.415382 86.489761 77.418671 85.114952 -75.937119 -13.687438
4.033013 -84.230560 -61.885593 68.639107 63.231327 -9.056716 -26.628572 38.573181 -44.386375 38.194073
-89.253647 -27.953552 -30.860298 -22.202114 -58.658897 -49.073490 -1.015231 -50.990128 74.787735 4.064342
-63.579380 78.345085 -92.565987 -14.146832 -82.607033 81.000854 11.057613 0.664113 2.641376 43.771088
78.586906 -11.847296 10.215438 -1.603863 27.034737 78.242294 -65.390900 -38.170567 36.399113 -68.336578
-2.298929 -54.476124 -66.642273 98.924171 -42.113289 -89.412117 -96.348442 3.652193 -93.534698 -95.509750
-4.793960 48.455952 75.892136 73.811424 60.859695 -33.429714 87.690468 -66.853386 -36.835094 -26.604593
-26.700327 91.679909 54.765118 -37.674793 -95.649475 73.264908 -66.832558 16.629070 -48.071468 -18.630646
-95.616127 -42.325401 40.714550 28.470522 -28.500565 -45.549335 -21.278246 97.368233 69.992836 -77.913033
28.309668 -25.647070 -36.366890 99.057526 35.180054 -22.937742 -38.175434 97.866020 53.037056 65.519142
0.805501 -60.971920 -2.332587 74.438118 22.825426 36.718140 -25.715942 12.536889 -73.365395 60.134476
-64.415367 -97.545021 -94.959991 -40.016853 -22.461470 -99.574768 64.387627 -62.080315 88.009407 -46.487949
-36.461273 48.982624 -9.307918 51.094086 -38.966110 -8.442749 -76.471596 34.241577 59.535316 -34.212780
34.118793 -43.577053 30.276651 -69.933159 -1.044193 50.888817 -22.235399 -68.473038 8.276189 -6.496605
10.260345 -96.746727 17.470539 51.498779 -26.523800 -51.333961 -69.654518 2.809736 56.926483 8.492400
6.880938 80.020721 -81.713455 60.834850 0.979095 -71.455284 69.873444 95.841705 29.613258 27.130486
18.144135 27.971676 -1.458476 -9.889592 -2.022022 37.052849 36.223736 5.529718 93.492676 29.431076
40.837593 22.748053 74.093636 -99.845459 42.969124 -78.712585 -87.240211 24.991943 77.038284 -3.317758
-57.533855 1.920021 18.763277 16.976738 -35.212112 -23.467905 -28.218756 35.278118 73.376442 -77.134911
-34.852150 21.575531 88.364647 86.907417 -68.649734 57.622051 20.106464 20.535933 -82.212311 26.774593
-37.554813 -0.269415 -82.023399 -99.449783 66.286636 91.720001 20.421043 -38.584892 11.964409 -77.734589
-49.198830 69.600792 -16.725096 26.193913 95.417152 5.279130 80.642227 14.587114 74.726311 51.134960
-95.928185 80.604210 -8.957164 37.027412 -93.245712 96.761421 -83.149689 23.603983 -48.005268 -61.826496
-14.582197 19.745224 53.480286 59.213039 -66.044594 98.855255 78.651123 19.002800 -16.431463 27.436544
46.737804 -73.493034 50.061050 -60.685955 66.529289 -84.815544 94.219467 -9.316335 -9.199424 -56.087921
71.852333 31.850243 72.832062 70.686111 -77.285866 -88.171844 -50.519745 -83.137123 -13.224440 66.545784
-71.643646 -1.754800 -88.502571 10.441435 -96.394653 46.872223 -98.451324 31.299597 -62.341656 61.413864
11.754630 29.321983 12.178446 44.672180 68.772003 -41.195232 -68.582718 72.016701 -47.837948 76.771080
-51.737625 -37.099422 1.211418 -61.162453 5.272341 -68.182167 98.894768 -51.836807 19.996807 66.725891
58.335686 24.209806 57.390404 -40.103893 10.671067 -89.360123 21.357962 93.477058 -64.592308 -75.378983
97.843491 -52.224407 -21.727804 88.154694 68.347755 -51.907532 -12.492471 -10.773836 8.815612 -85.064308
-3.347850 -45.531273 -70.692482 -69.653465 96.594833 77.509460 -30.061178 16.144436 61.942875 -7.353472
51.524536 -87.781807 21.836174 -75.713699 -48.519512 76.091576 61.664997 -16.106710 -1.504952 -57.237637
71.859512 -18.782778 -11.918913 13.297021 27.172710 -77.591286 -93.284889 -30.599110 -38.938179 -50.415833
-71.856590 64.177864 58.943119 15.701159 3.554212 -81.992622 73.881569 38.199303 40.829468 23.781967
94.888359 -6.108494 86.767990 -54.158478 -48.605389 34.979656 -80.636765 30.785435 -59.493622 -77.050865
-87.654968 -72.442543 -30.228985 -64.871254 -44.055317 70.158989 -6.123463 4.556617 -15.344866 85.042236
-44.871540 -95.551880 39.043156 8.149588 -96.892014 -17.627241 -88.394493 85.971748 -12.320297 -81.146927
13.404180 23.174427 36.871559 39.621243 -21.620241 83.951324 -39.436703 -9.651488 9.264772 6.606085
48.456100 -10.321069 15.772644 71.157379 -49.976784 82.308578 15.228863 9.398323 94.324890 18.256620
76.174149 -51.377075 -3.001891 52.084412 35.344048 55.445686 13.110693 -53.521866 -80.683212 -17.063200
69.354393 -92.585381 12.257597 20.866264 -65.402191 16.318865 79.633125 7.509184 -12.542072 -89.944092
-90.922928 77.418488 30.498354 -28.011202 48.096855 -54.947052 1.535353 36.998425 -75.910194 -34.599869
-0.650716 22.483629 -91.909576 -20.614399 -34.980225 -27.376822 -26.330833 56.473862 -80.209000 95.548622
71.305656 -3.248747 -38.232815 -17.956741 98.960152 -70.541245 13.604869 -48.663158 -5.627538 64.189301
22.847691 73.065170 -12.263909 -25.894852 -49.592697 5.350131 -84.239243 -68.145096 -39.499737 -90.771706
-41.678394 -89.163322 -86.064613 -10.964928 -33.383705 -71.599442 42.967606 -43.059170 8.795064 3.595775
-31.899368 -74.252983 -0.313972 -61.644512 -65.864716 -70.835991 -76.850594 -98.928902 81.099434 -64.467850
-12.134273 -85.489075 -41.058193 -41.517887 -6.348364 -44.540535 24.707333 -54.690601 99.446770 -92.829063
14.858147 -52.482441 19.460726 45.152874 78.289146 33.021530 -15.749455 77.726212 51.986462 84.509026
47.462734 -51.075706 24.626114 87.562866 -16.438835 97.807556 41.763493 -27.553106 -21.610416 26.788759
9.665433 -47.193508 81.557594 20.526741 89.241554 73.606117 37.190342 -94.541023 -69.448280 61.397499
-38.725368 -80.012383 45.646492 1.429922 -65.163460 -95.534584 74.701988 -33.638187 -34.613701 -54.600903
-18.684139 23.495090 74.371155 -68.464607 81.933960 17.586006 28.156149 -20.467630 92.632912 12.385728
-9.086560 91.490562 23.629541 -17.151176 -22.737682 -4.576026 76.598701 98.870300 19.969383 47.503452
-36.163803 51.275364 -84.545486 47.244617 84.433289 82.664360 31.302547 -94.653404 -21.626734 31.919069
81.667435 -56.891747 -24.487585 18.637230 -0.466387 4.743578 -6.644671 -4.483788 10.601454 -38.024212
97.180794 -40.784931 97.205582 46.887188 27.791515 -37.222469 -15.559637 56.035992 -75.952705 -65.356300
5.284977 95.800385 62.136810 38.388554 58.515961 22.214399 56.346855 -91.328003 -16.248449 29.544233
55.171844 94.455025 -90.893517 26.810345 21.271437 27.363827 30.481611 -10.734329 -39.644241 5.024385
-33.272324 52.622608 64.238441 -96.304039 13.520047 -65.239769 70.042900 46.511913 -81.753662 91.041664
-52.196884 14.583005 -71.538857 -2.820613 81.641212 -68.881149 10.694116 -84.105919 80.967987 -72.041107
-88.016640 26.962273 61.643261 -9.760422 59.072453 93.950790 -24.085907 -93.510338 -93.432861 67.586632
67.047974 -92.975441 -71.268059 -92.982262 -5.998260 57.435608 44.844555 -0.970962 40.874435 -73.886261
80.151451 -6.967598 -83.542084 79.302109 -10.315309 86.323227 70.061691 37.443943 -42.642296 82.760292
-84.856544 22.817171 -2.698361 -41.622280 -12.335793 -48.213150 55.124477 17.241419 31.434254 -31.987478
82.436600 38.254368 66.084190 2.062328 65.571503 43.802612 -83.487862 -2.655320 69.847878 55.804028
-36.470863 56.691006 -20.688503 34.598228 39.874943 -81.995171 84.385254 -37.004051 18.788549 17.029949
13.708039 -84.553497 -91.881241 34.392010 68.924118 9.493363 87.041901 37.121048 -21.371212 -50.493252
-40.943039 -12.524498 82.820587 -45.613464 -99.607384 -88.565567 -7.451352 -49.207809 53.408710 -78.389565
-36.642921 50.782604 25.434402 93.421181 30.056635 -77.307014 3.399078 28.665260 -92.479858 29.171347
-13.668485 -78.501869 57.043583 -27.187801 -99.083679 -98.872780 69.333275 -63.347084 -54.560192 27.338787
2.264781 -85.167221 90.623451 50.139603 57.475143 54.870010 -48.151516 71.880417 61.068016 -18.540075
91.001297 62.336811 -60.636692 -37.400265 -72.521393 -27.428204 40.044800 75.462616 75.091690 61.474251
-37.183483 -59.040401 -49.008675 5.892314 -10.527231 -17.506800 37.999794 91.762489 24.329096 63.163929
-45.497444 -51.685146 5.954149 65.709114 -35.196472 47.942989 63.527042 -73.377434 -79.131638 -46.032753
-35.395077 -62.446259 -42.632626 57.224133 -69.798515 -97.381905 -41.832184 66.358421 86.809898 -51.922703
-77.527252 -77.375359 -70.316635 -24.091795 -45.955811 49.629589 65.688194 67.469147 -52.981773 46.858376
-32.521317 97.895500 74.964767 9.722603 9.042022 -51.584309 79.390709 -38.198124 82.274048 22.089928
-30.855465 -75.719223 69.020340 87.717346 46.009529 -16.738573 -26.391565 -30.963745 70.727203 -79.082832
-69.564621 92.675934 13.700833 -59.909283 37.987057 -99.822136 73.208054 -84.080902 -93.733513 -94.274635
63.834560 -73.669960 37.778305 -33.071369 8.192914 -41.475941 53.046043 -18.090202 75.360565 14.239229
59.396194 6.703215 10.451590 32.890018 40.584625 25.361639 79.012825 -21.179335 -47.927425 -27.491940
-79.350624 -16.925011 75.324066 92.259422 52.819035 60.610691 -28.375530 -97.781647 -45.881550 -42.253742
-89.627617 80.621101 -56.040291 67.620010 -74.775063 -18.976484 -56.146828 -2.762641 48.481323 -41.651001
-95.295677 -64.884857 5.694508 -2.511743 -10.158238 -78.281006 23.200876 67.699196 -7.228135 2.126507
-37.502560 39.739834 -33.581882 -62.495399 12.626007 14.715209 53.409637 -36.259460 72.561836 61.697262
51.440353 92.457413 -79.943626 78.318565 36.972195 -2.889172 61.179977 16.719040 19.328323 47.744972
47.129463 55.980949 45.881706 84.383461 6.183948 -64.778542 26.412020 7.943191 -26.472366 -62.672932
-73.060669 -73.676598 96.255257 -72.836983 16.486647 -29.167698 56.761528 -51.809071 79.905746 -80.353592
-77.242142 6.924825 -52.106224 -66.258133 -19.502762 -39.932327 32.451889 11.988503 -32.563511 38.524948
-99.398186 50.620197 -75.653511 -2.821224 -59.407383 -42.895550 21.259556 73.918976 9.423969 -80.030151
70.463181 -91.300453 -44.279789 9.623707 -11.140303 -35.346684 1.570998 -22.582726 64.416733 3.771429
99.379356 -24.848269 -45.638241 -57.280449 68.142006 34.727074 76.314995 58.449219 -4.299058 -2.017724
-90.081581 91.637817 34.445621 -57.026009 -40.795761 -4.679893 -7.261739 37.290512 -87.907333 -62.448566
-58.108967 -57.152748 11.493004 -74.049957 -43.909653 62.201206 24.852669 47.066231 6.982212 -55.026642
66.136482 16.807421 70.701042 37.885929 98.242722 76.530022 -21.611834 32.578770 -54.733021 -77.051743
36.160587 -88.751617 -15.141400 0.277024 36.186676 71.079712 24.667580 70.069809 -3.278753 62.309139
60.340645 54.906181 -43.844669 -95.722511 -53.150448 6.090312 -27.874666 97.180038 -11.745051 49.982010
36.034042 -5.433336 -52.249577 -66.529434 14.118156 -19.761534 56.748562 44.931438 -20.248823 -97.012001
-10.062042 -44.481400 65.111450 -66.854523 55.644905 -42.912334 25.651922 -52.477512 27.358664 -11.324780
-17.954704 28.630253 -65.271019 -39.299583 -9.226645 -42.055710 81.775040 -24.852037 -53.026718 -5.216332
-9.862888 -68.804688 53.057022 61.648922 30.648293 50.198986 72.366463 17.872799 -33.944046 4.495048
-95.107216 89.440002 93.562698 -93.593155 3.073258 -31.478786 16.093174 -66.157043 -13.531369 67.971725
-91.731995 -46.100498 87.120911 49.184387 72.604691 62.473377 14.045711 -17.701586 81.664864 -95.319374
86.622040 48.579140 -80.924370 38.061096 31.829117 97.140839 -16.062176 -35.980923 -38.514336 12.454382
-47.582436 79.151627 70.125214 65.410126 -28.158102 -36.502254 -32.396961 10.801346 86.588737 -71.221497
-69.788864 -37.345806 77.219452 90.226166 -92.976036 20.089180 -63.353317 7.615449 -31.630686 14.103641
-79.512810 32.054256 -92.767242 -34.157913 91.023460 26.618422 -9.267581 87.459404 -66.451118 -33.612583
38.386505 9.958414 -78.793922 -23.173779 85.831230 60.054119 -16.005354 -74.506805 3.144580 -97.186447
78.601448 -9.968990 -20.481012 71.953613 -40.062019 -72.320084 -7.782927 -95.338646 -57.684235 74.090645
-88.516846 96.390350 -56.072556 -3.731645 98.006104 92.023567 -82.963112 99.686111 1.958488 58.720257
-37.678429 -7.173629 9.253695 32.009098 -94.289131 -67.318047 -57.886253 -44.219654 83.539932 -89.672760
-4.817015 77.797897 53.325672 -75.946907 49.991806 47.631176 91.127312 77.210785 73.506042 17.675913
-43.722889 5.105053 -33.755482 -33.368702 82.688881 31.752306 99.256737 -23.974329 -93.731255 67.736824
-6.990034 -37.585613 -40.116764 71.979248 -70.618645 30.447359 -2.978339 92.148445 93.712570 -86.981003
-41.269341 -39.586517 -70.100868 60.650719 -30.229553 -63.132690 12.618332 60.475742 23.361315 -60.751537
-91.190941 80.836021 35.110390 -99.417595 66.046570 -98.987282 -27.576279 -14.680396 -51.501625 74.035042
-93.989624 78.407555 45.057999 62.629093 68.993439 96.946236 -99.679390 -92.341820 -86.907089 -59.786087
10.512095 -40.135372 68.986588 95.975060 -25.898972 64.926048 -89.420982 -23.294806 90.109535 33.511501
-68.442993 7.002279 -18.043180 -90.267914 73.740654 -73.452087 14.696139 10.698290 91.413506 -8.351889
-0.755735 -62.763134 -68.751495 -40.930244 -4.892473 3.688165 -79.972290 60.896061 -59.923717 -0.382194
-64.993134 -20.422232 -33.523228 84.115723 66.261719 69.664146 76.618805 -30.338207 -91.422813 4.276513
-75.392662 -30.358501 25.738377 -19.799196 71.755783 10.976068 -75.762352 95.476242 19.640524 94.213287
-15.549939 -19.497984 76.889450 -20.335804 36.010632 84.499504 46.037712 -58.351521 12.663363 89.214531
-12.443404 -78.868698 19.585485 -24.169392 -70.791534 79.956619 -79.105713 -86.549957 -70.726181 -47.890411
45.544075 -78.770844 57.688965 -16.038502 60.841312 7.227427 -84.778099 30.352198 69.627007 -41.751842
77.521851 3.283348 55.519562 -49.638031 -27.548290 -82.609634 82.946045 -10.340781 44.471272 74.051910
11.334079 23.750422 -68.093918 -78.506226 66.312279 49.369038 -91.821053 19.841013 69.001564 54.961487
-26.953531 21.940332 -63.794415 15.465156 47.453316 83.443672 86.092590 8.836789 -60.959106 17.230497
-34.593159 -47.842617 -39.569923 7.264369 -92.414299 73.879951 86.246559 57.306770 -0.170067 61.096966
9.871354 -29.345917 -34.245422 52.853851 15.713511 92.531776 -82.255234 19.808565 -11.306908 3.265319
-73.930962 -48.420071 28.632500 -5.341586 -60.316887 -97.178337 11.900359 -96.147552 93.761124 96.474731
14.715623 -56.698013 -98.165527 -25.762276 -9.324582 84.723656 97.161865 -58.281639 87.967369 -37.459908
-35.686680 25.681561 18.647148 -69.812294 -88.792900 17.941580 27.697231 58.911514 10.062454 -10.712141
96.183174 63.774445 59.679054 -9.311531 -57.400810 -12.535843 -6.420192 58.135639 -74.549377 67.547546
-18.178272 -40.911331 -61.285927 39.481884 23.039524 56.788033 46.729229 58.371967 -75.147270 -24.122082
-56.549782 82.788582 34.973080 -51.257252 -40.068184 -77.014931 -3.706944 -25.425154 76.310356 -42.149364
44.507092 -82.725571 -44.735233 -20.599588 9.154720 35.277252 70.490067 62.700462 93.828690 32.295834
84.785782 -64.942108 -8.434694 47.062550 -47.214733 -26.106800 -6.155962 25.280411 -35.213230 87.544266
44.938507 90.514519 32.855370 76.466888 93.057785 -87.287918 93.892319 -35.265289 41.838722 73.029106
-64.755333 -8.489069 74.498154 -69.304520 78.800980 -25.827335 77.165199 48.556881 -98.787766 54.250679
-23.690443 -44.875870 91.766922 72.637741 -46.140079 -89.131401 49.084911 -56.905651 8.882257 -65.121574
-61.770615 43.325081 0.942542 47.538624 45.315998 62.048157 4.213532 -74.839050 -16.068785 62.019028
-18.130701 -9.113696 -67.164505 -43.037064 10.540906 -58.193012 -32.709976 -33.256546 -57.200737 66.235519
29.894682 19.560238 -62.137955 56.280918 -37.995716 -68.135582 78.049408 72.935577 -43.153912 53.989723
-8.771263 -70.196739 -63.040028 85.971703 12.042268 -82.589706 -31.984478 -13.721045 -64.030197 63.469765
-47.164299 56.240513 3.896167 80.726875 -3.024498 -42.860802 15.478219 40.829174 82.161140 36.676224
-61.665764 93.144821 82.327507 -26.403067 -56.526360 21.326323 6.074678 -28.886868 67.837654 68.187012
-87.795837 86.570412 98.255913 96.892960 -6.318712 -55.512871 63.289383 29.025496 17.110113 82.263939
-66.659180 90.435570 -26.613134 -49.772015 -64.874443 -69.915001 97.722267 0.263617 -26.953215 96.331406
-33.301136 51.374233 71.407021 12.053667 -46.562069 -21.702705 -46.569534 62.205948 -56.427650 -95.690498
-29.872215 50.671890 -28.780748 -20.701963 -68.063293 27.561119 -40.203701 33.688885 -77.954094 25.640680
-83.246346 17.290230 94.933327 -38.248787 48.303413 -18.248865 -11.922350 44.218906 28.780357 11.127598
-28.837883 27.491888 90.682907 -83.219139 8.585119 14.776134 -9.737332 -69.909050 -56.087891 15.966725
32.200817 -12.498137 -76.914291 -60.672619 40.775566 55.948341 5.926854 -92.166718 52.009712 23.298178
42.449696 26.014702 -40.977516 -81.605690 -86.265648 35.709137 -17.732676 21.430334 68.573235 -83.671700
61.235306 -91.415527 74.562553 -8.766785 -55.280128 92.050430 81.750389 52.737213 20.208027 15.771541
75.126877 -69.423309 -13.038011 -36.327938 -69.148781 -26.420937 42.508614 32.357716 30.973083 -18.328840
26.070295 62.751019 83.104622 -72.194290 26.492300 -84.528374 20.717352 20.969553 53.424694 -67.345261
29.955793 -14.349224 34.381271 -25.476622 -13.412899 -9.755131 -99.633415 50.648922 69.753647 53.787273
-24.941795 83.416000 16.241137 15.129179 -59.683456 -56.882450 51.441990 -91.189102 -57.924049 -6.782187
-1.630965 15.468589 -13.786057 -43.626015 10.875575 -83.651749 -74.322540 -62.234795 86.355049 51.708794
-63.363304 7.308354 -91.588829 18.272730 -7.119010 -9.293430 16.723488 -75.463585 53.462139 -79.156517
48.082611 7.775884 74.324600 57.144066 -9.468338 9.463162 14.536314 57.431103 48.727283 -15.995735
72.132965 -79.000557 6.838908 -33.950520 -39.711521 -54.167015 29.967516 -52.581593 59.779675 -18.260500
43.252773 -92.794540 -17.157909 73.215370 10.476549 -16.407017 -59.152481 -95.348610 31.860903 84.497719
