45.632153 90.813858 -29.451555 5.100591 -78.198906 -18.968950 -70.973793 37.932529 36.634205 69.327805
73.112404 -35.727154 -71.204102 30.653555 -95.647118 -40.343456 -46.984863 -7.652001 84.319992 22.570261
-87.338036 -59.801994 8.843859 41.902416 79.500183 29.672955 99.861870 91.922295 -79.944794 2.249151
2.195045 61.395485 -60.714420 88.056541 76.710381 85.865311 -73.754387 -91.115738 73.868774 96.262070
-22.792103 94.869431 -26.729639 -3.848419 -0.312078 -62.741138 92.987816 73.594231 34.572365 52.457390
-19.737432 61.264507 92.290916 -10.285595 87.051590 -71.371796 32.206184 65.629677 -70.238495 -14.827065
-46.310055 29.750454 83.228767 -35.010605 11.717477 -63.418259 -49.570705 82.431587 -58.803730 -52.316422
-89.502769 -94.900391 26.248325 65.350471 40.473347 -35.885590 58.284618 -71.186363 -86.414688 4.841600
81.776978 10.356722 61.066071 -90.416748 -40.218590 26.077721 58.212128 29.359016 11.713662 -44.563454
-68.182175 90.578224 -6.674700 41.682533 10.220821 -2.157423 6.850523 -62.459774 -84.740059 -75.705475
-53.097885 40.442211 48.956097 -41.440254 -61.072323 50.590096 -55.820560 25.118645 -29.021687 15.793776
23.975466 98.664558 15.530883 -62.478317 49.572880 34.053928 7.427981 26.538145 -80.189621 -99.682953
19.405146 85.592758 -18.829466 -39.505901 7.761935 25.586151 -38.423195 -99.430710 53.500931 94.305672
56.869129 54.808125 -65.315292 -97.656410 -97.648201 55.010635 -40.252613 16.270098 -27.088415 66.180946
43.919327 -98.553886 -68.481819 -44.951382 20.063028 -56.728367 -73.966286 58.137566 55.133755 83.772034
88.498009 9.192934 55.598976 99.539352 -11.592531 -50.492729 -79.435562 -72.897972 -26.527363 98.300095
-10.033851 82.970352 19.824179 21.164886 -43.442295 61.322758 -63.009357 -95.387756 -15.146931 -10.120815
-68.013626 -44.864712 -80.571877 -58.762753 -98.352066 14.723240 60.260445 -67.531136 81.121658 -54.576839
97.859352 -31.831778 -52.905949 72.809990 3.457113 -72.660393 74.521904 -23.184908 -10.993526 72.922676
-4.422434 67.630432 -45.691376 -49.519539 46.996895 2.228619 -8.186378 72.880539 -56.176517 -25.109957
59.721279 88.524872 66.212700 -33.378563 0.604102 57.725395 -20.605839 -82.183441 -76.858932 -18.027002
83.822792 26.554766 30.313646 -48.078312 -95.845757 -17.468771 -49.243652 87.828819 -51.867252 -96.410095
77.825867 -88.314377 56.949184 -61.271496 28.847437 -38.333309 65.787003 45.930763 64.675186 98.110031
8.401815 -21.512365 -32.485134 -33.260578 -8.468267 -66.856827 -14.808740 -78.826668 89.762329 -12.320762
-92.914467 -97.871048 35.463707 -70.067871 -53.166096 72.134804 58.305420 -55.053520 26.068655 -28.949207
19.265505 85.545914 -15.408665 -6.595328 25.485010 10.399642 40.456642 -73.148170 76.479820 -71.559784
84.826126 16.301867 -44.481411 -32.745251 -67.890022 45.982925 -53.404613 13.495026 79.983246 -46.019535
-8.836102 24.024010 -46.094593 -1.543452 77.625076 -85.582581 52.856495 -28.501863 90.906097 27.420551
17.730375 60.978493 35.193123 -36.379936 96.986649 -45.391567 -28.487137 -13.065666 38.518036 13.955657
-87.487907 58.229809 19.495581 41.467003 61.874653 51.701046 -42.475864 -24.514570 -40.951832 52.570007
87.183640 -83.606400 -91.401367 -91.865685 37.224899 42.514156 -34.660793 -77.922005 46.823669 -94.365906
-8.387996 36.900303 -97.652916 -5.303585 -86.107697 37.897701 -55.778603 64.599060 35.033669 -33.574619
84.450432 -81.152534 88.231750 38.975609 47.680214 -61.323135 52.055210 32.229012 66.128365 80.463608
-0.072470 -17.824129 24.287022 89.224998 -80.383057 41.592434 44.645428 99.905388 -72.651405 85.754555
62.445549 -82.256981 38.994755 -25.883102 2.431535 -99.726646 -28.335960 -71.407318 -35.467018 -3.440206
2.397467 -19.930830 0.814559 40.466087 28.183525 23.251766 81.196587 -88.663322 -3.953861 2.023322
60.451714 -97.478172 90.534302 -31.701582 71.292511 -45.068378 87.896919 -9.476454 45.886078 -2.778978
8.175671 54.407730 -65.122719 -81.141533 74.440979 -41.522820 -6.469090 72.166534 -31.198812 25.743992
18.419138 -31.557398 99.265533 9.648700 34.125790 -96.853073 75.450180 -11.466899 90.969734 -71.299469
-32.260674 10.988772 -99.050957 -55.901310 -71.349632 -2.524000 99.503311 77.871948 -92.110985 -75.784431
97.418022 77.908035 -93.932983 -68.763161 -48.333088 -61.440189 -37.926308 -66.725899 61.911579 -84.048424
-83.024986 -15.419304 56.423325 -94.476997 -76.187126 68.070152 -69.114342 71.836990 86.721901 60.272011
84.442322 -62.696213 75.321999 41.269501 71.277885 -92.384087 -15.200537 -14.418900 -31.499338 64.895729
-76.695496 -67.117744 62.266087 -7.913019 23.560886 -74.476959 -44.523788 -41.936066 51.839821 39.919579
11.600100 26.436966 34.652916 -13.746393 77.666344 -19.420698 -92.574226 59.312820 -25.601707 93.506714
83.433380 -18.665413 20.707212 -47.516979 82.522957 64.323975 81.387787 -55.230244 -52.660389 -65.073677
58.542252 4.288237 -47.276482 89.049606 -37.750782 -59.633717 -53.105156 -22.926664 4.719282 -71.333015
35.037556 66.262833 78.829926 -56.987457 -92.814415 78.849655 65.557686 32.571953 -54.602932 31.937460
24.011765 -43.460136 -87.529495 -68.518631 45.760757 -19.631308 25.102970 24.556162 -26.777361 -50.175858
97.014015 96.882271 75.123466 -71.122017 -80.404778 -20.990051 -10.060288 -61.142418 -26.087200 -18.980333
56.956722 -79.129417 95.420952 -27.943087 -79.410477 -85.065567 22.827356 -38.452629 -2.752168 -25.631653
-55.191437 -77.274628 -80.728149 65.224152 -36.283684 -90.521477 -53.485306 -59.781452 -22.728024 -12.497151
88.256577 -47.220856 96.192299 -48.114338 -99.016747 -53.202984 71.988594 23.414303 8.634511 -73.320976
-95.999870 -16.861917 55.179031 -50.269527 -15.689348 -72.398300 -53.949646 -83.337372 9.880360 4.969042
-13.073341 -52.674232 -35.249092 2.373805 -21.747002 -73.078201 51.857277 74.714188 61.402325 -66.165024
22.872221 9.496212 -43.058323 -27.041870 44.044342 83.608253 -25.829098 32.032516 -11.056686 63.437332
-89.708420 48.254253 -10.450516 -62.484097 73.705643 35.312366 85.247612 -3.515925 -50.207462 -16.074726
40.043346 -82.645737 -28.291853 28.378523 -74.503777 14.900443 -13.324362 72.379608 69.702469 82.484322
-75.709801 -57.386192 54.508083 39.358631 31.920069 94.201065 53.371883 70.314621 59.291382 92.417816
-59.070549 -27.680218 98.899170 -46.996986 60.364300 -57.622162 -53.210026 -50.011009 66.123535 -68.874657
-91.827347 97.161461 -37.657951 87.407921 59.539719 -5.841750 -17.657120 64.693825 83.025932 -45.909603
21.070608 81.360786 -82.943207 -59.528625 25.549393 72.572121 -28.862486 10.289851 -41.648563 -68.623329
-70.569717 -94.875984 14.883543 54.387905 69.863678 -80.201370 28.551718 -0.624452 1.190696 28.680403
-45.772953 -62.580967 -86.849731 -88.989014 49.504868 -34.493427 28.772942 89.307121 69.267326 -58.268753
-10.629397 -8.343773 21.287868 15.280837 -45.627838 -85.552956 71.187057 49.520111 66.074646 -73.773819
30.882751 72.356041 -47.640202 -50.644524 -59.318813 59.128292 -79.441978 23.660316 80.531746 -56.675018
82.931358 -53.280521 64.718124 9.308034 -89.739769 43.064465 4.688120 -99.728348 -15.240263 93.981262
-34.606632 4.646583 -82.776955 -76.376328 -26.812296 24.639326 62.897266 -0.217225 62.135128 21.159582
-82.318565 73.811638 -51.271038 -92.343040 10.633563 -67.732574 2.468096 33.819725 25.112135 -66.482468
40.173557 19.720213 22.667492 -52.594830 92.090790 -39.144672 27.816681 -16.367365 19.656391 19.124161
-32.637936 20.214451 7.388183 -35.560665 -83.574196 -1.409352 -94.951973 -68.568939 -58.896935 -71.169518
16.898905 57.878792 -41.184517 -57.852116 4.130405 -4.473948 -47.645103 70.354576 86.414215 53.633331
-64.197685 -57.309120 24.967182 -66.937050 -53.561108 -73.970680 32.821236 -41.024776 -75.723648 15.463104
-17.641813 -32.516930 43.870636 -39.878407 -58.661579 -99.704857 -78.104019 -0.768174 -80.954407 86.758308
-18.477615 -68.188362 40.003746 8.408019 75.115799 -68.650002 -97.751328 -8.698778 -13.931411 70.224281
86.787827 50.495377 79.990540 27.143232 -35.799641 98.809990 25.210314 64.122208 32.461243 90.737434
5.715252 -19.575888 33.251846 39.134026 -17.957319 30.679316 -15.518456 -33.116348 47.985386 46.505867
-92.300148 92.622528 -77.841339 -52.245514 -55.753330 7.686358 -76.673683 -26.783014 -6.426285 -26.338707
61.224045 79.098679 -18.305622 -35.452057 -83.295471 -3.674968 -82.566833 30.521713 98.443451 -68.600975
31.628780 -68.765854 -89.713394 -9.797435 29.420092 40.059517 -17.389473 -73.696945 26.909410 30.151039
31.178413 -63.927643 1.891448 7.174060 -31.975580 61.460751 -53.613739 16.725065 86.038879 -72.646828
58.234192 19.643137 -29.301653 4.987557 22.868055 -89.339294 67.221481 -15.990037 -63.983509 66.008781
-78.867867 -99.195557 -81.368484 41.586678 -28.890154 49.500210 -66.790749 21.734900 80.970886 17.235500
-3.783750 -26.392689 45.753597 -65.825653 8.922689 12.011519 61.571110 -33.571518 43.919079 80.258156
26.740917 72.946396 34.797394 71.745537 24.910038 -5.104765 26.572464 67.060730 35.052013 -86.219872
-17.698606 66.956528 13.572289 69.783936 -33.123734 5.968954 -76.268661 -42.855457 -32.695339 -93.395943
72.264580 15.992068 -96.642021 -96.825287 -18.129913 88.898170 78.883629 -26.035992 96.042191 -40.847591
-93.338737 89.863197 27.201210 -29.438517 82.605003 26.019680 54.827366 66.659615 2.856635 -21.040716
-79.404510 60.737995 50.823833 -99.461746 44.240330 74.159035 -84.483391 -7.387854 -68.913391 74.211411
-11.747970 -27.844389 -35.553051 82.372536 74.746590 85.611977 69.883110 23.026169 -61.750797 70.379677
-46.282356 50.232311 66.053299 10.117403 6.157492 29.597458 95.958107 -70.256973 -39.378628 9.625687
68.697586 82.624245 35.659698 42.389072 41.069641 0.905402 78.728104 -24.884094 -97.517990 61.752697
25.331230 38.095013 -48.944599 61.026398 -72.500443 -75.370415 -79.222397 82.673264 -52.315079 77.479279
52.433537 9.226413 45.764191 -45.466667 75.070007 85.690498 -68.715118 -74.176628 10.977062 -58.745590
40.329174 79.553497 -39.326584 -1.648650 -92.755684 7.852299 -65.682037 -27.107214 -89.604645 -16.841776
-35.098347 -16.930418 -48.881462 -44.510971 -39.355106 -85.109688 -35.947853 -65.287125 -89.610687 -56.796368
40.113583 -49.148594 -96.978065 58.898026 -91.878197 35.401287 -64.409889 -58.382030 28.735662 -50.947861
19.335001 -80.957542 -7.874652 -51.889099 -57.015907 -78.312660 -75.798500 -73.731102 3.946113 5.065533
-7.630129 48.858753 -43.480072 -16.355513 72.763435 -27.851011 41.720146 -6.579071 42.865879 -20.300772
-19.893955 -47.721611 -5.148020 -51.124931 -11.376215 -27.560953 -45.334358 69.882439 -50.392776 -75.280853
-37.566204 54.264626 -67.183769 -57.376972 -71.669838 87.782372 -63.925453 58.631012 -96.712784 87.111023
-52.246288 80.043541 86.870163 -27.417843 50.278259 83.896240 59.703049 8.225372 97.729546 34.915535
6.718180 99.481667 7.275573 -48.546856 31.049862 -97.193535 70.464676 84.619499 19.913649 37.387348
-0.685287 2.997830 96.210388 92.821320 -30.761423 79.187241 -70.654617 -85.366814 33.342583 79.943848
11.811790 24.206383 64.307640 16.979826 -42.422268 -22.780521 54.345181 -48.284904 16.910078 -46.845600
95.885551 -51.141914 79.522636 15.195344 9.477049 77.272995 -31.207088 -96.518883 -29.157545 60.998692
27.166714 -30.939905 -83.802231 96.999489 5.454584 21.893724 -59.074680 99.215729 -73.871628 7.829772
9.171985 32.130230 -40.008511 73.460716 -54.207005 99.792603 37.364758 31.754057 68.356125 77.065361
-12.944283 51.804340 -53.863655 44.631664 -27.303907 -84.160065 -67.569016 3.756239 -15.847840 19.838041
49.104111 -12.223822 -31.018398 12.534682 -40.695633 -98.334320 -73.064415 72.966866 58.243877 -25.446709
-84.398575 46.692551 40.407265 -20.074026 76.028961 -23.790867 -15.150133 -17.741844 82.437775 48.441608
-44.567192 22.600876 -43.661160 -6.083534 54.971504 35.002354 54.086910 25.659145 -31.763111 -1.607759
27.370308 97.272781 38.174259 3.049349 -21.642635 -33.270676 -86.283798 43.911415 87.521103 -66.047203
82.375259 -14.725315 27.757799 -19.770723 -47.673756 -74.278305 -29.714258 93.915459 -38.732590 -21.830320
89.314255 -18.361603 -50.836433 68.027184 -84.850700 -71.400124 -54.738483 -13.028330 63.940247 -63.653416
-20.179739 5.358779 -59.635098 -39.107952 54.551826 -56.785950 18.856134 80.788559 -61.291462 91.653969
-14.552329 -3.600396 36.828674 32.875378 -31.938457 -47.292625 2.447161 -79.304489 1.190752 13.918794
-77.921921 -59.129238 19.809116 35.842300 -80.272751 6.871361 40.445858 -75.433617 46.203541 -91.940178
56.281528 -77.160210 86.112083 20.162691 -71.552872 -86.795280 -95.835960 98.655251 -54.615246 73.508438
83.686867 -48.327522 77.715851 -86.489212 -89.871765 56.888165 4.299253 -66.749794 -75.529816 46.681004
-46.564632 91.117699 35.521439 76.214333 96.455727 -57.116905 96.092346 48.227127 -47.148682 -17.710840
-76.270927 57.629364 41.671539 -0.060795 25.560385 -50.014709 15.644641 -42.426559 68.796982 17.625280
67.986313 28.482950 -2.601535 -79.100624 82.627045 -40.164124 -56.895084 38.142677 49.594193 -35.051910
79.220474 -39.699989 55.075848 34.978676 54.297485 78.698769 -41.612778 -97.886169 -34.313824 -23.617764
91.683182 7.435983 -60.149292 -47.229298 -7.347249 38.098995 58.260323 77.582626 85.032127 -82.521027
-58.159794 -23.828642 88.614914 85.329521 -69.371971 -80.000626 -96.673721 55.073227 96.900482 7.105166
71.777916 -34.089710 72.706169 83.597954 44.522247 41.169922 -55.923908 2.937695 -28.714598 -12.424929
-19.293400 -33.293598 -38.424099 99.131653 -15.793059 -14.283246 56.879135 8.513140 -55.343464 75.797745
13.635715 51.378063 -70.898941 -76.466599 -49.759892 -37.419071 79.810638 -82.992393 -53.651886 7.727310
-13.543895 -69.606277 95.070023 12.368380 94.199142 -38.860027 -97.015152 50.798473 -76.416321 71.895233
94.386078 -79.037514 -6.172746 -12.000626 85.550804 80.969566 1.696124 -64.256332 -2.709057 16.958483
67.301064 65.433853 -94.258392 70.867180 54.329597 55.313587 74.190460 -43.646706 5.939804 -3.824591
36.942692 59.119122 68.467979 33.135674 -45.235065 63.567055 -94.453072 22.891724 15.463777 -33.334206
-87.152924 35.011383 -50.554207 73.492172 9.973458 -58.519077 12.192084 27.807867 82.028801 -91.406487
84.144844 -87.793060 83.734116 -11.085664 -51.884789 -47.175262 21.788319 72.698654 -33.755611 -61.588627
64.788055 -60.998932 -4.243697 17.943417 39.295986 7.228948 -63.004852 45.633076 9.185309 30.905313
-81.343811 -77.710777 90.606346 93.961708 -78.112511 72.637077 -57.889862 -1.778014 -78.805824 90.127350
89.891350 14.148157 39.640694 -75.896622 -51.206314 15.653190 -35.634541 96.467438 91.442635 47.097309
62.620102 8.385184 92.233032 76.042053 -28.784531 -94.567940 10.020954 63.342163 -88.109360 -42.304672
-31.737720 39.770432 -1.572016 26.108494 67.836067 -0.225888 -52.841934 -62.500938 -71.917824 34.260410
36.051785 -75.905174 28.864569 -43.276840 -64.143539 -17.688072 -1.890398 16.297808 47.690460 -81.991585
97.903381 77.820007 21.781719 -29.519110 95.269524 -10.702466 67.371605 -52.925293 -30.452730 -17.017683
-69.046654 -53.492764 -79.178329 -83.138176 34.229458 -65.724777 -13.856698 -93.303238 68.385170 31.660522
44.515713 -55.729908 -20.804838 42.419632 64.076752 22.732311 41.840210 -37.807419 -42.044647 -2.113043
56.184109 -24.087782 -78.744347 8.838078 -46.456661 16.692844 -94.242577 -81.832382 -80.809364 -85.153893
-68.704674 92.976471 17.598000 -74.513832 71.590202 -4.092072 80.523094 97.642876 5.923610 -8.136381
1.238488 -47.195950 73.984222 -24.455841 -49.518879 14.493294 -57.802998 26.331585 85.638626 8.035089
-50.223553 -80.611839 -57.197792 71.308952 23.139236 -47.028385 35.976547 74.569878 80.421577 -35.114429
-1.957846 8.507917 91.919785 -44.289112 -71.726143 58.527565 32.570518 38.218334 -44.212532 -31.284994
-85.373032 -95.631737 -74.543999 -58.896191 -72.117065 -82.452942 -87.964035 18.145315 -99.034645 -54.508034
89.314056 58.036228 -16.500975 39.227322 -84.088608 -31.112679 -37.919590 23.406429 2.247905 -51.637733
-89.826363 -67.143547 34.212833 67.266426 43.843170 -3.746048 -22.155602 -76.269272 -81.262535 27.055605
0.403751 -59.876728 -95.243454 85.590263 -45.584690 -66.091347 -46.132603 57.872288 -84.683479 86.648720
95.533249 67.246506 -87.396400 -81.985222 -16.540758 52.092113 51.673855 -70.249535 91.740364 -29.514145
71.015556 57.973171 -61.884933 89.726562 -22.049236 -20.254463 -1.673786 39.362148 -78.192184 42.484524
88.976036 -18.202045 -65.641479 46.132500 -89.126556 -95.148376 54.947353 -59.562363 36.630463 -11.673085
68.614510 -12.244801 52.871033 52.242481 -70.864441 64.684006 -72.800072 -75.924454 42.800365 -99.602234
38.317692 56.597183 -62.275665 0.051584 80.700478 99.390968 94.500687 9.950747 99.575523 -4.926824
69.703178 3.812737 -61.228142 -58.236603 56.260445 -98.089821 28.828239 85.990105 97.637184 39.484966
-34.732105 80.975082 -59.214001 -24.877022 37.190777 -25.433952 -22.123165 -6.250844 18.224794 4.479144
22.700153 64.755600 33.350548 -74.357719 92.265091 1.867581 43.843723 -23.119642 -37.600166 63.038837
-34.169460 97.262802 88.986885 -19.188551 8.907495 66.004181 14.637558 -1.808297 64.011742 56.500072
27.078218 24.382097 -3.825144 -97.714211 -35.918552 -41.926785 92.535629 -26.370239 56.580330 51.605083
61.104336 72.979080 -39.351521 -43.620377 -69.707039 -63.993977 -40.858978 -70.967026 61.619614 -2.907974
99.016701 63.821289 -91.854706 -46.329006 -19.117191 -53.702908 85.405830 62.725048 42.259106 5.044626
-83.365295 3.754524 -73.081963 14.184669 49.957550 71.035767 -31.706072 42.397045 17.410456 -58.482281
-0.531140 48.146221 54.265171 54.443310 85.028305 -94.344864 50.470242 27.482422 -70.907211 29.534294
-22.930166 -3.758990 -1.320898 53.944542 -86.748428 52.420540 -57.497334 -45.651234 -77.596077 -73.402725
-29.258747 -22.887020 20.229816 -28.911322 21.543560 -46.497166 31.101379 0.682359 72.671227 31.231600
8.942310 53.363503 -70.776688 -34.548080 19.890202 3.718124 -56.848515 49.711910 -85.001770 97.959641
12.106389 71.544357 -24.546755 -10.025918 -98.517815 -45.975891 27.200945 -28.819654 82.818687 50.353912
-21.834692 72.225494 9.419146 63.078735 -99.255806 65.268364 94.152672 -7.079117 59.701515 22.930996
52.236626 -29.292624 91.081345 -66.774010 -93.994362 -83.371269 46.396561 -8.655312 1.210038 15.842407
-74.004585 -72.850624 27.670637 84.827812 16.330349 3.529377 41.115143 63.664288 -97.713974 25.945339
-24.403797 26.199318 46.611794 -90.896873 73.621109 99.591782 -33.663548 -99.622711 96.531708 -27.033997
36.378525 -14.132112 23.615034 -61.226242 20.806036 1.090659 -88.188553 -99.552162 23.144016 -17.486137
-46.711491 -20.974195 -74.926620 -29.843704 29.726669 29.748047 -17.818092 30.758608 -73.973442 -7.552868
-9.264175 84.246628 96.452126 -24.828526 -7.206312 16.055738 -53.149555 -82.109383 2.799091 -14.950726
0.799081 32.615383 -1.198435 19.019300 -51.227955 -68.568489 64.830757 -97.112564 -10.302508 57.792583
-55.165844 -65.542130 -43.113873 19.671755 -73.467545 -38.683331 9.004468 80.285477 3.642870 79.057953
-12.660469 -82.744019 81.925194 -19.715549 38.798420 -62.856701 19.498560 -51.553795 56.593067 -94.233582
-50.829742 89.092628 56.015373 62.843388 -13.110047 -35.277943 -39.847466 -84.271011 2.265085 72.588646
-26.929321 -69.308975 -24.439890 -55.709488 86.408386 -17.482971 -28.517262 73.112801 -80.464897 37.410652
20.473488 -94.379875 -60.386147 -14.946797 -6.795418 -86.340904 62.938278 -0.072719 -34.221127 -44.303783
18.124699 -9.908563 -99.033760 -24.559860 -79.032272 16.587801 67.406425 -82.728241 73.682533 -54.053513
47.273571 -87.334045 -70.563660 -7.284504 50.048538 51.637962 -92.862244 -86.812370 7.220044 -12.866601
-11.083083 55.669582 28.965437 -33.336056 -7.501986 68.323769 20.225857 -81.766800 -86.132729 61.136711
72.451996 -91.881706 54.860538 18.745705 99.945900 -96.674103 7.886912 -67.535248 1.478813 26.654892
-75.917984 -78.509018 -14.512590 38.867828 -24.281252 36.521164 -87.580025 -95.140152 68.307938 17.787643
98.099556 92.095581 -76.984627 77.090965 79.695724 -75.148277 20.626280 94.189125 -9.616211 -17.462334
-51.486900 73.291710 55.971241 38.719151 -80.072021 19.211784 -62.924240 -66.396049 -68.224823 81.902260
80.884972 54.839298 45.244350 -97.769760 82.406174 -66.813759 -51.356598 -37.241238 -98.126129 -24.999542
79.505302 -56.911282 33.948284 18.561125 -10.840336 51.610508 -82.314583 20.815386 99.065384 -10.645503
88.040268 -80.066925 -50.434227 66.959824 11.188768 -39.137402 -74.135605 -16.708061 -8.291731 75.649422
-30.428341 30.150492 17.373260 53.526703 -92.559616 51.550442 78.198975 -87.670021 75.564468 -75.683426
-78.801285 -61.425224 96.763138 -89.440987 31.140427 -27.513195 39.305363 16.349823 6.110276 -87.816689
15.001514 88.623734 -45.697674 -36.529392 -6.883684 15.017117 16.919077 -78.582504 0.989550 -66.087730
67.372589 -90.282623 43.321564 -1.859149 -7.194459 -35.508072 22.585009 85.784721 -57.760548 61.074413
5.046895 -3.984246 2.203839 -23.044436 30.747894 -39.629047 38.932400 3.080378 -91.442062 57.904217
38.987530 18.939892 37.817097 -1.546031 27.141970 -79.245804 -13.763103 -60.373768 7.673356 13.516115
