68.177223 -34.359554 -10.291724 15.879362 -17.933966 19.882710 91.266861 -4.220008 98.180717 42.592384
45.007698 -29.517017 -90.684715 66.421089 36.666462 -19.906244 -9.969684 -14.528728 -83.745811 -30.309134
-57.095856 95.112640 53.578239 55.449352 77.982079 25.126247 26.810944 53.554012 -73.067619 14.148649
-90.098030 -78.420486 -59.167240 -60.884933 91.482544 3.609105 39.690159 -60.366802 -19.132149 -31.728750
-83.770477 4.462713 33.694118 48.074905 -36.802464 16.391129 -71.779358 -22.980707 5.961895 55.539883
-9.247144 33.694740 -64.771797 -33.387325 70.116196 91.305275 -32.466225 -15.559148 -63.899265 -87.923241
-96.279434 -94.603073 -28.457188 73.270866 -60.570156 69.328682 58.884605 -9.230581 26.733746 56.810398
-78.954697 -95.355820 28.297955 -22.150341 60.559361 36.888706 36.198132 63.097218 -72.779808 -31.898018
39.913342 46.868114 79.747032 -97.935028 57.994061 62.931183 -69.133827 -95.792816 57.808876 -98.072762
54.597832 82.319946 -90.935234 -86.667450 85.986748 6.169591 -82.972038 -7.683596 -91.779182 48.303970
31.031069 -80.490974 1.746252 9.162873 86.230095 -64.229790 -35.593086 -6.028067 44.507999 -45.825588
-25.749556 55.609173 26.301214 41.983421 4.789268 75.679741 25.565449 2.358184 -86.762375 -88.421608
47.234409 -15.184344 20.784430 5.254281 -17.958847 88.451736 49.532211 52.354599 -6.463356 -70.499123
71.483322 -27.687435 -7.773379 -77.481560 -24.312777 9.615174 25.984823 74.412582 -73.912010 84.638557
-57.740963 6.271222 -23.775036 -17.336847 30.307434 86.522949 85.410667 35.398964 -53.929638 -70.718521
60.620502 15.331937 33.730236 -24.239189 90.206535 -27.912415 14.631270 -83.251114 2.817854 64.543495
96.577637 57.171268 78.495575 -91.310318 11.183474 90.605171 -3.006272 39.223366 11.658093 -40.183990
-29.436010 -57.930206 24.634123 -33.108551 86.150848 -63.902164 -80.294495 -83.998764 95.609810 69.093727
-74.666023 99.600075 -36.099583 34.081635 73.255791 60.136562 44.660999 -54.359325 -58.388275 -33.025826
-62.108898 62.965328 -31.978493 -56.968319 42.399761 -48.899555 -28.127520 67.621452 17.704899 96.816444
39.271290 72.492287 -24.305614 78.642288 -7.526396 -24.635128 51.414738 96.391724 -33.080219 -48.111633
76.310005 -15.100723 4.549094 -3.368201 76.427826 -98.762367 72.044655 6.680469 71.316566 86.938225
54.087585 -82.809433 31.477119 -77.961517 -31.316839 75.358459 51.209152 -17.527349 -29.409016 91.112503
83.134872 -35.987991 -80.655090 79.340813 19.839582 -84.691338 -31.469149 89.380577 -53.540154 -78.416328
-74.208580 -10.591146 42.345146 50.839180 63.264206 -65.829826 90.715240 15.239180 90.132362 -69.358124
91.895630 -46.733429 7.064186 24.304956 -45.789719 72.945946 -26.028219 26.010801 71.482513 -68.002190
4.791277 33.901478 -52.507725 51.215637 -63.077553 15.751990 19.087547 68.771294 -29.152771 -92.286537
22.859640 30.569271 -94.016762 81.953705 -58.385677 -49.946293 -9.253833 17.190004 46.628273 68.974594
63.508293 46.631023 -14.940410 16.889385 -53.807110 -99.278465 -5.295590 -18.812088 21.065105 97.138824
51.342682 4.827809 -29.041044 97.144432 -22.718435 70.173546 10.864604 -11.983105 63.794453 72.290550
99.888908 -34.302845 -95.956734 -84.684990 -43.958652 58.153000 -59.724461 -9.410467 13.244947 -3.288801
65.179184 86.177147 -61.723518 -75.038666 83.272545 -59.260204 -82.257683 86.775848 5.251757 -50.181690
77.365532 51.137615 -79.910118 -39.824860 -32.891533 18.557903 -83.404388 -43.919060 -33.927349 59.098457
-60.361282 -88.346275 6.367088 -84.794037 -26.807768 -99.521523 -64.590721 0.503815 -50.155602 -15.537863
-66.553558 54.209450 -50.684422 -24.518637 19.998262 71.009903 97.868088 95.708244 94.186836 -60.041965
98.505478 -43.362942 28.219084 -31.062969 -61.800209 -87.307228 -83.379189 -25.881557 -4.570779 19.691694
-60.725029 2.802299 77.532272 -85.841736 -10.317382 -50.495667 0.404727 -23.578053 -39.418743 -12.147336
-82.454430 64.371094 16.658230 -49.542370 44.103230 -95.412102 -83.685242 39.369041 95.186188 11.484732
21.485222 47.764713 30.181807 -59.262932 37.695835 75.733826 72.500053 83.070969 -74.628716 -75.875885
-65.604324 -99.247375 29.524721 97.888512 -79.481766 -89.548050 -78.022072 -43.922260 17.025860 15.315923
-41.271835 -76.978142 91.731895 -77.597588 -27.023554 5.730943 -26.411150 -90.079636 -52.604691 16.577879
29.822142 -95.652840 21.830149 39.397064 -51.778206 12.716883 -92.663551 -7.126028 -8.420414 73.688446
8.717326 64.345108 -56.644474 3.685270 15.348000 -29.064259 -77.419701 -24.156723 62.261444 62.461620
28.856014 84.895538 66.951553 75.461685 43.650558 82.093124 11.929202 -25.325495 60.620667 42.690804
5.906370 25.156815 -31.778837 -78.514030 -73.708862 -17.493513 -18.845440 -89.036392 14.883005 57.528000
26.403584 41.111561 27.971085 -34.322548 -24.819653 -54.307438 -51.929825 -85.148857 93.428688 91.612831
-95.945679 50.532310 5.113024 18.811087 -35.095871 -36.277431 22.807865 20.085096 29.792208 -80.140511
83.001602 -89.735001 0.220632 -13.944518 -84.108017 -24.245342 -64.569656 54.412315 -49.509384 -16.708469
49.664696 9.794490 46.807919 24.243757 84.727051 -77.561317 -29.413681 -50.080517 -76.113564 60.736813
58.166904 -80.018715 -46.293114 3.557683 25.190891 -47.611267 75.692551 -32.255482 19.094181 -66.054077
-4.315573 49.008686 16.275936 -54.176620 34.093781 41.421883 -21.581953 -87.629784 -77.966347 22.759609
52.417347 -10.610746 96.418716 -47.508533 -92.764206 -46.364857 -28.686916 -56.158642 90.671013 -77.320343
70.101173 26.462873 64.076668 22.530996 -2.488282 -86.284927 -33.992737 38.589874 -31.562681 -46.786808
-58.932617 -90.244492 -13.120746 -71.635284 14.549574 -22.917730 -97.433342 -30.781569 -60.463402 -84.683937
24.073597 95.780327 31.389919 22.448549 59.911034 78.296600 -76.900635 -53.858356 -52.377258 76.251190
4.204519 -93.525017 -41.254677 -38.353260 -70.384300 -85.991791 12.072563 -42.031567 -95.698822 13.329492
37.278370 15.408193 -20.077286 -65.787849 58.666016 56.865356 -49.255920 18.374565 28.820225 -46.540333
-48.140041 76.054276 -51.402672 35.910816 74.054878 83.945366 25.193373 -95.668510 -96.202698 11.124870
77.085724 21.107861 93.739189 -46.058537 96.454620 76.475227 -62.006008 11.450620 -66.643875 -12.020068
-2.110365 79.713333 -75.128487 -27.279650 -64.835663 59.977077 0.930697 9.847948 -42.495361 28.069874
14.005587 -7.688740 -81.666428 3.139189 23.122517 89.021042 -39.697025 -87.286011 31.300741 -0.172299
-92.141785 -59.928730 -1.968616 13.536786 44.956203 26.883627 99.631172 -21.429743 69.714691 -72.917473
73.700737 58.331104 32.135826 50.676102 51.007511 -60.561340 -2.722863 40.166458 -95.071815 90.012230
3.054547 -87.087097 -42.483711 -65.186256 58.157009 19.758924 82.232979 98.931053 51.203270 -15.517759
-57.720581 -34.037014 94.982994 7.996394 -55.331383 -93.531181 -16.323095 -62.161079 -46.556202 -6.527982
98.846992 99.821121 28.026098 96.624275 88.141624 -99.238052 93.779648 -59.321831 47.182217 -74.406624
-67.027367 47.416805 58.667789 -9.709653 18.588156 80.050903 89.644379 -47.049831 -39.719318 -25.106152
28.234436 49.080116 9.339958 33.792019 13.207209 52.533493 -88.844780 20.291477 16.254776 5.086682
15.352457 25.421799 -11.787104 84.498688 73.808601 70.447289 -17.885340 80.190796 -28.324337 25.316399
-43.776932 73.978241 -19.144051 -59.158031 96.669991 45.533745 -28.913120 -1.299897 -4.024256 -92.338905
-35.007404 -62.402313 27.588215 -97.002472 -79.176048 8.732684 -98.304611 44.029209 -43.355228 -24.875132
-6.576653 65.242409 -37.483746 84.849274 -72.638855 71.766624 68.996025 96.787018 96.142975 -91.463860
37.249832 -35.978451 -12.323085 -11.741559 72.370491 -81.920082 38.789406 89.017868 57.916836 63.331238
42.783272 87.089088 -2.248276 26.591221 -35.316063 78.122780 74.190773 59.419502 90.682350 -41.726315
68.151543 62.324074 -47.832493 11.985914 -90.598305 -2.860906 84.691589 88.069298 -53.362682 90.031509
-33.079006 -87.244652 7.370557 -40.005573 51.218201 99.860580 78.763206 77.251526 6.826750 -61.858368
-2.763596 32.319553 -15.710985 45.145332 -61.422352 -56.339046 68.680244 89.021996 37.664532 65.653587
99.909981 -12.086133 22.523653 -9.860577 58.930088 -0.934788 34.830338 98.184227 -46.505596 -90.079788
33.041691 32.490654 77.001877 -41.375988 88.211098 20.145565 15.379627 64.659233 64.976875 -75.734245
-83.286812 -57.961971 -54.181042 -88.078857 8.205129 85.833069 -74.861824 12.022904 -54.592358 58.006737
-51.775440 -69.611618 49.314964 -5.782577 48.447784 99.024513 69.633034 -41.994869 54.174526 -39.394657
92.149467 63.934547 72.038727 -42.662582 -26.518042 -73.433289 1.758119 -90.531670 -12.102056 -34.751194
21.771708 -5.357030 18.291933 -3.457331 -16.746435 -43.633347 74.227959 33.617352 18.242258 94.462753
67.924644 -57.413826 90.587852 -15.711785 48.080696 -37.998566 -31.715910 -83.649109 -81.305847 -38.680199
52.333820 73.287674 -8.824995 49.708420 48.539055 74.514153 47.356174 -29.219103 71.265984 -29.259701
-89.456032 -3.816862 -22.809206 -3.649216 -74.563446 -60.012901 82.409416 -24.309523 -81.438889 -99.469849
41.733459 31.456955 84.117844 7.384742 96.871735 71.907753 -10.080490 -80.858299 43.512966 29.360826
-35.896008 54.527596 -53.268200 59.378365 42.821468 78.361237 20.465332 94.744377 -78.702751 -16.111914
98.597061 51.134171 -49.196629 12.347301 -32.603985 -59.561886 -39.087856 86.366020 -16.316641 85.045609
-8.436619 47.914776 -61.954975 -50.387703 -80.934105 16.864183 23.367947 -87.557381 18.588793 -39.916092
31.031168 82.830734 -45.450115 38.359489 -16.564476 24.432629 29.115599 -2.823399 62.644787 53.504265
-26.875715 -11.225781 -64.501839 79.316147 -92.797333 -69.583099 -23.353388 -38.396305 22.521948 23.177471
68.946800 -92.317238 -78.774666 95.742767 79.104691 44.295727 41.781925 -90.777092 -48.326977 -2.958208
-53.363049 57.356152 83.963310 53.057381 11.273528 -20.364073 -42.497391 89.783249 -3.123838 59.523113
78.412758 65.447830 19.070196 -71.396667 83.829102 84.725006 3.983181 -14.526719 -68.156906 38.135883
-60.961281 -27.600506 73.881119 3.272135 64.122719 60.199612 -87.980995 -25.126713 36.881786 25.970036
-70.201805 -15.582506 19.990379 72.000809 -49.356274 -1.691389 -65.036873 -75.250160 43.955040 -24.323650
50.455185 -38.120430 9.599056 28.617607 -13.458729 -16.389063 -56.377502 82.536560 48.073906 -47.074867
-49.147129 -22.601042 76.401413 18.184837 3.339003 32.855347 66.268288 29.054403 14.353242 -22.091206
89.065681 5.305941 -84.422546 -43.388851 -24.219339 -2.434118 -8.663173 -21.445301 -83.391495 96.633163
-29.567001 -71.729530 2.506381 44.300526 1.076900 9.826161 -60.667202 82.692795 57.622032 -80.584274
47.453236 71.133369 -71.431526 96.974670 -67.117737 -82.556740 74.268440 -89.065514 17.518871 50.665752
-18.357172 13.168840 -65.633202 83.656898 -3.295434 -52.115597 -63.681797 48.791977 29.299555 -23.225945
-89.887985 56.165508 93.793854 -78.827095 57.573341 -6.572490 -25.539076 17.707283 59.414238 61.699612
61.508228 21.569357 60.440208 -81.810799 -96.965332 38.450481 39.978699 25.705641 8.024478 -32.975533
63.938087 -13.779019 -46.997917 -82.412346 -5.404686 84.796127 71.545425 -73.196526 -65.811996 -41.369259
60.939590 31.643185 -99.814438 78.942856 42.448895 -31.091969 52.068550 -25.017208 -31.073978 -74.561218
-35.877594 16.399094 -56.848064 10.087857 -90.005531 24.358582 50.570728 -20.906498 -22.677721 41.457073
39.763760 48.257023 -9.519092 -20.394918 63.511284 69.897324 -79.628052 -6.923208 -17.955622 -58.798244
20.598042 75.942665 37.675747 -21.661623 -25.259470 -81.119781 -94.332283 -15.370809 68.236755 89.796623
-41.983543 -24.392223 37.578159 89.828682 -33.430012 -65.361931 -42.626991 48.535194 -75.453354 22.357574
42.888077 19.218271 -43.384422 99.961327 -5.035058 17.508705 6.179933 -28.432858 -85.018501 11.617280
58.910027 3.671638 -97.732834 -18.598242 -27.087580 -30.212023 -18.922899 69.207512 69.019966 -14.160324
-80.450279 44.653706 -69.471512 1.661978 -50.499535 -85.981667 -8.727615 -50.602661 52.663383 -0.606747
-48.850716 1.723669 -31.096115 49.450287 -61.726109 -80.125008 -41.989525 -49.007652 50.987328 4.768788
-34.139240 62.109093 -37.008350 57.702400 -64.618347 34.596958 88.959175 -19.515848 -80.012398 -24.994776
-86.597679 -72.733414 -5.402438 86.888428 90.519463 -92.999123 -8.398208 -45.335266 89.043373 -15.604399
-59.167454 21.851665 -69.957230 99.637939 75.379562 -10.859141 -6.943027 -94.391014 -22.977211 -30.666059
30.624228 -78.278976 58.735207 -66.531456 72.515732 -14.623151 75.327896 58.187881 -13.245156 -1.510217
99.354027 10.736810 -3.267705 -7.858361 44.987926 44.598072 -73.418457 41.457104 -83.820518 15.537016
-8.875164 88.368179 88.431564 -5.478882 -61.622330 43.000233 -13.958117 97.042442 37.516430 -4.293214
75.599792 2.699319 -30.018669 83.572472 41.038582 -69.669968 6.874996 -97.003731 -46.182785 -15.526565
-99.878212 -68.120499 7.490312 13.318316 -68.455872 -63.419506 -50.312572 -50.051044 -52.233997 55.039253
80.298538 -95.239494 65.985718 -45.530960 84.796112 -36.291985 24.402542 -76.062592 -68.365997 -53.561207
3.244097 -24.204798 84.077286 -29.017094 -87.492691 -52.513924 -80.145546 58.915279 92.971756 47.104973
21.682171 99.632774 96.046204 14.682711 -74.274841 -90.141396 -30.947329 -3.047453 36.698002 62.399582
82.825111 91.231285 -69.776848 -75.507339 37.002285 87.067635 69.818604 37.666630 72.946594 -21.234356
98.678940 -51.706238 -3.453281 -18.749781 15.135610 -2.097334 -6.980217 61.298828 -10.610896 44.430237
-90.624207 -58.725441 4.826152 59.279163 46.794804 -29.550518 77.860779 70.141838 -40.851624 -26.661068
11.313182 -0.476979 27.767797 -36.823986 -61.838860 77.071083 77.811752 -6.934972 -69.373154 -66.555779
-86.341904 86.724358 -99.147484 -19.641829 -92.507553 89.987755 65.164307 -5.702155 -9.105689 -29.983181
-62.784306 42.305756 -4.841172 -45.654346 76.697105 -99.664352 15.250737 -41.973793 -45.580048 -81.132339
-75.866234 -0.823547 90.203224 -11.780250 -32.240932 -57.319824 39.996716 12.856374 57.306347 13.051408
-38.012135 -16.463089 -17.942474 -38.418217 -55.921799 99.807747 -85.271912 -43.506477 -66.219788 51.898373
-6.273652 -70.291100 88.894989 -49.253250 -18.183325 13.818769 11.733727 -62.032703 -40.207890 53.305538
-43.435204 22.332283 54.031300 25.174349 15.811868 -20.143080 -19.676350 6.744758 84.944115 -93.027634
-20.397072 -36.061226 89.940369 43.515484 -6.413997 3.918196 -11.793397 -14.626471 -8.270980 23.926998
96.845894 -55.966072 -45.519741 84.709351 96.745110 54.616642 1.712981 88.967003 -64.545105 -61.724716
43.043537 -72.589920 -97.558502 -28.043987 70.036270 89.148262 50.557987 43.702175 75.476830 -45.865883
-1.933697 -82.396912 -8.257847 35.757790 51.507030 21.587723 35.327400 -76.881035 -32.851883 52.292042
2.657387 60.257343 -23.465471 -49.183167 43.515663 -36.690128 -84.560493 -67.579414 -3.595671 88.174301
86.998718 -35.715752 -23.172640 87.819893 75.672241 48.817726 92.512520 61.818527 58.695282 -96.604156
-82.055626 93.116592 60.603683 -20.817030 18.584515 76.492294 -53.993820 -37.152737 -16.710611 -2.318788
-57.119152 -84.284363 40.756351 87.501968 -39.454750 71.187698 17.145094 11.868777 29.635677 -28.649223
-29.396576 46.403778 -85.667549 -14.910342 59.064671 34.936077 -90.335075 -50.568981 45.039349 -55.966663
4.096325 -93.613319 2.132328 76.666626 95.951439 -21.365873 46.181278 -3.286386 18.980221 97.865891
-1.712607 -59.899288 -31.815956 29.400793 24.334238 61.172188 -29.967161 30.552164 68.466225 37.056290
58.181225 -65.932632 35.463722 -4.074099 -21.087835 23.964285 26.895147 62.526951 98.017441 58.621330
-69.748383 -61.807159 84.857582 57.396851 47.399746 47.665569 21.925810 -91.450638 24.980297 -37.407925
-40.262596 89.506409 -19.746183 5.188873 -47.396519 -80.237457 56.042747 -35.308640 14.519750 68.670113
-12.793120 -0.260945 8.523595 -54.144402 13.791942 78.143005 -94.726105 60.940414 11.985921 -4.995195
-13.614165 70.557152 68.564247 72.012001 8.788946 98.080246 96.786964 -79.824478 2.002110 -4.807234
-70.719131 77.918327 -4.637906 -91.156868 7.183408 38.924660 -74.011581 -31.887884 -84.502563 83.550270
-11.401531 -51.392963 -90.281456 21.652338 67.076973 -94.588684 89.924576 50.941986 59.968689 -19.417206
38.380558 -4.809479 -94.692162 -50.314507 -55.756172 -85.151306 -26.298624 51.510750 -71.043808 -75.593811
-95.389252 -25.831299 -15.410533 -53.136425 -19.467331 -55.337318 2.430775 1.609408 22.825726 56.650436
-62.691204 -30.012503 -28.097408 45.780098 -0.377666 -56.888954 54.295280 -25.508394 -31.348738 -18.601486
-85.429085 -75.680878 0.921432 -32.691574 90.915817 -81.376022 46.134789 -1.265616 -12.724457 -98.329720
55.061970 96.441330 -12.793210 86.606674 79.242477 90.743149 -18.553249 -68.806755 -65.942917 -47.027908
90.009239 13.362552 -93.321419 40.939930 93.881973 -71.375168 26.405111 -7.259516 -76.941010 36.022865
89.086853 -95.260635 -5.497499 -7.344349 81.672356 -19.303593 -21.913410 92.336365 78.422157 46.675884
-13.932942 12.235839 -49.075390 80.284958 63.146603 -84.126122 -81.983528 -87.906883 92.046593 73.847885
-52.864582 87.695496 -4.115757 34.859009 77.611908 50.551334 -38.866718 -64.555122 -47.564972 -71.741615
37.127316 -50.380890 -30.391191 74.751518 42.330524 -26.498894 76.977715 25.757082 -52.658047 41.947800
-64.279503 -8.509660 -85.910164 -71.119644 38.638855 7.184867 -88.894524 59.157429 3.366901 -44.922256
53.638069 -94.846153 -41.979778 -9.589422 -98.667068 3.080482 95.735146 75.439346 -99.010735 55.775040
16.411219 -88.809151 -67.697609 40.600018 58.182583 -68.560295 5.118847 -72.127319 -17.110027 -81.527191
-82.787674 81.430244 -44.329586 24.577780 -27.479877 -73.252289 70.600716 -7.015971 -59.735317 -4.556138
32.140789 -29.488214 -43.305779 -37.260597 94.701424 -32.944012 84.929237 -1.776435 -29.101509 -84.135590
72.529137 -97.005379 -98.500229 -31.210340 76.138298 81.576820 -47.853069 -98.116951 -48.412033 -66.079948
39.782085 -10.858671 -20.392588 92.147766 31.111776 16.183401 61.691784 85.871719 59.175949 10.934136
5.661195 -7.675013 54.121021 -95.994011 93.050987 18.647621 65.756851 94.517525 44.854156 75.259979
92.823799 11.723400 13.599604 -62.575325 85.766281 32.179893 -23.777927 -17.788345 9.563756 93.347649
18.794418 4.327679 -91.123749 -85.092667 -37.951622 8.658280 -95.806282 -42.261097 97.049576 89.596977
-2.711972 -14.098907 -65.116173 59.676514 63.912090 -21.511066 -88.929352 -7.172472 -97.795113 69.081680
-12.841022 40.734177 85.411018 14.395315 -69.172844 25.009546 75.420006 57.348839 26.503948 -39.700775
-8.816463 1.728653 55.718327 -42.659103 18.777674 86.139793 3.667000 96.199783 -58.843235 -34.341480
-27.754379 -26.942732 9.159260 -79.142273 8.195440 -65.418640 -18.994865 -26.620716 65.361153 47.423954
-30.947680 -85.088074 8.093267 15.581264 22.410995 -4.756159 -50.615047 92.989151 75.039574 -59.658451
91.248489 -58.672928 6.846531 37.929985 19.688648 -81.816460 -3.021605 74.345146 67.819046 -78.280754
-80.790253 -25.396614 92.540047 -26.567078 -56.470600 -63.293671 -22.088072 -30.647409 -85.166557 23.275200
-41.053864 -38.939137 -43.426357 -68.386116 -88.521057 -6.259775 -7.547708 -65.047501 51.880047 -2.451413
-52.822411 -96.811256 -99.372833 -51.641411 -57.885250 53.517235 -49.453022 -85.582878 96.370773 1.151040
10.816828 21.669760 63.059208 -51.495918 90.675148 55.992912 -30.458418 66.027809 -10.791364 86.511047
37.939445 -64.535736 89.005836 23.015398 -11.059930 39.112465 11.262275 -33.213001 18.436966 18.437548
-98.087662 -98.488579 -85.880241 -9.138019 -19.718237 81.046471 90.238274 97.918785 -14.543128 27.166069
65.909515 -26.630804 42.544308 49.569042 6.732628 95.925774 -22.883202 -22.924421 -78.367569 68.665047
-16.948458 -69.497780 -68.750069 -6.508938 -75.757759 -31.241901 -23.053625 -6.452174 -29.467764 -90.425690
67.033752 76.866684 93.606537 -91.142906 -62.347725 -35.098152 56.826427 58.405426 -73.361023 -22.231760
11.034073 80.603165 4.357763 -13.375116 -29.263540 7.532614 42.671379 -31.796679 58.504467 19.565781
45.850758 -52.146996 -30.001698 79.308968 59.111938 -30.182058 70.722549 84.230141 -47.296230 64.046112
69.304909 -73.106949 6.689377 -41.252335 -2.806530 -51.786362 83.685051 -10.843654 21.952255 -63.530327
33.453037 19.793308 21.569281 18.605000 20.228827 -50.781960 0.222596 95.685654 -48.302906 83.877487
76.512444 63.603916 91.395958 -62.974709 35.316486 -6.837330 83.952538 -52.373806 13.613939 -12.815087
47.828022 97.587364 50.841587 -54.911678 55.247673 -26.897356 -71.347221 71.293083 -4.894417 91.078407
-2.209518 47.852200 21.744581 67.861519 -30.648041 30.846224 22.755430 -64.757294 34.679531 71.479584
-5.543567 -71.242302 37.733208 72.927887 59.464283 54.956051 -15.751994 99.594353 -24.201895 -55.853703
84.252205 87.538506 38.274063 49.047237 1.515069 32.856419 -22.837502 21.452103 -78.606949 90.189331
-82.887611 -40.178799 -62.267628 -43.064541 90.319908 -33.622658 -28.950132 -53.426205 -18.773706 -93.287552
-22.043072 65.627075 -74.041916 53.810131 27.864555 93.075058 -9.714416 13.552237 11.168578 -37.376766
