-63.986923 -95.012749 -66.684364 48.133495 -7.970210 -34.626545 -96.316444 33.854462 -28.744797 -55.613209
2.067009 -51.731354 -35.400677 73.498268 -76.519653 -89.662231 -36.001427 72.484390 5.642446 66.200089
2.530099 14.541149 39.080524 10.346125 17.498384 -69.171722 -71.818710 31.445517 -79.986084 11.475513
30.541548 22.443163 39.477184 15.420424 41.969090 69.741798 74.493683 -84.218864 -35.643478 63.676022
-92.471565 -59.978718 70.514732 91.314583 66.726059 -84.076385 -69.914543 -18.536987 -76.024117 -32.302670
-51.729809 -77.518967 59.738510 21.169222 -68.344940 -0.942422 -38.821098 82.696243 -58.660049 70.499931
-86.098595 53.678558 -92.453644 81.057114 32.706493 28.128862 79.502220 -80.103592 90.463570 -1.182120
-38.920876 5.042529 69.648521 19.383623 -42.438824 98.429161 6.795807 90.315735 -92.221199 41.825020
-38.781868 80.772316 63.389282 -61.279091 48.149872 -64.729515 -65.766373 -2.164689 -16.881559 -31.623857
39.383530 78.231689 2.265815 54.264221 42.684990 13.948255 39.713100 -28.057127 -70.719429 -90.514427
80.201324 -7.393863 -79.360260 50.696835 28.291368 17.743834 47.815781 86.116920 -4.303183 -55.992088
-9.274035 96.165741 -19.188492 28.515051 -25.358706 -69.911018 53.773190 81.969246 63.084637 -2.653209
50.992271 84.595642 -77.296867 -56.560928 30.783726 3.960155 -72.156509 -33.207039 8.175181 -66.965004
33.942917 69.339554 97.307983 -53.594147 88.072830 -60.004612 -70.011810 -31.985107 -97.630348 -27.202347
84.943260 -1.114837 -5.781922 -42.301968 2.199222 58.815403 -30.822596 27.602518 -96.984360 32.092964
-46.193214 4.251529 -48.606236 64.820679 11.862162 -95.306801 22.863234 74.843559 -56.731770 -64.244446
-61.401257 17.769714 -67.123444 -59.355724 44.706799 55.659084 3.348139 -27.705980 32.527149 -59.491467
32.629238 -55.991173 -80.896484 -35.280365 53.393497 45.743061 -88.551727 -18.600998 19.516970 -2.550510
11.364883 42.815636 54.652168 3.861109 -61.556023 4.307242 -89.553947 1.914770 -20.805037 -89.048592
-61.881874 -12.455912 -72.227577 -1.890695 39.429577 -0.379450 -85.021629 -25.407104 74.995857 -17.017702
66.468117 50.935001 -43.014523 7.695089 74.849419 -54.819153 15.659927 -1.699825 -23.041893 -70.050911
91.244133 -80.397415 52.497543 46.208092 -32.764240 -20.390795 63.650772 -51.490131 -88.680183 -83.547562
-73.146011 35.773125 -98.881157 -37.820290 -58.168694 -23.278769 -6.069335 32.382217 -76.073997 -68.089691
-80.175888 78.314148 -53.138138 -40.659576 -96.324471 64.110298 -11.203741 -2.099692 36.954201 -33.225197
-34.995888 -75.249535 58.067902 -8.712034 86.714737 -39.077789 -84.944832 -87.511665 69.503952 94.864212
-32.312481 72.263504 -2.619625 57.907993 62.605755 1.626227 -12.871343 92.952728 66.179291 67.769653
-80.154907 -67.116951 -99.919830 -35.463062 -41.091057 -13.210557 32.950603 -78.357834 -14.350717 -61.513298
94.643288 15.927438 -20.530828 2.462814 58.864922 45.538586 -68.153702 -16.778345 12.492868 43.983177
-36.673866 30.639933 62.621719 -37.110859 -61.547169 -91.565598 73.903397 25.400831 -83.371063 -70.887482
-0.790589 19.058319 9.695528 -23.894917 38.871655 -87.578323 -10.625349 -30.959326 -30.485020 44.373539
7.837227 -82.432556 -14.321641 63.990711 -95.486824 18.285215 19.450338 -94.357430 -33.827507 70.134430
-9.960319 -60.799801 -22.086958 15.938520 2.268604 92.980698 -33.041725 -41.714436 -72.701424 68.706894
92.685600 -25.894730 -73.028145 -40.110863 0.156809 19.060589 -0.260551 -24.000706 31.599121 73.248108
-67.811012 -88.124992 -74.136269 84.537201 -81.442459 11.572998 86.769783 -16.099995 -20.790758 77.828865
-59.674282 -46.291073 29.742285 46.662373 26.975306 -34.470463 63.592030 72.753723 99.988838 -70.135155
22.621384 -30.772079 6.383615 -12.147265 -38.189709 75.165085 -88.748787 16.243671 -87.276833 8.382781
-51.878880 -20.195597 -47.197258 -47.129261 -88.826790 96.304588 -48.967697 -75.665741 -39.737209 -27.684513
12.873967 -23.078430 52.928520 84.445747 66.345238 -83.455742 69.127769 12.591679 27.484886 -13.539835
-87.409683 67.254150 32.632206 -90.172592 77.237686 -69.641663 95.576805 17.364414 -6.525848 76.954269
33.550266 91.421478 98.725838 -50.058033 -14.516329 -71.335007 -69.862175 -92.008598 -37.124775 -43.387615
-74.138802 65.706581 -45.964367 7.016851 35.658600 -92.564041 -57.809559 -4.885634 -86.773468 -61.587437
-10.659759 30.990040 84.995735 -97.741417 -85.292984 90.549934 -76.683823 53.960007 -68.323723 0.227719
-5.511474 73.879028 30.460430 6.934285 -41.572479 -54.737270 -58.379539 -26.861629 -38.173386 47.030769
-45.319839 -54.446606 -90.829529 -76.586784 -92.554314 -37.696983 -22.512659 -67.909546 17.756800 -48.897243
-41.855774 81.000542 -71.742447 43.262077 -49.998505 -26.951096 38.657410 29.740616 -50.109100 -1.706375
-27.761599 96.861755 -85.848785 -59.257851 26.685474 -70.712708 -53.353546 56.697441 17.797529 -26.654730
44.143871 9.069838 83.908485 56.972851 -2.489411 59.633236 -18.772593 -86.765526 79.130959 93.224709
12.821718 -16.781408 -27.683956 -62.252510 -50.312866 19.638241 -95.206459 73.044647 -55.939743 72.755890
5.592089 38.767487 84.605392 -98.937202 -99.544579 -27.987772 12.372075 88.779984 64.799896 77.892998
96.243332 13.114885 66.494591 66.587936 -53.332336 75.728348 29.835289 9.788651 89.415291 86.499214
72.102905 38.741081 44.891346 -46.069622 77.980881 38.345158 -58.494930 -57.077587 -75.288330 -25.336411
33.578735 -14.298661 80.426796 65.578789 72.715340 -26.520357 -73.007545 33.775505 13.623231 29.719883
18.044834 -25.573921 66.201080 -90.353180 99.244225 36.043644 -43.546589 27.960207 -36.502155 21.731619
-18.698957 17.375837 18.154785 98.259514 37.951145 47.245033 75.756897 -73.773933 45.625156 -3.880831
38.626595 -57.090427 -68.681068 -0.303151 56.305141 62.411110 97.293198 74.402000 63.534111 -84.419785
46.972538 -49.717079 -62.607189 -9.430972 -27.440619 52.134346 97.812683 21.288097 -10.993888 18.862360
-81.402908 -45.579098 43.074692 -10.249578 -44.237862 -16.025576 1.376572 -46.335716 71.102509 -14.552432
74.374458 26.465311 37.226006 -93.857117 82.393250 -14.719713 -57.723969 -22.107716 19.839464 -81.254089
-59.769760 47.320812 4.057083 48.992973 -28.365944 -42.514809 -99.094643 27.759735 -53.755280 -78.157127
-95.218132 -2.282607 -17.015873 -43.154346 -9.266026 7.215499 -45.181683 84.747482 -41.978661 90.080643
-59.943218 88.507500 55.551910 57.728615 72.965042 49.481480 -14.162226 -12.412925 -87.149010 47.568165
57.530663 -8.515148 95.343864 60.779682 -53.985600 1.529794 -28.776718 36.740448 16.232367 58.942783
-54.985622 7.147340 36.814781 -78.636391 8.488212 12.093225 48.672085 -92.003929 75.639626 64.397446
44.574146 -52.783588 34.069923 21.569376 -40.587971 -13.327050 2.567423 34.402237 26.766388 -11.260631
-94.294022 -40.816956 69.591499 -59.753014 -9.398391 -1.307324 35.544704 -15.760153 60.097073 23.514851
-78.339287 -93.061722 82.664825 46.204243 62.608368 90.821213 75.016739 -41.737144 -91.947105 -97.434395
-10.717453 76.746887 65.346794 -35.045731 22.305557 0.748688 -26.242430 -86.433128 -9.664011 90.793159
-76.739456 -19.194099 -52.225693 -51.954655 45.339340 70.112175 88.784409 -69.933624 27.005005 11.957195
-19.830065 80.046204 -38.360237 -4.897068 44.106579 2.186962 28.264954 69.430679 -87.133308 -52.349487
-35.354523 8.711991 -23.261114 -14.412598 -21.020866 -86.475281 -55.752277 24.377804 42.402294 28.126581
11.097184 -52.667027 2.838177 -27.968229 3.376795 89.926460 9.635100 -25.971359 48.336323 81.736259
-9.233281 76.471268 35.282253 79.947884 -36.144382 -22.379744 -51.451027 85.489716 -45.667507 13.106376
39.926403 44.166660 58.682896 -1.509567 29.008724 -68.761635 12.283586 -32.296284 93.032509 -50.549858
21.703270 -80.299179 -91.043358 25.962416 -22.217691 6.174447 -25.549448 -82.570770 88.660431 -51.947857
-62.621819 -81.059120 -96.053551 -76.868439 -53.089344 67.531799 -12.319398 66.048203 76.148987 -79.341789
-16.233891 56.276402 -72.228767 -54.037476 -13.908739 44.050518 -49.165417 -95.352768 73.922340 -42.093731
-80.171806 40.974659 23.404854 89.696739 -93.304810 27.555563 92.159660 -10.383182 43.473267 46.375164
-8.141191 50.507515 -88.799461 55.831444 53.812534 83.888840 19.641031 -9.430854 -84.601280 58.677422
44.978741 75.600121 -63.121643 39.218513 -55.710140 63.041050 -59.558945 34.309029 30.690063 36.320488
44.415535 -6.864380 28.886345 -62.033470 -81.630653 -8.525696 -76.664185 36.616493 -39.627457 43.414135
-1.415901 -8.593019 -93.167336 4.262989 -23.425766 -46.877716 -92.843132 -91.529327 73.618538 60.006748
-12.542186 -2.215886 -88.490150 24.329771 -46.408897 -57.560749 11.257247 74.202141 88.436996 13.192200
-28.292501 -33.873421 41.458588 -98.195274 27.865799 -72.476440 -65.259727 63.798653 37.656471 -91.465286
69.030785 86.880516 40.129726 -53.785728 83.902374 -46.695522 -54.930084 -33.051479 -70.687019 2.423184
49.365856 25.747759 19.153954 -1.596516 77.638573 77.001030 -59.845760 -10.967080 -12.288217 -72.385788
83.233940 71.736702 17.857803 60.375698 -43.979454 -61.485771 -82.513054 -47.560284 46.702084 -57.063740
-94.827927 -27.759718 20.203260 40.446346 -45.518330 38.221729 74.990532 -93.634605 -35.196255 -36.691044
-47.829643 -78.398109 0.844391 31.898451 19.298859 -0.609306 11.184245 58.778381 -62.746674 10.997948
-10.907137 -36.091476 28.616879 36.030602 81.686905 47.386078 -0.410537 74.854004 98.303001 78.123627
81.609009 -70.374931 64.867409 97.641502 40.524765 48.178013 24.450003 -50.187710 -22.866129 -1.374057
20.417961 7.660505 -73.651497 -70.466576 57.296112 11.376485 -77.984703 93.933083 92.158981 5.069082
79.484360 -47.424915 -68.246399 -79.477608 37.397339 93.431404 -27.137701 -63.886078 -87.750938 -66.322227
-60.364273 43.707161 6.006580 85.086746 -30.579199 -86.081589 36.808819 -56.504009 59.640739 83.277901
-5.500072 94.855644 -67.378883 -7.042361 87.811546 -17.476585 -5.979650 25.811953 52.686886 51.428127
14.447911 15.964081 -55.647392 -84.619728 78.963997 -47.991390 13.708455 -61.260254 -44.044163 79.976868
-48.170994 -96.689064 -70.456352 61.958176 -18.360388 88.703140 -9.919682 -49.231300 -42.216957 41.753212
93.209839 -36.733624 83.702408 19.598352 -33.960827 -33.162575 -73.397964 92.826027 -40.823727 -18.068439
-14.206500 -44.788383 31.615660 -27.406088 -10.829320 40.213875 -74.839348 50.144176 65.559235 53.156284
45.484875 -19.906136 71.902061 -89.295494 -17.228388 29.507061 68.810745 53.314899 59.078270 76.281105
-39.298088 -86.585747 -24.793661 21.975018 37.503040 -7.477231 -3.876472 -59.674820 99.411789 -75.805443
64.912743 9.025715 -56.072113 13.634700 -3.075291 -67.313416 77.950058 57.372883 28.869883 14.442638
88.339615 -44.471584 -58.058937 49.163754 -11.588476 93.227425 84.673409 23.771906 -43.167519 -7.767737
5.821270 27.175991 39.410400 -32.755440 -56.902416 -19.538059 16.015402 20.715570 23.124573 -79.683670
-77.862518 79.022720 -98.825790 -25.119837 33.518204 79.738670 71.494553 25.336557 -19.122366 62.201450
-81.038902 -20.094730 8.811910 33.946457 -61.997635 71.746376 34.553688 91.085152 55.075935 66.429749
-14.261781 -14.574695 -7.773800 52.852440 82.043945 -86.951324 -43.651649 9.373923 -62.632919 9.722726
49.088375 -86.136726 1.074112 -62.158497 -75.410713 85.654251 44.133106 59.429623 -55.427513 46.072544
-14.516418 -9.711630 -66.110497 75.632538 77.668030 -51.410835 -62.176357 18.675570 27.590315 -52.091633
47.194267 -47.891613 -62.205715 -9.507668 -62.863518 49.890484 -27.528736 77.964005 -74.505272 25.487700
73.389496 -92.231331 -1.057638 -87.900505 -48.887421 27.617617 51.163879 -87.761284 39.056309 -2.898008
-37.714256 12.565324 -67.407265 68.200760 -69.643646 -53.533451 56.005428 -87.107117 -24.666744 -35.130878
87.339844 -66.360031 -65.854095 -41.064800 -5.567917 -83.104126 -21.590382 -82.060143 41.667313 -61.332859
32.183849 2.665978 33.292068 -76.931717 -53.733631 22.831425 -14.277525 25.424953 23.526007 -4.110791
-84.799530 98.534393 -73.576889 92.590332 -23.950272 30.687603 54.658894 -35.860195 15.469363 55.790180
22.043171 37.727497 79.598709 -82.727859 94.408714 -73.848900 -60.023285 -51.897255 15.156017 47.493336
-87.161766 73.714737 49.417095 21.221622 -88.413589 45.986847 -88.962318 -3.693098 96.476761 50.224827
50.985043 77.901817 -53.224621 27.141495 73.664017 -64.966934 -44.236343 -96.124512 72.722244 -56.506718
4.317318 56.654579 -96.405945 22.689184 -68.548523 -75.422134 -56.332169 22.790329 92.828438 7.687890
-70.228775 -96.627541 93.209396 16.040907 -99.513176 -54.171963 -60.813099 -55.961868 6.730638 69.536774
-9.652837 -42.427006 6.688649 -32.580570 -60.430714 -11.374045 -17.589170 20.527885 -8.129515 43.313087
-42.127522 28.948723 -82.161621 36.881912 -58.427952 64.987076 78.577431 93.383667 66.413025 22.113005
64.632790 -92.632980 69.201233 84.448616 -27.180170 -87.050758 -97.903458 -74.058075 7.508624 -73.692627
0.038426 -83.068001 0.744001 56.179409 10.017095 61.023304 -37.204208 -24.949923 -1.954747 18.049334
-3.131685 47.350853 47.950130 82.109299 12.491016 -72.516045 47.392651 23.225632 29.978100 -82.515076
84.432892 -21.189922 -37.587929 -65.452095 -47.271816 73.876907 -27.764322 49.421780 -10.633695 97.260918
7.640387 81.044441 -60.260151 78.825905 70.504387 85.746689 -60.301346 95.766228 88.467552 33.648396
5.233486 77.665123 36.185482 -1.265594 50.299431 5.693739 3.000480 -38.672771 -55.733555 97.120529
96.136337 30.596285 -41.153294 -28.424686 -39.437653 82.968124 50.349403 -59.753067 65.991211 -66.290543
56.815403 -70.141106 39.995098 97.332947 81.644188 20.949518 -97.315819 -3.638649 -61.847908 -76.941727
-64.285042 70.254555 -94.196709 -87.811600 0.568154 -76.892220 -43.514313 48.202545 -58.318531 -57.865864
14.825643 51.824013 -90.374786 -1.260288 -6.651700 63.849060 58.110783 84.446495 20.345692 -97.191391
-47.309811 4.054555 -82.638786 -87.431427 -8.645926 47.101913 56.176281 -51.437057 56.426632 -48.420109
-59.527588 -30.749161 -44.112526 10.259024 53.166222 -12.323735 33.337498 71.536461 26.874207 23.423264
3.072900 96.533600 -90.415359 12.943281 46.516537 26.755531 16.009184 -11.742579 32.417252 -2.892301
18.937878 -28.522730 47.256157 -70.409927 49.881077 14.815781 -33.860065 -3.578025 41.460625 71.482628
33.835464 -96.103096 -79.445930 -13.899426 6.178350 -53.649029 -20.450680 18.471340 29.037424 -96.126007
-31.911798 -31.340172 -27.131666 94.821678 -75.863960 72.519836 89.005753 -44.559868 -48.703728 78.779579
77.232330 -85.563812 6.286001 -87.351723 42.203644 53.283199 6.412378 37.592697 57.726425 88.923531
3.980364 54.043564 -33.179760 -2.137684 59.436356 -51.792942 -27.633106 87.388519 -86.972092 -33.243786
-7.026800 -27.548868 -35.657696 -93.157516 66.653000 47.845249 -92.215561 -12.795720 70.598389 -94.061188
85.608643 21.995775 -66.520813 -54.277214 -42.103741 -16.144051 23.947062 -80.107727 33.318264 54.784027
-31.485176 -55.309380 -81.316650 -63.765480 -16.196314 -63.343792 -27.944696 -48.822037 -8.315937 -35.104603
-24.122019 -61.803032 -20.657177 -86.821327 -47.344345 29.370321 85.767860 -32.838364 -22.803185 -95.352722
-43.473961 -61.468998 -99.097946 14.167104 -56.571415 67.686653 -65.424828 26.237986 -81.535255 49.503769
-50.499523 -9.599710 49.930336 -85.415878 -31.372070 -89.154800 65.644348 47.865547 -45.343319 91.940704
51.488926 0.565174 -20.104843 -41.030407 27.684067 -42.954823 -62.467087 58.640770 64.104492 55.516499
-56.055134 87.672600 -2.263852 42.305237 95.259354 -86.271477 -70.431465 61.857788 -37.666004 -83.392044
51.627438 33.768803 27.289824 17.846939 2.892857 -62.277515 62.198925 70.122253 50.211098 40.415314
49.694458 35.750492 91.843094 97.605026 -80.105774 -35.463058 97.011414 -28.096842 -54.779125 -39.661087
37.748188 -90.253098 -60.403931 -12.889014 -78.027802 -80.662216 -36.241051 -47.198517 75.194893 -42.107327
-59.540615 -60.026188 66.928459 86.866302 93.090187 -0.006884 -63.119942 -8.315654 -18.014652 1.894632
-71.257042 -70.183907 -57.656212 -4.283337 -44.180275 -77.899139 76.019615 -61.427280 -91.223129 18.085718
-52.020370 -79.824684 -8.226712 50.673374 53.256413 70.567856 56.752872 1.158103 62.436207 80.613350
-81.340126 67.480820 -42.275452 -49.561115 -88.984787 18.663574 -77.199593 -38.227066 96.074463 98.657928
73.921837 39.590122 -34.739517 30.836437 -35.011341 -95.075813 -15.031493 69.027275 -70.144836 18.622419
97.527634 -38.288162 -57.513599 32.604862 -67.832451 93.523132 -3.897097 -6.758083 10.758815 -78.930344
-73.688812 -42.955334 -45.023273 26.330223 81.933922 -15.286956 -77.198982 -5.850859 -58.177185 -66.238022
16.591356 -89.263687 63.231613 95.296661 32.656384 66.048920 2.258768 71.873047 57.014015 70.761581
99.878319 2.579775 -6.286117 -32.289986 77.777649 7.261139 53.019707 -51.570877 50.422817 -49.700588
-39.246174 20.452787 43.545769 -83.934151 31.740101 -57.132153 -55.741909 -3.170735 -94.332199 9.937828
95.613510 50.799664 -96.686157 -38.848820 0.591226 25.866659 39.141129 38.818039 68.440445 93.264671
-47.112068 31.164312 -37.553204 -9.593596 -9.075300 -23.187773 64.990791 -79.100037 95.838257 -35.608425
79.132492 78.173271 -76.662148 -75.112518 18.828838 -68.145500 -1.534420 44.344303 81.711525 -75.181496
-41.399910 -19.343157 44.995731 -1.305920 -60.530457 -32.495758 -66.021797 -0.098312 18.163086 -3.381046
37.319313 -45.605484 -89.101692 -94.982315 -15.616921 26.080252 23.847906 46.565582 60.887592 0.729578
68.622932 -53.728523 95.637665 38.756229 94.101547 -49.495888 91.764435 -78.405838 77.273148 -35.433170
-7.520317 -9.066676 -89.280083 79.379204 15.955211 -3.069954 59.397900 -72.292587 -79.952515 5.125643
-66.787506 -12.754426 -9.495054 90.102310 20.091476 -34.177994 -42.401237 -42.553532 -22.093256 -38.869404
-60.331470 34.293716 -38.827789 -32.722900 36.632771 20.017698 -5.158267 24.660938 -26.372116 -1.946943
-4.514203 -90.265312 22.137833 88.674759 67.774055 31.903856 -74.736580 0.728665 55.552509 -81.279343
72.592903 -15.075022 3.994544 -34.221584 -47.584793 74.750488 -27.259651 -8.334509 -91.538795 88.229904
78.947296 -93.030022 -14.263880 85.747375 96.028694 -54.714451 -47.651218 98.961517 16.166050 77.770912
72.373802 -35.778355 -65.760704 58.423859 -69.153679 -29.526953 36.279911 -1.066059 39.706188 54.427002
-93.296051 89.540428 94.681862 -59.289047 21.461693 31.268267 32.417213 51.259525 -16.039499 24.316002
14.253919 -8.193540 86.300301 -0.363504 1.541946 -11.453136 -65.055145 9.764076 25.295765 23.296644
-25.309620 19.977674 18.327681 -77.894981 42.885933 39.977314 -6.859471 82.738304 10.490345 -29.960300
92.611565 -74.953835 -83.363342 81.244682 -23.146151 36.464966 -15.969398 69.771889 -75.161568 -25.174959
6.164177 71.451630 -43.536636 75.366745 -21.855667 82.095993 -98.745003 32.480320 -94.563255 -24.409344
-41.105190 62.458557 -29.880045 2.226717 25.985983 53.648270 74.922958 -9.753664 2.740324 57.446346
-13.835305 -5.923921 -40.574112 -26.162617 -59.006069 17.029438 -26.212170 -73.238235 -3.266396 -35.281876
86.395180 -8.271893 46.482830 -49.239861 96.843048 5.940690 43.101498 51.195042 -51.562321 -49.406395
93.051483 48.884388 -99.936317 44.912987 49.700279 -59.341393 6.306743 95.193130 95.879646 -65.459763
-95.628136 -78.441078 38.608360 23.858519 24.743755 1.902827 -40.513401 24.962250 -53.919872 -90.240730
-17.786554 56.445049 0.371815 11.247955 -29.137077 81.053925 38.374718 -40.036816 98.913284 61.459610
74.602638 86.800552 -78.742752 85.283669 -67.746620 74.361359 -34.533039 79.133438 12.186678 72.826553
39.714817 -25.078823 -33.595798 35.115517 -33.873199 -1.541558 -54.884605 36.367702 -48.234371 -74.527962
-0.215160 -81.231064 -95.593842 -93.047157 -67.082642 -79.771416 -34.543686 4.267816 -68.155624 47.162086
27.323587 16.903358 -33.110626 37.207302 18.953558 -1.689196 1.029842 34.599709 -66.098045 24.100872
66.736603 94.145683 18.609331 56.129406 -61.185806 28.185572 -30.151873 -86.151474 95.566879 -92.484352
-47.172752 -5.264880 5.226739 44.322910 5.512635 74.629044 35.345100 81.112473 -20.206257 65.519035
42.499432 81.994057 -98.070877 -11.381558 5.382301 63.495575 -81.120110 -61.366131 -28.182909 -58.616344
-55.859669 20.002613 -89.263489 -92.973640 -78.830650 91.335686 -10.550202 42.301041 -68.379463 -34.164936
43.787956 -34.405399 -23.766977 -30.354918 -65.449188 1.025626 -9.661255 96.247086 -70.698875 74.906181
-1.096187 -28.105556 67.167412 -40.821938 50.846844 47.819126 59.959137 -33.934864 17.594376 9.655775
-57.514652 -17.247948 -47.355453 3.605977 -46.605667 -22.082006 86.876862 -8.609968 55.590004 -44.462318
-7.159683 42.876499 -37.188484 31.527876 -87.613907 -49.618832 -93.822243 10.177216 -80.374519 -63.687805
-69.903122 24.558329 61.584961 27.279198 5.823659 -68.534050 34.710999 -70.208389 8.649920 64.957008
-70.361977 51.472134 13.343508 -65.901489 -81.907219 -42.116230 -46.125191 92.230438 -28.988663 55.479225
45.347652 5.153650 -80.977760 23.937225 -28.787106 35.966335 24.300314 -29.704582 88.134201 -25.291998
16.081957 -44.245056 -46.538849 -5.275916 -14.443986 -83.145256 7.175859 -60.354362 -21.245436 -56.120560
