[[-3.44404581  2.28971034  4.31654537 -2.64650717 -1.94889063 -2.54366391]
 [-2.75486223 -3.08542592  2.38874309 -3.96301447 -0.42212792  1.31226472]
 [ 4.14438035  2.1303721   1.55839405  0.75804148  3.92992358  1.48353492]
 [-4.05315524  1.45276078 -4.4998619  -0.14846889 -0.24599263 -4.19308644]
 [-0.85062755  2.89862351  2.82659569  1.47478912  1.63577844 -4.26429233]
 [-1.99480999 -4.36386314 -2.05788994  0.36868636  0.45109204 -3.95243286]
 [-0.144453    3.11220718  4.15491994 -3.02657903  4.81907024  4.0770744 ]
 [-4.79162334 -3.78865622 -1.46478978 -3.66524211 -4.32104929  3.85475048]
 [ 1.35634697  0.22238209 -1.46560277 -1.89209055 -0.76407569  2.35712641]
 [ 2.72271611  0.58280225 -2.16052661  0.45914965 -2.49578502  4.23460797]
 [-2.02919606 -4.82307893  1.52558671  1.64466174  3.86402643  1.36375927]
 [ 2.3438779   1.99663428  1.06131076  2.55745076  2.14241165 -1.94772214]
 [-3.63453837  0.26074188 -1.90990532 -2.86741848  4.21610933 -3.69624553]
 [ 3.03720629 -1.25459151 -4.32454722 -2.02450696 -3.20173749  1.71911348]
 [ 3.21182746  4.6951243  -0.59406077 -3.32342575 -1.54800565  4.87177245]
 [-4.00607478 -4.59555519 -4.32986797  3.38070322  2.09898559 -3.05727688]
 [-4.28886019 -1.77103108 -3.84256248  1.30497004  2.91464578  3.71398088]
 [ 2.2914685   2.22341886  1.27804693 -3.14095944 -1.49157599  2.96142382]
 [ 4.08581812  2.24061443  2.58269427 -4.65997465  1.24653624 -3.22509264]
 [-0.59966446  2.09006327  2.48166689  0.16610847 -3.21585767  4.43622469]]
