[[ 4.21599468 -0.9336978  -2.34485077 -1.02868633 -0.78469705  2.36848388]
 [-4.56870383 -0.87199247 -1.13064668  3.70665734 -1.26131732 -1.47149565]
 [-2.59166544 -0.15115459 -4.35946718 -3.66278379 -3.79299105 -2.26227571]
 [ 2.19832806  1.93004074  2.72022827  2.82872059  3.28081733 -0.69521751]
 [-1.89188398  2.60134049 -0.30066496 -4.26749928  1.38361093 -2.22455788]
 [-1.22018565 -4.31895301  4.88178908  3.48104943  1.40494134  2.40215025]
 [ 1.75982476 -2.69404914  0.55773034 -3.07657035 -0.14724371 -0.58414109]
 [-0.49444171  4.84563599 -4.47859024  2.70939919  1.89806841  4.37661721]
 [ 3.69345566  3.43528092  0.41843045 -1.79013801 -2.64391853 -2.97911952]
 [-3.54735278 -4.24045218  1.84091808  1.30102387  0.19022643  2.50064158]
 [ 2.0096345  -2.28751237  2.9095665  -4.17988333  4.02989057  0.20061764]
 [ 1.95137291  3.74759208 -4.17642337  0.49020124  3.61130876 -0.73958412]
 [ 1.13418984  3.87784987 -3.32010315  0.7569923   3.85132225  1.02645874]
 [-2.6463073  -0.38207167 -4.48450514 -0.73074249 -3.36242717  1.55750345]
 [ 1.92971862 -0.56055353 -0.15727627  0.45043388  4.41702112 -2.61324248]
 [-3.49268322 -0.48081277 -3.29916367 -3.40281408  0.19418672 -3.65184186]
 [-2.75127246  4.20048445 -4.12274485 -4.12112793  0.77051123  4.60330835]
 [ 4.46870322  4.87211493 -0.89328301 -0.1262954  -3.36310559 -1.83005238]
 [-2.86026691 -4.70201271 -4.53696071 -1.94574749  2.43067484 -3.60513058]
 [-2.26457139 -2.91944213 -2.8376321   3.73429629  2.01088859 -0.18847094]]
