[[ 16981.47836547]
 [ -4781.15672616]
 [-14912.95737092]
 [ 37275.90440597]
 [ 28114.8269541 ]
 [  5698.64365933]
 [ -6273.97316732]
 [ 53961.98509485]
 [ -6191.73740124]
 [-37128.30034503]
 [-19897.21884211]
 [ -4736.68060317]
 [ 25825.82598254]
 [ -9323.99188156]
 [-28406.10516038]
 [ 40402.69237446]
 [-39163.03853244]
 [-36767.90891042]
 [ 41864.41174599]
 [-16415.95157453]
 [-16122.64550887]
 [-39788.84938194]
 [ 13643.11721504]
 [ 21139.93242077]
 [-21440.10426501]
 [ 19399.58660762]
 [ 10277.06012691]
 [-10931.95633023]
 [ 61834.64486514]
 [ 18162.98947086]
 [ 45394.97392627]
 [ -5137.51979063]
 [  7840.69682329]
 [ 27242.76216564]
 [-35199.0080168 ]
 [-35874.9420179 ]
 [ -1843.01713089]
 [ -9696.67481482]
 [-21383.10178101]
 [-36335.5496001 ]
 [-17309.14305075]
 [ 42718.29399077]]
