[[-0.12748722 -3.06567495 -0.32069367  4.8634876   1.9183926   2.54176209]
 [-4.24229002 -0.37537779 -2.51381176  3.32254894 -4.96062015 -0.47259869]
 [-4.22122183 -3.15225732  2.90606062 -3.64317499  2.34409083 -4.87294263]
 [-2.96153277  1.7254631  -4.38995828 -3.32139555 -4.27102662  3.63829972]
 [ 0.17994187 -1.77719793 -3.19005464  1.59984712 -0.3516301   0.46749619]
 [-3.48923046  1.57521953  0.95293373  0.64828511  2.05852118 -3.86843323]
 [ 1.82941012  4.6716681   1.56532095 -3.06676968  3.76744717  0.7651531 ]
 [ 0.83302939 -1.05131962  1.50038578  2.54090068 -1.57072354 -2.42838109]
 [ 3.57431758  3.94708164 -0.91032268  2.70286429 -2.63642014 -2.16542316]
 [ 4.16009565  1.76597433 -3.36613615 -2.73101717 -3.38858245  1.8106173 ]
 [-3.37655183  1.99159395 -1.31157979 -4.67745912 -3.4835498  -0.83740584]
 [ 0.19914433  2.96306648 -4.50534842  3.97784286 -0.39540428 -0.5838643 ]
 [-4.30985965  4.20529061  2.1609305  -1.97968914 -4.25910402  2.42415527]
 [ 3.88369483 -2.58040788  0.5278758  -0.70936179  3.53820443  2.89807441]
 [-3.39505184  3.03569557 -2.2028025   4.4441311   3.16166423  0.740939  ]
 [ 2.44702311  4.07123147  4.46086555 -3.75031079  1.66500297  1.32027925]
 [-1.59648608  3.31181144 -1.34939842  1.50998479 -0.05736659  2.46470593]
 [ 4.1527066   4.70904174  3.55665169 -0.8318572   4.46713729  2.56687682]
 [ 2.08175142 -0.55596345  2.46965967  2.76065191 -3.87889949 -3.79007995]
 [-3.93873941 -4.18080806 -3.61412131 -4.99910286  0.24902003 -0.43799711]
 [ 0.20293338  0.99095306 -0.05484082  1.30953748 -2.13620167 -2.99044343]
 [-3.85317459 -3.64454728  4.35151255 -2.50143718 -3.53118919 -2.58594191]
 [ 2.52616043  3.58966808  3.04700429 -4.29395039 -0.20797881  4.32232158]
 [ 2.0393496   4.46031897  1.89689898  4.39764131 -2.62376465  4.38373258]
 [-1.74611624  0.72388755 -4.93739267 -1.57009475  4.93401256 -0.17994574]
 [-3.22462413 -3.17224027  2.4746258  -0.01467512 -4.7021508   2.31955978]
 [-1.36072739  2.73511845  2.1850339  -0.12551851 -0.98063289  1.07468606]
 [ 4.81465698  1.43554441  4.40042663  3.11949778  0.24442621 -2.77174002]
 [ 3.33906723 -0.25755795 -3.11993897  0.64595052 -2.10363846 -2.36736106]
 [ 4.90774195  1.14016535  0.26508591 -2.13347778 -0.84568764 -3.51898288]
 [ 3.93721845  1.93475507 -3.94049801 -4.31795818 -1.7204546  -2.82215505]
 [-3.40813234  0.13362099 -4.79661621  3.44163023  1.85274387 -0.09345392]
 [ 0.37539098  0.0334046   3.81422719 -1.55612281 -1.97394261  0.02458991]
 [-1.88673979 -0.78435703  0.84873308 -3.03298897  2.7953242  -2.06794786]
 [ 3.25304709 -3.07639897  3.74001383 -0.51738499 -1.37696721  0.47776757]
 [ 1.00412279  4.45923179 -1.59835043 -0.66750397  0.13227627  0.95989224]
 [-3.29912518 -1.09487914  3.03994591 -2.61899475 -1.3414324  -1.67557668]
 [ 4.09287723  0.05091611  4.07005127  0.29423544 -0.24011061  3.66582687]
 [ 1.7263042  -1.35870323 -4.60412998  1.58698323 -4.99233904 -3.60472289]
 [ 4.53640111  3.74780777  2.02430125 -3.79319042 -1.47853288  1.02805136]
 [-0.69782037 -3.03502606 -4.24435932 -0.58562462 -0.07250109 -3.80390318]
 [ 1.75510045 -1.08130626  4.36655973  2.84288934 -3.46110891 -0.34953378]
 [-1.22779652  1.51764836 -2.0281708  -3.54302891  0.11882747  1.45360116]
 [-4.67887797 -3.53824193 -4.95531174 -0.95550015  2.22533276 -2.6402971 ]
 [ 4.23532932 -0.63856808 -4.17232248 -1.50263829  4.67251562 -1.34471972]
 [-2.56124872  2.89120803 -2.96162826 -3.09600553  1.64782032 -4.71497139]
 [-4.22719259  1.77825618  1.44079385 -4.80713583  0.7242561  -1.31403309]
 [ 0.98605294 -3.05770286 -1.50740706  1.3239299  -4.88437608 -3.61465772]
 [ 0.89702821  4.11114367 -3.53469429 -4.38977873  1.21088113 -3.30330817]
 [ 1.0576035  -0.52718401 -2.1122731  -2.90460161 -0.23585421  3.79491534]
 [-1.93256526 -0.41102556 -0.94156122  2.48760507 -3.1977771  -1.27879838]
 [-2.6254154   0.24979222  3.34473087 -3.85336962 -0.83533351  4.91574725]
 [ 0.51605634 -0.50108478  0.79744955 -3.54418018  2.03568161  0.39457644]
 [-2.02412722  0.70801114  2.65439108 -3.7190624  -4.24566852  3.80049836]
 [ 3.79433916 -1.14664991  2.11760882  2.58696288  3.81738393  4.60298539]
 [-1.25355735  2.77188435 -3.04548464 -3.41411258 -0.8103914  -1.16852482]
 [ 2.94495297  3.04792921  1.47258873  1.99607035 -4.85052712 -1.92077901]
 [ 4.13156088 -1.82238257 -4.09974343  3.50710098 -4.72424203  1.80242428]
 [-2.0798876  -3.1632235   0.28888435  3.05070532 -2.83788348 -3.45111874]
 [ 2.86990604 -3.99505669  4.6439368   3.21417383  1.59669968 -3.21852298]
 [-4.78061653 -3.36701655 -4.90336473 -4.80964918 -3.54282083 -4.39173554]
 [ 2.45410324 -4.35604212  0.46573003  1.16627761 -2.05847791  0.65309746]
 [ 2.34644344  4.426714   -0.41246272 -1.88684339  0.4370703   2.33678009]
 [-3.56366733 -2.82183578 -4.0304817   3.16793013  2.68922255  1.65570762]
 [ 3.5304005  -3.53279303 -3.66043993 -0.10630226  2.12750058 -2.7380378 ]
 [ 0.30547804  3.02065142 -2.23670829 -4.66078509 -3.27808197 -2.65736408]
 [-3.13224425  0.60827986 -1.90838154  4.44111001 -3.6588092   3.26910372]
 [ 2.81693468  1.44771459  0.29150135  3.07320877  4.61692542 -2.27791978]
 [-0.14594916  3.20006741  4.42107221 -1.69818104 -1.53956074  3.13152834]
 [-0.91963731 -0.82038426 -1.16749354  4.19824717 -1.26646371 -2.89754006]
 [ 3.91446943 -3.46461552 -4.43740056 -2.41876704  4.10298589 -0.38130869]
 [ 0.28859649 -2.93169264  0.31691385 -3.21335338 -4.85378024  4.20082599]
 [ 2.06759195  1.53541304  0.68003831 -0.23860535  3.33845966 -1.53194718]
 [ 3.74074758  4.43578442 -0.15472708  0.35907168  4.95153654 -3.25917146]
 [ 3.76214365  2.74226979 -3.41221169 -0.31302169 -0.06716131  3.14266908]
 [ 2.95911094 -4.78783781  3.22987075 -4.23159164  2.83603548 -1.52242717]
 [ 3.50398235 -3.35267846  4.57877186 -3.68644387  1.18401225 -4.09714107]
 [-4.62733304  4.19974006 -1.95322422  0.66040266 -3.43312798  0.76415153]
 [-4.94398065  3.97962361  3.82907697 -2.02337061  0.67577531 -2.64958919]
 [ 2.77637543 -0.90214691 -4.53702882  3.61153148 -1.43625888  0.57909365]
 [ 0.13336965 -2.47053716  1.49674182 -0.05912787  2.66361681 -1.32054157]
 [ 0.05010079  0.95258063 -4.38600391  2.44300978 -4.7671706   3.52214318]
 [-3.52911337 -1.17624712 -3.45696856  2.42684728 -4.76560797  1.51135814]
 [ 0.02037125  2.65115155  4.3440029  -2.07667533 -2.87197544  4.36155656]
 [ 3.93734969 -0.76323176  3.31316068  4.31675934  0.31162639  1.96260715]
 [ 0.51995331 -0.86286075 -0.58269032 -1.16132683 -0.17081977 -1.47552477]
 [ 0.90427999 -4.93067349  4.45286575 -1.44750137 -2.6820267  -1.14478681]
 [ 0.56692268  0.64867394  2.22004746 -3.67800738 -2.92442395 -1.7209417 ]
 [-1.16183306 -2.95721504  2.69977684  0.37249515 -3.16536354 -4.1128761 ]
 [ 4.22690092 -0.19231474  4.03808178  4.08722349  1.43947528  2.23403262]
 [ 3.34437513 -1.93115199  1.41813853  2.66980302 -3.03010661  4.00025488]
 [ 2.35659505 -2.51385845 -1.09537668  0.06907026 -3.83102752  1.5871441 ]
 [ 3.87385067  1.9800531   2.0710954  -3.37236787 -3.47135834 -4.6434381 ]
 [-2.72987896  2.42468955  4.06542745  3.71560033  0.55797573  1.58721943]
 [ 4.75756868 -2.64769613  0.32958483 -4.56205765  3.209811   -0.01294601]]
