[[-1.15444213  3.19361916 -1.50871643  0.02881449 -3.40581323  4.38142705]
 [-0.87884263 -1.18003138  3.18245003  2.8672167  -0.30972339 -4.35551745]
 [ 4.93370807 -1.87776888  0.01836728  3.56622228 -4.7144949  -1.07619772]
 [ 4.3006704  -1.09151129 -0.80436528 -0.19144717 -1.10847841 -4.95446367]
 [ 1.70776516  0.13254533 -2.99000261 -2.67357696  4.37040662  0.57677561]
 [ 3.6007164   1.50689814 -0.82455948 -1.06286426 -2.32879941  2.17544131]
 [-3.57369098  0.17502371 -3.91648396 -2.07058093 -4.55096634  2.98620257]
 [-3.92620059  1.67198763  3.70265898  0.50978537  2.15959831 -3.06534306]
 [ 0.67882516 -3.14275021  1.69768572 -1.03000447 -2.52051672 -0.79389419]
 [-0.12652611 -1.56831133 -0.6732763  -4.55709395  3.61694485  1.77114108]
 [-2.87682782 -2.70871407  4.06545249  4.93040106 -1.72431768 -0.52227659]
 [-0.29238539 -2.20352129  4.7094739   0.96692697 -4.0332964   1.76120925]
 [-1.94884009 -4.07348383  3.36956724  3.41286875  3.47526022  1.0499367 ]
 [ 1.98094654  0.5052409   1.51368358 -3.68265607  1.13705123  3.17477149]
 [-2.85952257 -0.55499874 -4.15725309 -0.29433701 -2.30717687 -3.23155238]
 [-4.50991747  4.12856574 -2.0091344  -0.87293102 -2.94893476  2.88180174]
 [-1.40904756 -0.13894346  3.08381103  1.37715937 -4.37567351 -4.26717253]
 [ 1.02359446  2.58755823  0.68975521  1.06257262 -3.56833019 -1.57212524]
 [-0.9595726  -4.80583369  1.46389927  4.32682504  1.95888377  3.85396158]
 [-4.36149552  2.32338045 -2.61357866 -0.15283652  2.53002435 -0.54728185]]
