[[ 4.42507966 -4.0513546  -4.52562955 -4.21908246  3.44919796 -3.31914126]
 [-3.80021936 -1.96636269  2.29071688  0.98921036 -1.43551524 -3.3840902 ]
 [-0.11330714 -1.64447086 -0.4396373  -3.93842531  2.60834124  4.00843599]
 [-2.41456888 -4.62996852 -1.15415352  4.91559083  0.40721636  3.75436341]
 [ 4.53128576  0.5491669   1.57804206 -4.09141167  2.04827596 -3.49804601]
 [-4.99834385 -1.22115865  3.99060131  3.62360717 -1.74847955 -3.73816316]
 [ 3.99258716 -2.99455498 -4.52346173 -4.3883408  -2.06955747  3.44982633]
 [ 4.41271014  2.99152522 -3.51045776 -2.96189575  1.96738493 -0.93012613]
 [-0.01485971 -3.99185238  4.5182793  -1.82061589  4.9854204  -0.10361974]
 [ 2.33110122 -3.07675189  0.76622306 -0.1747788  -0.43901357 -3.71939757]
 [ 1.77751939  3.71302785  3.2751104   4.47637444 -1.58355134  1.60271243]
 [ 0.3438512   0.32403374  4.04987608 -2.37445397  1.64192948  2.74407222]
 [-3.17317219 -4.09767423  4.35092101 -4.48663868  3.2959103   3.00481714]
 [ 4.95463875 -4.8607591  -4.17404953 -3.8156291  -4.76033142 -4.9139508 ]
 [ 1.5772404   1.72552557  1.16523808 -3.70102027 -3.0105172   2.1735176 ]
 [-1.53535346 -2.35607558 -1.54662124  1.78026375 -2.24797318 -4.19315416]
 [ 0.97692196  1.5918521  -2.75563238  0.15753274 -1.42290443 -3.45156343]
 [ 2.44051403  1.60240246  0.76410631 -0.33349165  0.07227178  4.50864568]
 [-1.57066385 -4.13799299  0.28465327 -0.41405665 -4.34928172 -1.17200207]
 [-0.90536346 -0.55150581  4.76832384 -0.22657865 -2.68535319 -4.70551198]
 [ 0.59727602  3.07773468  3.11242136 -3.54891118  1.41605888  4.07819829]
 [ 2.84504297  4.10691215 -0.8109223  -1.722099    0.88239898  1.23485934]
 [ 2.82087211  2.15073862 -4.96432478  3.49612403  4.63279745  4.70897448]
 [ 1.23726735  0.44982735  4.30216567 -4.99688586  1.10229556 -4.18501608]
 [-1.11386738 -2.50486182 -3.89329456 -3.95929868 -3.33665382  3.05829309]
 [-0.44999542  3.08759565 -4.62492008 -0.7842331   0.35645754 -3.1502864 ]
 [ 3.85207957 -1.97788444 -2.48311086  0.19515226  2.83259905  2.55953267]
 [ 2.31210245 -1.19067212  1.82282773 -3.20134048  4.57175921 -4.58325706]
 [-4.66729598  2.90000252 -1.32012612 -4.96985701 -4.155594    4.74401986]
 [ 1.20725733 -4.65182251  2.20885435  4.49738921  0.52485546 -4.45963527]
 [-0.06977124 -0.8928024  -0.77261008  0.73337141 -4.83817609  4.4720576 ]
 [ 1.10009715 -4.34188939 -2.82274097 -2.72702119  4.93018519  0.80224344]
 [ 0.68615455  3.2156346  -1.69418471 -2.52755697  4.84141006  4.50636775]
 [-2.16717173 -1.91293947  3.52434061  1.92368333 -1.35489784 -0.07783123]
 [ 1.4157081  -0.85867594 -4.14911879  2.20931279  4.17646098 -1.81490307]
 [-1.66175426  3.67915078 -4.92933861  4.64720453 -1.40287565 -1.50806418]
 [-3.58642377 -4.73569979 -2.571377   -1.97634622  0.66559577  1.12941878]
 [-4.79442096 -3.28838475 -0.63084464  4.20717887 -2.60820575  4.84006797]
 [ 1.74080943  1.30434466  2.3665615   1.06316766  0.80852435 -4.61648391]
 [-0.78313055  1.72655405 -0.89503952  1.09021436  1.73003699  0.73323198]
 [-0.70303154  1.16331172 -0.65911787 -2.24289173  1.71946327 -1.31893613]
 [-3.56131178 -3.50618528  3.66944572 -1.63045975  1.77876335 -4.51708658]
 [ 0.69855244  1.55678013  3.18366056  4.72782127 -1.7923989  -1.44853817]
 [-0.6433378  -1.12620934 -4.13131956  3.03277534  0.48741424 -0.20388921]
 [-3.44556922  3.23175454 -2.27113844  1.8081358   4.69050077  0.96897718]
 [ 4.7598659  -1.96134857 -4.60255518  2.91309885  1.48033938  4.67637621]
 [ 1.75427655  3.28505046 -4.25004082 -3.72724452  3.41992427 -0.82281869]
 [-3.7588545  -0.03041714 -4.53181997 -3.7126088  -2.72667903  1.09448348]
 [ 1.71370639  0.53397755  1.25109125  1.73646065  4.2361341   2.51482872]
 [ 0.90578813  0.39446357 -1.36925575 -1.2452891   0.25965276  3.05588607]
 [ 2.98864445  3.13531472  0.28257691  1.48215131  0.13818367 -4.1256469 ]
 [-2.7914061   1.21158106 -4.72725253 -1.0264038   2.53361694  3.77659233]
 [-4.26181807 -4.98430078 -0.69526057  2.54703245 -3.94269583  3.19976853]
 [-1.01220384  1.08662316 -1.0463323  -1.47115515  1.68519609 -4.51343483]
 [ 0.87086315 -1.66370569 -0.62123673  4.50521765  4.92686248 -4.88122251]
 [ 1.8083498  -0.11723102  0.93844561  3.91672854  4.206194   -0.64115507]
 [-4.80071149 -2.15930835  2.81596886 -2.85396887 -1.64883099 -1.67800701]
 [ 4.68372829 -4.88421579  4.33399122 -2.63494814  2.07799661  1.51074391]
 [ 3.91440115  4.89712317  3.96230742  4.41647234  3.72692114 -1.63016399]
 [ 4.35910372 -4.13473664 -2.39782557  3.40645501 -2.73544107 -3.59101663]
 [ 1.45075023 -1.6454747   3.14931816  4.09982591  4.24609923  4.58856085]
 [ 2.94595969  0.91870959 -3.65786587  2.282989    0.81745783 -0.46037879]
 [-3.14378371 -3.44608207  0.68207731  0.39007697  2.01887276 -2.5993757 ]
 [ 4.4474161  -1.49739414  3.12327546 -4.33658344  3.76200278 -0.20411282]
 [-3.09242808 -0.01160728  2.73626107 -0.64807011 -3.05673587  3.63673601]
 [ 2.26693978  0.68038795 -0.56872105  3.43995152  0.58344334 -3.15906088]
 [ 1.8835122  -4.16252566  3.72282868 -4.48263362  1.02400428  0.63196839]
 [-4.88348297 -4.55316384  0.36723525  4.56739547 -4.52044181  0.92072106]
 [-3.98430044 -3.89929245 -1.02133873  3.69713257  3.81834487  1.02793507]
 [-4.12972473  3.4800101  -2.4706418  -1.24700456 -1.54928352 -4.17513667]]
