[[ 3.01857086 -4.56075557  1.35503158 -0.71423312  0.26711498  3.21516661]
 [ 4.1582792  -2.58798572  3.23437104 -4.00998284  1.7535427  -2.55485273]
 [ 2.46563064  2.01129481  4.55565461  4.46613217 -4.07925502 -0.46782652]
 [ 4.58694225  0.02254138  1.30854264 -2.24597681  4.08750076  1.24948296]
 [-1.0889757   2.10412742  2.76937785  2.74482388 -3.79118381  2.59356694]
 [-4.8066864  -2.5543519  -1.66382897 -2.23013676 -4.11631297 -0.51300851]
 [-1.42527386  3.06622588 -4.35233298  2.1784089  -2.36212743  0.03039126]
 [ 4.66563164 -1.55640661 -2.97568468  1.50929499  1.96487926 -0.3995136 ]
 [-1.24236396 -1.89369036  4.97051993 -4.27167779  3.95451299  0.6841138 ]
 [ 4.48713006 -1.98947054  2.35670139  3.39225659  1.65294888  0.57490522]
 [ 2.10019371 -0.18364169 -1.89548575 -0.58636961  0.02659365  3.03383592]
 [-2.26384764 -1.58217769 -0.56502624 -4.81220067 -3.96933087 -1.43023825]
 [-4.78835496 -0.04994657 -3.24298967  1.58881937 -0.21111747 -2.05273191]
 [-3.0722021   1.01474977 -2.25613275  4.67411535  4.06956499 -3.2650233 ]
 [-1.18778808  3.881378   -4.14952421  4.61099607  1.68026502  4.1585813 ]
 [-3.67119866 -4.45183364 -2.642768   -1.64851069  1.87711549 -3.68479183]
 [ 4.20942055  1.25620747  0.77597449  1.3361973  -1.59608919 -3.17339083]
 [-3.27350785  1.91751685  4.32687986 -1.49415376 -0.86514778  2.60364113]
 [ 3.05300795 -2.62619823 -1.37332836 -0.98431125 -0.10488615 -2.30305605]
 [ 1.77771745 -4.58010582 -1.80110012 -0.04614841  3.08754036  3.63837012]]
