[[-0.33454568  3.15163438  1.43477731 -0.1986097  -0.05195484  2.17473403]
 [-2.92764811  2.36071282 -4.67278237 -3.58305303 -4.89517214 -3.95656249]
 [-0.72073251 -2.28274045  4.87782401  2.60869559 -4.26384802  4.00122367]
 [-1.6933071  -2.86848364 -0.20506267  2.19039661 -1.19527566 -3.98368156]
 [ 2.30335697 -3.65456404 -2.73609496 -3.09918483  3.78360168 -4.26748147]
 [-2.47031322 -1.11095449 -4.67928371 -1.6456775   2.13448767 -1.06160807]
 [ 1.49351607  4.79604041  4.25571533  0.35255607  3.95027271 -2.52454374]
 [-2.9657989   3.98371231  4.85919301 -3.25580862  1.26870797 -4.24318636]
 [-4.31135365  1.997567    4.77618816  4.17104937  0.223916   -4.86705278]
 [ 0.20761292 -2.5780098   0.68371757 -2.22414156 -1.46666034  2.4463162 ]
 [-4.83858815 -0.62693674  4.56919299 -4.06254196  0.79264247  4.41532764]
 [ 4.16189568 -2.33898087 -3.80747822 -4.68285654 -3.02850767 -3.10388024]
 [-1.23295639  0.17662171 -2.88260527 -2.47032114 -0.80526796 -1.01933807]
 [-3.10771559  0.14623354  4.65720719 -4.81552255  0.99031905 -1.8972702 ]
 [ 0.87233901 -3.29353783  2.43140133  3.34884101  3.90579301 -4.46990236]
 [ 0.35839608  2.39126962  3.90244952  3.72133472  2.89717618  0.78715381]
 [ 4.75244049  2.74751231 -2.36158523  3.55757051 -2.12935408  3.76100109]
 [ 0.6669214  -0.06040059 -3.71036565 -0.37092717 -0.68858399 -1.71852685]
 [-2.27009926  0.09159028 -0.45617347 -0.39649099  1.30622356  2.70537769]
 [ 0.35792792 -1.20526308 -1.2973557   0.68827931  0.15874949 -0.35024617]
 [-3.02212456 -0.75195378 -1.60152086  1.88656296 -1.82418045 -2.8169312 ]
 [ 3.01963627  3.19940505 -2.62433836 -2.0048494   0.46211367 -0.45316569]
 [-0.05634636  4.19032235  0.22024322 -0.84205237  0.77180166  0.89420577]
 [-0.16609247 -1.92334799 -1.03457502 -1.57667758  0.42459089 -3.22375048]
 [ 1.43460671  0.27707706  3.61329076 -2.70291381  1.77340503 -2.87892609]
 [ 4.67960127  1.95602088  2.11413895  4.62147865  2.83038135  4.79770331]
 [ 3.33502919 -4.52198253 -0.43407993  4.20248791 -2.86055989 -1.07796747]
 [-0.23967765  1.86172285  0.19053087  4.7712407   3.64945022 -3.90866489]
 [ 0.46010108 -2.30369914  3.15665819  2.83075458  4.8058807  -0.51520153]
 [ 2.882176    4.18288435  1.80320788 -0.41322322 -2.25960771  0.93205973]
 [-1.26151478  0.40817242  4.19076903 -4.59086866 -2.99171872 -0.39676141]
 [-3.04464755  0.33578762 -0.84812326 -4.82601666 -4.84824623 -4.44888122]
 [ 3.03253231 -0.65648227  0.17378329  3.30130535  1.23627068 -4.62135268]
 [-1.8194845   2.37669105 -3.68362394  4.30621339  1.6300716   3.90289777]
 [ 0.72690349  2.31831605 -4.40750143  3.01847991  0.06763917 -4.79642945]
 [-1.10983114 -1.34468626 -2.53061341 -1.92312515 -4.91563063  4.63414409]
 [-0.21012829 -0.14523058  0.25320159  0.1121786  -2.42237858 -0.88619931]
 [ 0.37386195 -3.42874839  0.50544028  2.54111945 -3.30469231 -4.028724  ]
 [-2.94399847 -0.20846913 -0.26286391 -1.36458563  1.19443463  1.53028087]
 [-1.31141033 -4.08343505 -1.27326995  4.24091762  3.15129385 -0.69211415]
 [ 2.94822094 -2.63694576  2.92035081  3.07715374  1.35082202 -0.19991552]
 [-4.69929927 -4.71468665 -4.80775453 -1.29937151 -2.21969228 -2.62953389]
 [-2.98005058  2.64059081 -2.8849891  -0.47957357 -2.67121107 -4.42006538]
 [-2.48267082  4.89841327  4.58397403 -0.99502962  0.11509165  0.15727921]
 [ 0.89619251  0.90925705 -3.52821303 -2.80286421  1.66683222 -0.76487805]
 [-4.59444411 -2.10395285 -3.4198081   1.9669053   0.68916039  3.49799454]
 [-1.96443178 -2.57912174  1.34200967  0.84006586  0.77210485  1.66968174]
 [-4.72248637  3.74357393 -4.7775701   1.23866731 -1.34289437  0.60536677]
 [-2.73459067  1.11731922  1.12942431  2.54229428  4.4161131   0.44940342]
 [ 4.52086394 -3.24384814  4.31790228  4.09085717 -3.40458317 -3.61351833]
 [ 4.98245466 -3.37383971  2.30466631  3.2257633   4.85048977  2.29196011]
 [ 3.45881535  1.04994497  3.2905611   2.75650175  3.85294818 -4.63988329]
 [-0.83453141  0.58295268 -4.94028206 -4.43294528  0.90587715  4.7426429 ]
 [-3.59059431 -4.60318608 -1.28133981  0.02167523 -0.32547862  4.10960984]
 [-1.62779133  2.30325008  0.3437495   4.73637316  3.78533355  0.63344816]
 [ 2.61181005  4.84584408  0.39262159  0.93985561  4.23257339 -0.65062978]
 [ 2.64194514  2.20466802 -0.5438564   1.98356861 -3.9167372  -3.39827062]
 [-4.24335216 -1.72664141 -1.14736227  1.03987549  1.41959674  3.42526724]
 [-4.8592401   0.94132764 -2.18675191 -2.5406361  -2.13780029 -1.65419314]
 [ 4.85362433 -1.82004067 -0.11975081  4.40351692 -3.1996025   0.67858736]
 [ 3.68297952 -2.87754983 -1.3624042   3.56649659  4.37348453 -3.88696608]
 [-0.85868298 -1.55052346 -1.09459409  0.43182247  4.7312717  -1.65726904]
 [-4.91658003 -0.75424446 -2.26458434 -3.80415341 -0.62637201 -0.0393349 ]
 [-0.78173241  3.73424692 -0.55552863 -4.28087149  4.53509016 -4.97224056]
 [-3.18714562  1.27592406  3.5001289   4.25150437 -2.60457611 -2.9258515 ]
 [-3.10174122  1.91551105  1.88121353  2.30264837  3.89184565 -2.15754516]
 [-3.6507692   3.47643799 -2.85058804 -1.45790193  1.79680397  4.94562665]
 [-2.2991304  -4.97470772  1.79982223 -3.29361595 -2.05280591 -0.56883043]
 [-3.80140692 -1.54318867  4.50430806  0.37730863  1.98580444 -2.14173903]]
