[[ 0.68179568 -1.73190524 -4.99997277  3.36341179 -0.03332668 -4.39078814]
 [ 1.81103082  2.80289953 -1.69445093  4.03335892 -4.66209654 -2.06005575]
 [-4.90070905 -0.23185453  1.46590271  2.60114475 -4.21108948 -0.73108637]
 [ 3.84071353 -0.29631832  1.08764297 -4.92801605  1.80470124 -1.82169087]
 [-3.26656095 -3.14540968  1.42143333 -0.68163435  3.31575748 -3.2634252 ]
 [-2.59468228  3.08309912 -1.32144949  4.56762148 -1.50870441  3.31398415]
 [-0.97538583 -3.37270817 -3.56707422  1.90205147 -3.04485045  1.75717647]
 [ 4.2487463   0.24253507  3.76836083 -0.17947356 -1.92202177 -0.10980213]
 [ 3.57655353 -3.83461746  1.74222915  1.0007841   4.76200048  0.33044301]
 [ 2.79406332 -1.45336042 -0.2313556  -2.93361059 -4.00718323  3.00989672]
 [ 0.13162428 -2.52046286  2.06410307  4.98061947 -0.94861399 -1.37213643]
 [ 2.29278988 -0.86731672  2.83519425  3.57500452 -2.16585669  4.99446646]
 [-0.23336187  4.00225969  2.50587388 -0.25642273 -4.42445124  1.30804041]
 [-0.46047615  0.20048355 -4.66743632 -4.05517582  0.49045659 -3.8385375 ]
 [ 0.7248933   0.73987955  0.76802603  4.17770162  4.38897056 -3.0320127 ]
 [ 4.40244131  2.08222248 -4.09506082 -2.1034871  -3.33598546 -0.44660215]
 [-4.25228882 -2.25835974  2.32208466  2.15869916  0.13946649  4.01876952]
 [ 4.59886781 -0.47682789 -2.45371425  3.22608284  0.84755166  1.54436788]
 [-4.47513042  2.19289857  0.42872206 -4.03832029  2.20483693 -1.51864388]
 [ 3.00399485  4.86195088 -2.04817218  1.96783799 -1.331396    4.11564735]
 [-0.54978645  4.4283596  -4.02737043  1.3921021   0.43026314 -2.34822031]
 [-0.74144236 -1.05388584  3.08337527 -0.80396188 -2.60715394 -4.97801462]
 [-3.02672016 -3.70926009 -0.29669615 -4.3641744  -1.72596609 -0.54837663]
 [-2.10969611 -3.06427891 -2.72044819  4.42701938  3.36549504  0.50508178]
 [-4.71755709 -1.20250256 -3.09062691  0.2935653  -1.11270359 -3.39329389]
 [ 0.37167386  3.79713576  4.15711435 -2.52043351  2.44364209 -4.12087557]
 [ 1.57617993 -4.6796284  -4.51728867 -1.43694285  2.62236942 -1.06498617]
 [-3.40797597  1.62594783 -3.58145487 -2.24129642 -2.71683202  2.3966574 ]
 [ 0.96951769 -4.23854726  4.92358782 -2.82220748  1.01245851  0.23085613]
 [-2.74010163  0.65407658  4.66139458  0.884045    3.61338006  0.71727523]
 [-1.72599712  4.73640207  3.23912154  2.98967933 -0.49223918 -2.69053372]
 [-3.83895496 -1.95062112 -1.18979278 -3.22669202  3.94809861  3.45372909]
 [ 1.23700702  1.18268484  0.60862863  2.84094573  4.71141172  4.47794298]
 [ 3.18809707  4.26318865  3.37475135 -1.29085962  3.07514437  2.33446537]
 [-2.22290604  1.80210749  3.89160396 -3.68257969 -0.30677982  3.65049133]
 [ 2.42700816  1.32889498 -3.30875571 -3.39282278  1.92055591  2.67484812]
 [-1.40125096  3.56268155  0.02956508 -4.63361506 -3.64479116 -3.73440104]
 [ 3.42735134 -4.31473394 -1.56474019  0.50867982 -3.11700107 -2.49145324]
 [ 4.7747403   3.21095016 -0.73606306  0.0664723   1.2475828  -4.59875726]
 [ 2.03594005 -4.82849417 -0.67325226 -1.75626852  1.44524337  4.66953123]
 [-3.7861079   2.53320497 -2.15604887  1.43299433  4.23776276  1.12948235]
 [-1.60239812 -2.84443749  4.28941268 -1.04353693 -4.96505812  1.99287719]]
