[[-2.51421439  3.43847381  1.80180535  0.78326582  3.12316848  4.24661197]
 [-0.80049533  3.04836432 -0.44270607  0.11246105 -4.17618797 -4.24024853]
 [ 3.03612421 -2.5263415   3.10615512  1.49651491 -4.85216724 -3.9896085 ]
 [ 4.55815399 -3.19195107  4.12454249  2.93473231  0.81096834  2.25276002]
 [ 3.91398116  2.29983197 -4.00269608 -3.11071503 -0.75125737  3.283547  ]
 [ 2.39872743  1.18180182  1.74480963 -1.56958624  4.26799871 -4.49186016]
 [-4.4689222  -0.27943917  0.43676695  4.32050858 -1.34009592  2.30347312]
 [-3.13688103 -1.58623146  0.05406371  1.77370896 -4.56564266 -1.36263193]
 [-0.58577288  3.15775698  4.340493    2.60524628 -4.27199364 -4.29706608]
 [-1.49825225 -4.85983742  2.27560953  2.29861719 -0.72912479 -2.31835147]
 [ 2.54979922 -2.10114782 -1.33604628 -1.24843552  0.05925604 -4.9903814 ]
 [-2.12292128  0.29947517 -3.13452759  4.18416493  1.54816107  4.65352594]
 [-3.51354918  1.69397636  4.58170661  2.80367441  1.66559914 -0.44811904]
 [ 4.86171561 -0.74032409 -3.70857533  0.34502811  1.97494108  1.06844472]
 [ 4.35669144 -4.28805983 -1.90945491  0.08030041 -1.84788384  0.25696667]
 [-0.32661673 -4.66686443  0.28004305 -0.98475554  4.2722017  -3.27843145]
 [-4.30348949 -4.7001961   0.37421999 -0.8141656  -1.08520686  2.15591672]
 [ 0.13986343 -0.45970486 -4.26008062  1.1923069   4.85878761 -1.49567019]
 [-1.80940443 -3.9152025   0.56415091 -2.78341837 -3.65338452 -2.66793118]
 [ 1.79291252 -4.9249662   1.46149997 -1.95157088 -3.39498575  2.72476355]
 [ 3.18058889  3.89051954 -4.16464928 -0.26768258  3.82311214 -1.7911714 ]
 [ 1.69247218 -3.57020854  0.94778577  4.96345356 -2.94671617  2.88872921]
 [-4.67287636 -2.91393636  3.5803431  -1.98035248  4.07224761 -0.85339994]
 [ 4.42625748 -0.68539649 -0.99376247  4.06216182 -2.82708042 -1.01190429]
 [ 0.29290195 -4.43530129  1.3438863  -2.68406518  2.88657526  3.0013136 ]
 [-2.49535918  4.20577446  0.75229679  3.40523207 -1.74340659 -0.5595754 ]
 [-3.42554729  3.56743709  2.66859516  1.30641244 -4.74819742  3.53295894]
 [ 3.32696734 -3.33859487  1.9282439   3.46994211  0.22510119 -4.73346981]
 [-1.75068393  0.33594166 -4.78881379 -1.40108876 -1.46712434  4.53373918]
 [-4.4920428   3.42286347  0.6409033  -2.89101968 -1.97225679  1.71963711]
 [-1.13218783 -1.06151139  4.59633568  4.50210773  3.49138204  4.3076048 ]
 [-1.41770753 -1.40770931  3.86010046 -1.04790547  1.06871858 -4.8244563 ]
 [-4.77036956 -2.72478845 -2.19062292  1.93134915 -0.56513422 -3.71377439]
 [-1.5900973   1.58214967 -3.75577138  4.42264635 -4.00111401  2.50386053]
 [-1.24775783 -1.25382682 -4.85450339 -1.34100734 -1.3618561  -4.44630046]
 [-3.2392313  -2.02407798  2.79124656 -0.43142564  2.33943581  4.37613424]
 [ 4.94629463  0.67470219 -0.77313987 -1.67449917 -3.95312985 -2.13683905]
 [ 3.36729061 -4.49014514 -1.71618018  3.16318298  3.23200909 -1.64225395]
 [ 1.12495992  4.51249509  1.22881132 -4.09595463 -2.02294321  0.93227146]
 [-3.05303157  1.41104904  4.68988699 -1.86806912 -3.7600623  -1.76396239]
 [-1.92177623  0.92426275  2.09468945 -4.83970659  0.20654345  4.02024715]
 [-4.24162042 -1.85310687 -3.88599998  3.05318617  2.92911011 -0.02060822]
 [ 3.74168818  1.95311024  3.39151214 -0.0151148  -1.66521338 -3.90251079]
 [-0.4910858   4.86320919  3.21987217 -0.87567902  0.49256101 -2.71150044]
 [-3.78502139  0.11127181 -0.56200874 -0.5386619   4.77187382 -1.21541004]
 [ 0.67873511  4.9853456   3.83503662  2.23216341  0.54517356  2.44271737]
 [ 3.46771842  1.53600387  3.49757874  3.87800142  2.59423814 -2.04373529]
 [ 4.66196786  4.63165185  0.92132392 -0.63347898  2.44295884  0.04851145]
 [ 1.47504116 -3.66589674 -4.60408911 -3.2690474   2.72349565 -0.76958009]
 [-0.88643192 -0.38305406  2.29357632  0.26765567 -2.62425988  3.6296177 ]
 [-0.72355112 -0.07601997 -0.65843033  4.74157108 -0.89232538 -3.60948976]
 [ 0.54667016 -1.46364413  2.58366285 -4.7218263   2.16697534 -1.30149352]
 [-0.9536735   4.70107664 -3.55382228 -1.50451529 -0.11666684  0.43835359]
 [ 4.2137222  -0.52356421  2.43696359 -2.42573031  0.4079485   1.31631296]
 [ 2.68477858  4.33673081 -2.54622498  3.63873553 -0.3768643   1.53048726]
 [-2.64989269  2.12798113 -0.24771673  0.58507136  1.01078302 -3.83984638]
 [ 2.83204497 -4.18861674  3.30384153 -2.20345533 -0.95847879 -3.4769067 ]
 [ 2.0918202  -3.0211122  -2.94230456 -3.91518966 -0.44217894  3.77503704]
 [ 1.28127587  1.02647036 -1.16384214 -3.16423332  3.6785809   2.00698667]
 [-2.38833601 -3.80053238 -4.37309497 -2.37465695 -2.3695494  -0.11418313]
 [ 4.16416553  3.97653335  2.90685516  1.36827374 -3.29930782  1.58374023]
 [ 4.76772395 -4.15312202 -0.07787847 -4.57926513  1.35153546 -1.05428833]
 [-3.9476735   2.47446474 -2.47648861 -3.7327756  -3.56761016 -2.86053843]
 [ 1.91468918  0.80745081 -0.1725681  -4.22417776 -3.47255818  4.95609371]
 [ 1.63447314 -1.1512531  -3.39063415 -4.96850702 -3.02785464 -1.94061623]
 [-2.91459582 -3.27357505  1.12189987  3.66951143  3.38050557  1.24900748]
 [ 0.86712109  3.79308192 -1.10992327 -0.36970063 -0.21106228  4.79221248]
 [-1.31303379 -2.23110845 -2.3366562   0.46870668  4.96601025  3.66403811]
 [-4.13669007 -2.29507538 -0.34679283 -3.4411625   1.22736973 -3.00788844]
 [ 3.58609112 -0.16388531  1.4090027   1.71426826  4.38933987  4.06930955]
 [-2.27130943  3.66957295 -3.49707383  0.68977148  4.63588741  3.90596355]
 [ 3.81323898  2.2231723  -1.57210252 -4.04721577  0.68166772 -3.05241477]
 [-3.73549205  2.95842435  2.94269278 -4.29685997  2.27333436 -0.62742092]
 [ 2.30660657  1.26489644  1.6085317   4.88695715  0.92360503  2.60448104]
 [ 2.80741602 -2.70639091 -1.39538432  4.61588556  1.67259682  3.0486082 ]
 [-4.87643123  2.61725431 -3.10704786  1.1178884  -1.23164622  1.85873338]
 [ 1.98253365  0.07636901  4.98233329  3.32198114 -2.18020603 -0.24189574]
 [-3.56762374 -1.90152766 -2.6249341  -3.79306718  1.39121929  3.17836382]
 [ 3.01138471  1.04526784 -2.05027475  3.76928442  2.66027368 -4.61538306]
 [ 1.21169826 -0.87509268  4.26826563 -3.37725108 -4.14462207  0.4072537 ]
 [ 0.44344982  2.87734332  0.14353377  2.54191589  4.51444875  0.12308467]
 [-4.01129446 -2.48880269  4.42381545 -2.58995258 -2.26668253  1.00106675]
 [-3.01395832 -4.0569414   3.65494606  2.91562033 -3.22751862  1.95874593]
 [ 1.45769927  2.54937541  4.8384632  -2.18556498  3.92334402  0.73149275]
 [-2.75491438  2.05306117 -4.57447456 -4.58663942  1.83264921 -2.24023232]
 [-0.18764897 -2.94213927 -2.91371807  1.62308098 -4.65485165  3.39878219]
 [ 0.05963422  0.60954915  2.02760432 -4.42362862 -2.75148341 -4.13900556]
 [ 4.0123975   0.42821784 -0.93588195  2.14935279 -2.59792524  4.68881289]
 [-2.02017401  3.23239052 -4.37938651  4.06587774  2.00223258 -3.13235029]
 [ 1.02358406 -3.44834519 -3.33303434  2.07786968 -4.40709613 -2.49869209]
 [-4.95656021  4.15641277 -1.79658796 -3.58086748  3.63925712  1.35689777]
 [ 2.26731369  1.85402128 -4.99998809  2.47363943 -2.44169615 -3.41280969]
 [-0.27067921  4.45105117 -1.46352332 -2.92468494  4.04342032 -2.59152672]
 [ 0.74422349  2.80264605 -2.79956528 -0.12524596 -4.98471293  0.53145492]
 [-0.03513335 -0.94735497 -2.17116756  0.8894209  -0.04919639  0.69313931]
 [ 0.34845542 -1.70422282  4.0177829   1.0053442   3.17016587 -0.37387382]]
