[[ 2.2400729  -1.30877457 -1.354535    1.4466656  -2.87774479  2.58754177]
 [-0.96350785 -3.09470141 -1.45533531  4.08068482 -2.46740828 -1.03078548]
 [ 3.02552088 -3.45241368 -3.55725857 -1.23208183  4.64080886  1.1092752 ]
 [-2.06650052 -3.76605361 -3.54223373  0.36132    -2.6420629  -2.80369664]
 [ 4.8984751  -3.41040213  1.03750067  4.26579383  1.28715918  1.7395406 ]
 [-0.70008831  0.17916039 -4.25544644 -4.51683226 -4.37809883 -0.5268262 ]
 [-1.91538934  4.5869296   1.38112984  0.85928141  2.48650582  0.71304208]
 [ 4.42839677  2.25629588  0.31222177 -3.73264988  3.99982321  1.70413135]
 [-2.3486999   3.6113087   0.8413705  -1.87117185  4.83851625  2.56369858]
 [-2.95049492 -4.35654254  4.44996992 -3.47408497  2.3894137   4.76021956]
 [ 4.45038305  0.20017293  0.70734907  2.11403732 -3.30680313  3.27363555]
 [ 4.34394959  4.89510038  0.36240439  4.28871919  4.30558611  1.26294091]
 [ 3.30550229 -3.39892805 -0.36916355 -2.03188699 -1.01881889 -1.54617028]
 [-2.78949411 -1.48530151 -4.54877862  1.33497942 -2.7562702  -0.00823339]
 [-0.6234426   2.96455555  0.91182905  4.56426778  1.00589048 -3.79984529]
 [ 2.21018168 -1.05039254 -3.08890389 -0.89333667 -2.50459977 -3.87606522]
 [-2.72341713  0.281758   -2.96426091 -0.33582605  4.52891348  4.18265265]
 [ 0.11949781  4.28521766  0.79061355 -1.79044536 -0.36444458  0.46992914]
 [-4.26499038  1.21620152  0.59238956 -2.81965316 -3.90906353  3.93956523]
 [-1.51009258  3.35286168  3.26253565 -0.86979517 -2.8535006   1.50371749]]
