[[ 1.45628294e-01 -6.45185313e-01 -3.08851396e+00 -4.59191655e-01
  -3.86596638e+00  3.64726942e-01]
 [ 7.12121702e-01  3.78977331e+00  4.82823231e-01  3.13759191e-01
  -3.41979834e+00 -4.95012053e+00]
 [-2.95147276e+00 -4.41012024e+00 -3.76121856e+00 -2.44683027e+00
   1.46135391e-02 -1.24193299e-01]
 [ 4.80776417e-03  3.38397825e+00 -1.64374725e+00 -8.22436307e-01
   2.06233058e+00  3.60736956e+00]
 [ 1.00966141e+00  1.11989193e+00  2.38447171e+00  3.31814270e+00
  -4.18563220e+00 -2.10416209e+00]
 [ 1.28635867e+00  2.75797971e-01  1.55082606e+00 -9.02270611e-01
   1.46092792e+00  4.59583150e+00]
 [ 4.39856187e+00 -1.09580337e+00 -3.89723887e-01  4.08802988e+00
   4.03047262e+00 -8.17990622e-01]
 [-4.43570605e+00 -2.25257018e+00 -2.03105921e+00  2.34715589e-01
  -5.30892962e-01  2.86703623e-01]
 [ 4.73435667e+00  1.23092674e+00 -3.38715986e+00 -7.14384089e-01
   2.21047116e+00 -1.36363558e+00]
 [-1.51629078e+00  1.54238951e+00  1.14905459e+00 -4.42663080e+00
   2.55184222e+00 -3.27637800e+00]
 [ 3.84394576e+00  4.77793398e+00 -4.08632151e+00 -2.06765022e+00
  -8.35766387e-01  1.60475617e-01]
 [ 4.59383418e+00 -6.24664040e-01 -2.36927523e+00  3.48140651e+00
   5.45383114e-01 -2.07470848e+00]
 [-4.04163518e+00 -6.94322679e-01  3.62609448e+00  4.39125031e+00
   4.34400955e+00  4.16795033e-03]
 [-2.31153653e-01  2.43777089e+00 -6.03951019e-02 -1.25211518e+00
  -3.61458322e+00 -1.30529156e-01]
 [-3.12368575e+00 -2.19030902e+00 -4.64476070e+00  4.41926502e+00
  -3.91723553e+00  1.45289126e+00]
 [-3.74251067e+00 -2.96509593e+00  2.62793850e+00  2.47907780e+00
  -1.38638211e+00 -2.97993144e+00]
 [ 4.38267990e+00  4.45053486e+00  4.68159254e+00 -4.96855264e-01
   2.25514395e-01  2.52684497e+00]
 [ 4.79598566e+00  3.21636552e-01 -1.31991810e+00  2.14226442e+00
  -2.99109985e+00 -1.25275425e+00]
 [ 4.89216831e+00 -4.59774377e+00 -1.17872728e+00  1.28147991e+00
   7.82565822e-01  3.39888748e+00]
 [-1.00166936e+00  8.41694580e-01  3.55636815e+00 -3.24228157e+00
   2.88512667e+00 -3.21819046e+00]
 [ 2.92890194e-01  6.19347764e-02 -3.53794478e+00 -1.61818663e+00
   7.31736594e-01  2.50364979e+00]
 [-4.18181546e+00  4.76026551e+00  3.72028509e-01 -4.92441387e+00
  -4.19974039e+00  4.10868354e+00]
 [-1.53350696e+00 -2.60982476e+00 -2.21309314e+00 -4.86395201e+00
   3.38734221e+00 -4.20247831e+00]
 [ 2.31586088e+00  4.95608809e+00  1.32479719e+00  7.08726348e-01
   4.59208019e+00  6.88428108e-01]
 [ 4.99268657e+00  4.52820210e+00 -4.19033386e+00  3.09927773e+00
   4.35557339e+00  2.88877942e+00]
 [ 3.27862944e+00  3.63016961e+00  1.49034151e+00  4.29677464e+00
   1.02296686e+00  1.24511825e+00]
 [-3.81265186e+00 -3.96332741e+00  4.71155216e+00  2.44331301e+00
  -2.47385659e+00  1.29592760e+00]
 [ 3.09601508e+00 -4.91174375e+00 -4.22687750e+00  3.10510995e+00
   1.39418672e+00  2.52773160e+00]
 [-9.39906307e-01 -3.82533983e+00  3.86433477e+00 -1.66091423e+00
   8.30757365e-02  2.64695904e+00]
 [ 1.44437553e+00  2.47487027e+00 -1.10695592e+00 -1.57007615e+00
  -3.28329570e+00  2.98149855e+00]
 [-4.61702755e+00  3.74494119e+00 -4.98628447e+00 -4.24330311e+00
   2.00272041e+00  5.78032456e-01]
 [-2.55358548e+00  3.27083671e+00  3.62830127e+00  3.56053596e-01
  -3.60286937e+00 -3.93765648e+00]
 [-4.88134720e+00  2.63410671e+00  1.23894184e+00 -8.71435992e-01
  -4.61393641e+00 -3.05621259e-01]
 [-1.35598973e+00 -4.60227388e+00 -1.33701699e+00  1.21253120e+00
   3.36265993e+00 -4.49694268e+00]
 [-4.57953387e+00  1.98222860e+00  6.81873227e-01 -4.25415072e+00
  -3.15169303e+00 -3.90157246e+00]
 [-1.93550133e+00 -2.98098814e-01 -7.88339048e-01  4.80170967e+00
   3.93267767e+00 -2.18935032e+00]
 [ 1.90964311e+00  1.07579510e+00 -1.53510441e+00 -2.16923586e+00
   3.42544153e+00 -1.34552243e+00]
 [ 2.99638482e+00  2.85413109e+00  4.75276914e+00 -1.95915467e+00
  -6.90441030e-02  3.75820201e+00]
 [-4.47323124e+00  2.75841530e+00 -5.36188151e-01 -3.14651608e-02
   9.79384583e-01 -8.90867097e-01]
 [ 8.44309700e-01 -1.53588820e+00 -2.51667714e+00  3.90767287e-01
   1.80561168e+00  7.57228197e-01]
 [-1.33590498e-01  4.07332706e+00  4.01886129e+00 -1.38129553e+00
   4.41971724e+00 -7.82492673e-01]
 [-2.21976542e+00 -1.98361635e+00  4.65296081e+00 -3.17157428e+00
  -3.74868026e+00 -5.54778389e-01]
 [-4.75932437e+00 -3.47249392e+00 -1.52171761e+00  4.45091048e+00
   2.93433205e+00 -3.87160669e+00]
 [ 4.99564654e+00 -2.37421789e+00  1.46644002e+00 -3.80996393e+00
   3.45789062e-01 -4.44453910e+00]
 [ 4.13733135e+00 -3.68044069e-02 -2.98197165e+00  3.76148915e+00
   6.87870875e-01 -4.02627160e+00]
 [ 1.20018633e+00  5.95013631e-01 -2.91086696e+00  2.12781744e+00
  -3.15856090e+00 -3.99407805e+00]
 [-2.13721538e+00 -4.72909810e+00  3.11689679e+00  1.14585286e+00
   3.43925682e+00 -2.37709437e+00]
 [ 4.55604861e+00  2.13188831e+00 -1.27061878e-01 -1.64070300e+00
   4.31072215e+00  4.91896754e+00]
 [-2.87752631e+00  1.22918233e+00  4.76390907e+00  4.78538114e+00
   2.33071525e-01  1.76427260e+00]
 [ 4.23842368e+00 -6.70852857e-01 -1.87920244e+00 -4.42626456e+00
  -3.30178325e+00 -5.82249157e-01]
 [ 1.38222284e+00 -1.54419793e+00  4.99986579e+00 -4.40166775e+00
   1.73117093e-01  2.88795014e+00]
 [ 4.28755701e+00  7.44339688e-01  4.45699255e+00  1.84080821e+00
  -3.01399987e+00  3.05274478e+00]
 [ 1.18245120e+00  3.27247888e+00  5.96469228e-01 -1.22471419e+00
   4.62222356e+00  4.35685739e+00]
 [ 4.93277929e+00 -3.91762950e+00  3.87669078e+00  4.12287163e-01
  -4.31250213e-01 -1.09018356e+00]
 [ 2.80905240e+00 -4.37573179e+00 -3.90475105e-01  1.44593626e+00
   1.88060716e-01  2.43927633e+00]
 [ 4.05146210e+00 -2.00035516e+00  4.34256955e+00  3.09045369e+00
  -4.70142185e-01  4.75021162e+00]
 [ 3.41644491e+00  3.64972144e+00 -3.21874687e+00 -1.06055973e+00
   4.72871448e+00  4.34286862e+00]
 [ 3.34687663e+00 -1.47419276e+00 -4.56229168e+00 -2.75425131e+00
   4.85434841e+00  3.06265078e+00]
 [-1.61177946e-01 -4.41365931e+00 -1.99738427e+00  3.46935710e+00
   5.60246529e-01  4.40889488e+00]
 [ 1.41731461e+00 -1.56974161e+00  1.31915733e+00 -4.10630274e+00
  -3.53040599e+00  2.65067519e+00]
 [ 1.49217332e+00  1.72161024e+00 -7.21365830e-01 -1.48835569e+00
  -2.58345583e+00  2.97431728e+00]
 [ 2.31655997e+00  8.67854510e-01 -2.15644610e-01 -1.14462670e-02
  -3.64360573e+00 -3.30911654e+00]
 [ 1.35291123e+00 -9.08613324e-01 -4.73400786e+00 -8.96718601e-03
   4.34161395e+00  3.03594652e+00]
 [-3.45279524e+00 -2.58057126e+00 -4.24505013e+00 -4.09531845e+00
   4.77402136e+00  2.30028720e+00]
 [ 4.06677112e+00  1.19889037e+00 -1.76320069e-01  2.73289502e+00
   2.80968430e+00  2.94007311e+00]
 [-4.58305267e+00 -2.55197130e-01 -4.97048955e+00  2.32910308e+00
   1.69358124e+00 -3.11846243e-03]
 [-6.83964910e-01  1.82501797e+00 -3.39320225e+00  4.61646207e+00
  -3.24413675e+00  3.05803140e+00]
 [-4.91718654e+00 -3.54396357e-01 -4.40920249e+00  4.50840755e+00
   4.11402603e+00 -2.10925882e+00]
 [-3.92291780e+00  4.50744460e+00  2.41438171e+00 -1.73724883e+00
   2.65761218e-01 -2.66082878e+00]
 [-3.22328459e+00  2.87351759e+00 -1.12363505e+00  4.29615407e+00
  -7.10671051e-02 -2.91086509e+00]
 [ 3.06094646e+00 -3.14006620e+00  1.71646559e+00 -2.35107138e+00
  -2.78158606e+00 -3.47368463e+00]
 [-4.39539038e+00 -4.18460421e+00  4.44377667e+00  3.02509250e+00
  -4.31968417e+00 -1.60112029e-01]
 [-4.99244990e-01  3.15682570e+00 -4.07615811e+00  7.41281448e-01
  -1.46859527e+00  2.19059803e+00]
 [ 2.76772676e+00 -3.49217521e+00 -5.07206536e-01 -8.53415127e-02
  -3.75036142e+00  4.02488720e+00]
 [ 3.08713259e+00 -7.75615297e-01 -4.30260095e+00  2.57792986e+00
   6.65517926e-01  2.99823344e+00]
 [-4.18008713e-01  1.11449497e+00  3.60592432e-01 -1.67321943e+00
   3.62480993e+00  2.60194359e+00]
 [-2.51715121e+00  2.24287211e+00  2.78929241e+00 -1.28844142e+00
   1.99776992e+00  3.29678900e+00]
 [ 3.74071903e+00 -2.96652512e+00  4.68688663e+00  3.94700566e-01
   4.32728023e+00 -3.29904496e+00]
 [-4.82525261e-01  2.77156834e+00 -1.81914169e+00  4.04137125e+00
  -2.08317771e+00 -3.72180399e+00]
 [ 3.31766453e+00  1.67949271e+00 -9.67791950e-01 -2.22276164e+00
  -4.25681351e+00  1.58246714e+00]
 [ 3.07923774e+00 -4.44227477e+00  6.42058934e-01  2.36330720e+00
   3.29156946e+00 -3.93850393e+00]
 [ 4.36398062e+00  2.96055745e-01  2.69079547e+00  1.41748711e+00
   1.33858643e+00  2.06045603e+00]
 [-4.75520532e+00  3.62238452e+00  1.84419617e+00  1.51255902e+00
   2.97902796e+00 -3.56783233e-02]
 [-3.33526614e+00 -1.19741918e+00 -2.59823942e+00  4.25370049e+00
  -3.87379501e+00  2.56261516e+00]
 [-3.48628539e-01  4.01958219e+00 -2.14946560e+00  2.89348458e+00
  -2.56087783e+00 -2.84922788e+00]
 [ 8.70313567e-01 -2.08439287e-01 -2.88571207e-01  2.65111985e+00
   2.75941879e+00  2.80682725e+00]
 [ 9.72055740e-01 -3.78446538e+00 -9.33529898e-01  3.03331036e+00
  -2.05985022e+00 -1.08672720e-01]
 [-1.72553464e+00 -3.06955863e+00 -3.93677030e+00  1.38463384e+00
   4.53774563e+00 -7.59539901e-01]
 [ 2.56543245e+00  3.78333023e+00 -2.87457514e+00  3.30940978e-01
   1.32673740e+00 -1.70518469e+00]
 [-3.19959662e+00  4.69845910e-01 -3.28243846e+00  3.07413635e+00
   4.79608455e+00 -8.75462427e-03]
 [-1.01225575e+00 -3.98758030e+00 -4.10648965e+00 -2.37540169e+00
   3.22705412e+00 -1.91112710e-01]
 [ 2.51149328e+00  2.82885855e+00 -1.80028528e+00  4.20882603e-01
   4.16225051e+00  1.22202840e+00]
 [-4.72909019e+00 -4.28163772e-01 -3.23459671e+00 -4.14189424e+00
   4.83720561e+00 -4.62125241e+00]
 [-2.11191402e+00  3.64331262e+00  3.59346922e+00  4.45896343e+00
   3.91282036e+00  2.56486373e+00]
 [ 1.01461686e+00  4.70119244e+00 -6.53645847e-01 -2.05014201e-01
  -4.00728682e+00  1.88595122e+00]
 [ 1.41224081e+00  2.73762560e+00  3.99277330e+00  1.30456071e+00
  -3.17160693e+00  1.74184016e+00]
 [ 4.85072793e+00 -1.11172032e+00 -2.72939133e-01 -4.63702922e+00
   1.27984469e+00  3.50942491e+00]
 [ 3.86721246e+00  3.40724615e+00 -3.21181427e+00 -2.20618502e-01
   2.05261761e+00 -4.92357607e+00]
 [ 4.72295747e+00 -1.90601082e+00 -5.71326808e-01 -1.18546498e+00
  -8.14424614e-01 -1.68444918e+00]
 [ 1.97057106e+00  4.60254825e+00  1.06550851e+00 -3.78834075e+00
  -4.94359460e+00  2.59610223e+00]]
