[[ 3.85736278e+00  1.98758120e+00  2.35698123e+00  3.66363157e+00
  -7.84889264e-01  3.42098163e-01]
 [-4.39412773e+00 -1.88110362e-01  1.26310788e+00 -1.23366979e+00
   7.84667621e-01  9.87626429e-01]
 [-7.66831145e-01 -4.82956904e+00  2.98221322e+00  3.68253906e+00
   1.29490910e+00 -2.77729976e+00]
 [-1.39850568e+00  1.32169012e+00  1.52033335e+00 -4.74060062e+00
   2.40374362e+00 -4.79155882e+00]
 [ 4.10134950e+00 -2.86957326e+00  3.25513351e+00 -1.48332357e+00
  -1.46808354e+00 -7.44124049e-01]
 [-4.10295922e+00  1.69611559e+00 -3.00690080e+00 -3.10853611e+00
   3.76419307e+00 -7.76545831e-01]
 [-1.70264178e+00 -3.49864866e+00 -4.73709812e+00 -9.26090699e-01
   1.31659413e+00 -1.87430016e+00]
 [ 4.33048945e+00 -3.14335015e+00  2.13886891e+00 -1.10958229e+00
   2.02202881e+00 -2.83637057e+00]
 [ 1.26513497e+00  1.88279219e-01 -1.56892342e+00  4.41735434e+00
  -4.12178023e-01  2.79234797e+00]
 [ 2.03410602e+00 -4.36110615e+00 -3.81736461e+00  3.38905514e+00
   1.66629136e+00 -5.20446734e-01]
 [ 4.82093233e+00 -1.53428304e+00 -3.30187531e+00 -3.47354153e+00
  -2.42147870e+00  2.39741673e+00]
 [ 3.53882851e+00  3.62905395e-01 -3.68083029e+00  8.06210848e-01
  -2.07226592e-01 -1.09825205e+00]
 [ 6.33681815e-04  4.85684734e+00 -2.96969972e+00  2.56653834e+00
  -1.93645212e+00 -3.01242828e+00]
 [ 2.68358556e-02 -4.39962935e+00 -1.33141853e+00 -3.43118613e+00
   1.02927308e+00  4.39631788e+00]
 [ 4.15019904e+00 -2.61092789e+00  1.67187349e+00  4.18263104e+00
   3.68465104e+00 -2.54031360e+00]
 [ 4.52059025e+00  3.63688434e+00  4.33466564e+00 -2.02962320e+00
  -4.75378746e+00 -2.68585228e+00]
 [ 3.71787238e+00  4.80853681e+00  1.06836963e+00  3.90522271e+00
   4.38742005e+00 -3.71047456e+00]
 [ 3.59708500e+00 -2.49069803e-01  2.54086965e+00  2.53982172e-01
   2.46662955e+00  2.93597478e+00]
 [ 3.02047999e+00  5.23672195e-01  3.26612845e+00 -3.20308406e+00
   2.90265622e+00  1.01874655e+00]
 [-3.89246593e+00 -1.67722977e+00 -3.06155533e+00 -2.49330225e-01
  -4.48101367e+00  4.62214423e+00]]
