[[-2.81470402  4.39794814 -3.26028267  1.54968613  2.98103708  0.8126442 ]
 [ 4.20982634 -0.96222536  3.15175947 -2.04103621  0.736438    4.2196317 ]
 [ 3.88106568  1.63657298 -3.79921314  3.8660065   4.26471505 -0.61412134]
 [ 2.45176545  3.65441483  4.35883775  1.87976512 -1.07757318  4.21865655]
 [ 4.47134373  2.0259103  -0.59233007 -2.14494287 -4.48809478 -4.95874773]
 [-2.17360316  0.83463922  2.61204189  1.12114733 -1.28127441 -2.26117024]
 [ 4.67822282 -4.27767041  1.57404957  2.38359043  4.34860539 -3.81302247]
 [-1.59587515 -1.89974999 -0.42182374  4.45834694 -3.26964522 -3.50701806]
 [ 4.56922546  3.23957917 -0.96445745 -3.09548915  2.57855957 -0.37872786]
 [ 3.63333615  2.26544999  2.72278411  3.42619045 -1.55734439  3.84243577]
 [-1.76363713 -1.35847177  4.29417307 -2.85518785  2.22825372 -1.41794116]
 [ 3.0558559  -0.77014732  4.80528534 -4.21651347  4.01919466  2.80165232]
 [-4.67576422 -4.24161322  2.6834427  -2.41011561  2.25829412  2.67346552]
 [-0.24118805 -0.24931672 -3.84466067  3.615702    1.66556929 -1.33942908]
 [ 2.23221116  3.83199944  2.89580574 -0.42921426  2.03168643 -3.03670812]
 [ 3.44139106  1.30545982 -3.43999384  0.59550898 -3.67215292 -2.96926139]
 [-0.02472404  1.11828407 -2.09398541  4.57570236  1.02399952  1.86479975]
 [-1.36886203  2.90649545  0.77561825 -3.48395888 -2.24990429  1.43988215]
 [-2.64667994  1.07513379  4.92588934 -1.35041047 -0.89375044 -3.45844932]
 [-2.06475253 -2.56878665 -2.7689302   3.65316307 -0.28137005 -1.8212157 ]]
