[[ 2.39469567  2.95298833  4.29706052 -3.14854674  0.54294594  3.5821059 ]
 [-1.31281369  4.10240264  2.31707533  0.38526699 -2.22931166 -0.07087764]
 [ 0.86794496  1.19798025 -3.4454783  -3.12175198 -2.45165554 -1.47540255]
 [ 2.29175963  4.13284252  2.61102939  2.45860659  1.89646588  1.53994064]
 [ 3.63378136 -3.94391934  0.98293917 -2.75560502 -2.92793143 -0.16175904]
 [-4.99188288  1.76443521 -2.74969693 -4.6939826   0.28350213 -1.76639491]
 [ 1.63362156 -3.05785605  3.96371999 -2.80850123  2.81118499 -4.72804896]
 [ 2.6303851   4.60168866  2.69458885 -0.7394826   3.46508769  3.00483894]
 [ 0.99113618  1.48196604  0.05138634 -0.802813    2.50353555  4.72720221]
 [ 1.50260991  1.42635116 -2.46013105  3.58553833 -3.42538194  0.896326  ]
 [-4.57123885 -0.46574284  4.35134412 -1.5694233   4.80848146 -0.18361292]
 [-2.22877466 -2.75650515 -4.48600319  2.77790306 -0.22170976 -3.75738409]
 [-1.29658831  1.443245   -3.60873738  2.60954503 -0.53826698 -4.01284478]
 [-1.45712269  1.40666672  3.79181034  4.64688845  2.97090489 -3.02188763]
 [-4.19913606  4.12062557 -0.09267278  0.14253884  3.72491074  3.64609067]
 [ 0.51154344  0.60590435 -3.97753423 -3.21772968 -3.52595843  0.41597958]
 [ 3.18493049 -4.92214906  0.17836649  2.77511083  0.2213684  -3.21911637]
 [ 2.98737781  2.24159694  2.91213004  4.44719084 -3.41653604  0.04130105]
 [-4.614902    3.05329148 -0.87725264 -0.27201093 -3.20039705 -3.45630035]
 [ 3.5756185  -0.32627884 -1.48309214 -0.4508469  -2.0641698  -4.99506008]]
