[[-4.55599364  1.29497411 -0.29366764 -1.18536602  4.38389718  0.59180721]
 [-4.01458565  2.85262977  0.29399721 -1.1824187  -4.97928993  2.66629424]
 [-3.18209616  4.85445739  2.3040954  -3.53940405 -3.90316406 -0.03305545]
 [ 2.66683789  1.22707437 -0.35573544 -1.6948453   4.13603939 -4.60154594]
 [-0.92971254 -1.58997079  3.92063197 -2.40332021  3.16068143  2.7663812 ]
 [-3.65677994  0.1041685  -4.0406122  -1.45744038  3.3153853   2.29297291]
 [ 4.67115801 -0.28858454 -1.62755917  1.93717085 -1.74402112 -2.17377355]
 [ 1.63693248 -0.89327145 -0.48099459  2.29173257 -4.32105831 -1.68171624]
 [ 0.20403161 -3.62027796  2.8850412  -0.20997713  0.32261999  3.90465291]
 [ 4.40019473  4.42485023  3.14990488 -3.40997585 -3.76733864  4.45256286]
 [-2.90560191  4.12542379  3.03875154 -1.94120947  2.17228552 -3.62677217]
 [-0.81430851  2.13869101 -1.52190643 -1.10267312  2.77331429  2.95329614]
 [-0.11872549  0.77408111  2.73809119 -3.43220193 -0.60702523  2.21669679]
 [ 1.79790525 -3.97849296  4.24922026  1.20305716  4.58214248  1.57956072]
 [ 3.8105867   0.66731016 -4.89739644  2.00010102 -1.59505148 -3.86638506]
 [-4.66370504  3.10550105  1.83195865  1.91950074  3.71964579  0.52578746]
 [-3.17786269  1.48443567  0.82436814  4.7312599  -4.86761438  2.09816547]
 [-1.9138676   1.43451764 -3.13076852  1.27066032  0.14606791 -1.58361238]
 [-0.37670737 -1.55526275 -0.68823373  1.29109976  4.22367537  4.16849346]
 [-2.35353692 -3.54708683  2.06383711  4.12746337  2.73550617 -4.10155262]]
