[[1.00000000e+00 2.23303942e-61 8.73904395e-25 ... 7.41812445e-17
  2.42406963e-96 1.00000000e+00]
 [2.23303942e-61 1.00000000e+00 1.82402167e-22 ... 3.07725736e-16
  9.26324742e-13 1.00000000e+00]
 [8.73904395e-25 1.82402167e-22 1.00000000e+00 ... 6.51774848e-08
  4.33905010e-49 1.00000000e+00]
 ...
 [7.41812445e-17 3.07725736e-16 6.51774848e-08 ... 1.00000000e+00
  2.79522036e-42 1.00000000e+00]
 [2.42406963e-96 9.26324742e-13 4.33905010e-49 ... 2.79522036e-42
  1.00000000e+00 1.00000000e+00]
 [1.00000000e+00 1.00000000e+00 1.00000000e+00 ... 1.00000000e+00
  1.00000000e+00 0.00000000e+00]]
