[[-2.34905353 -2.62881966 -0.1034109  -0.2105247  -2.64616956  0.25773088]
 [ 4.09812334  0.59429261 -4.84125441  4.70075862  1.63197378 -0.47943239]
 [-4.55291715  0.31658195 -4.56457832 -2.86301511  1.90530983 -0.6587035 ]
 [-1.13914524 -1.25385492  1.5907105   3.30156534 -0.5349069  -2.24274593]
 [-3.13564319  4.95995189 -3.96763075 -4.61494359 -3.78630013 -0.22663689]
 [-2.25153965  0.7795076   4.25734484  3.81003206 -2.40547329 -1.17378388]
 [-4.15475445  4.56242451 -1.3933095  -2.34677262 -0.1019195   3.51723801]
 [-0.75795867 -1.28934012  3.20052902  4.88445398 -3.43293352  1.61938563]
 [ 1.39341721 -4.36024278 -2.86780568 -4.36801779  4.16747931  4.37667625]
 [ 3.47078829 -0.14361073 -2.10152471  3.47708615 -2.23100088 -2.1599609 ]
 [ 1.56642035  0.74372687  0.49428385 -3.4446537  -1.25511874 -0.58606809]
 [ 3.41929074  1.87795125 -3.48119704  3.38232449 -0.66146094  4.29957816]
 [-0.11535013 -2.2761911   0.16086398  2.88129635  4.58796645  3.74752907]
 [-4.49695743 -4.4054104  -0.79657141  4.3785035  -0.92003894 -1.99440641]
 [-1.47125687 -0.54258338  0.48657339 -4.97636396  2.58771443  0.96116288]
 [-4.38669941 -2.4194446   1.10281286 -0.28512017 -0.13335322 -3.00956471]
 [-2.81167215  4.81878135 -3.79467216 -1.99172429 -2.52188634  4.31127318]
 [ 4.15169093  0.44810887 -0.15664504  0.77876721  3.18348579 -2.96364959]
 [ 1.59459374 -1.91761581 -2.05275352 -2.15716519  4.6539873   2.02465388]
 [-1.83535739  0.53899036  4.18866324 -4.65777513 -3.27460673 -3.92385237]]
