-95.269836 33.057320
-29.203829 27.174158
-90.472466 -30.887434
45.274189 -76.460976
23.911999 24.896349
87.872704 -99.821243
75.362579 -44.187763
-26.946695 38.032734
-61.047966 0.282374
9.640535 -52.042358
37.372032 97.610931
3.101983 -70.648781
83.632568 13.806064
-66.138741 -63.563320
70.721764 -79.569511
56.806141 27.401701
83.616013 87.088966
-82.896942 -3.218809
-97.331017 -31.030397
-42.240414 -22.864561
95.321411 3.154228
-88.375877 -82.927536
37.825809 -4.783525
-42.515911 -90.167747
68.101410 32.754662
-29.683298 67.809402
-88.368721 -0.642993
-64.545639 21.005100
-99.353081 -40.658291
-73.841904 -51.218231
81.370026 -56.506699
58.883160 -65.670837
-52.705307 40.432617
-45.362038 -77.505501
22.283588 -38.991108
55.769798 63.006187
58.100182 -23.232508
55.046547 -26.801943
-59.143032 -51.880402
-33.459442 49.252045
3.087297 95.168541
87.088989 -96.131004
49.391998 3.871687
89.977303 -13.232731
38.683960 46.112595
-59.997807 -61.627827
87.621574 43.698196
9.541075 14.672575
-67.874664 -18.159826
80.565369 -13.006612
85.129654 95.561974
-91.663788 77.626328
79.410286 99.955521
-55.430641 -94.815414
75.450432 29.592335
-30.245193 -74.128006
82.723282 63.674839
54.165371 64.436615
86.692955 -68.132416
87.434135 36.794689
43.466053 36.181519
21.047718 -70.912178
-7.966443 -72.587845
-77.517647 51.241776
-83.807770 57.938900
-58.817665 -14.852967
87.385368 8.796353
-68.447800 -42.030525
-19.612694 61.736141
65.986298 73.103767
36.059319 -83.550308
-11.673641 -20.461031
-8.258453 25.267311
23.974464 -18.472816
-77.963486 24.806664
-96.180702 27.790951
78.051559 37.340034
-3.898242 -46.599983
70.195114 -55.701149
-31.099009 21.901970
97.846992 16.113934
83.213531 29.636009
-46.415672 77.899376
71.122078 -94.186172
61.972736 -9.615119
-72.977852 -92.359695
1.881593 50.209660
-87.060722 -80.303917
43.698658 -94.916885
59.847492 -66.045746
54.690079 -56.660439
-51.747383 -12.357784
-82.147278 97.373550
-27.334276 46.355816
-68.584335 -68.181633
26.329489 80.762123
37.228031 96.862267
49.056408 13.904901
81.404388 94.294731
-82.565247 49.453041
75.034447 -63.456764
-53.303810 36.626991
-92.869957 57.298828
-0.407863 2.782973
86.024246 48.547741
-17.333895 -81.350922
-73.397751 70.573997
-7.500559 87.772186
-24.771727 -51.191628
-95.348099 53.711662
-29.027439 59.205692
-53.412827 74.374825
92.809624 -27.350153
-43.955544 -98.430260
-41.332325 58.125660
-84.789726 70.680496
-91.058685 -68.786667
-96.643257 -37.625465
46.263298 73.478470
-12.924283 -83.960876
-76.076103 75.046829
-58.747459 -34.903458
-20.640388 -14.600951
-84.533600 -45.617146
-38.957882 30.132784
-51.132248 51.357609
-14.432829 -56.746078
-20.397276 99.433716
-62.543446 -19.575975
-69.070953 96.758781
-35.592735 -72.445564
-19.422421 51.409779
-47.054474 5.019953
-59.403008 55.231483
49.290531 30.167429
-92.681953 5.677896
-28.650690 99.958344
18.024231 32.149994
-37.107658 70.459328
26.817358 31.903696
-22.858860 43.712013
-6.441721 -3.857698
96.945976 58.661106
-8.261296 17.708513
-12.238997 97.479912
-86.737961 -90.316422
-42.582886 -48.816822
35.364864 -76.366791
80.795654 39.812759
2.177349 -4.145182
-60.738068 -78.648674
6.562417 39.017963
-31.370874 3.916682
-93.878937 84.162735
-41.951736 -26.521616
62.219120 -0.056731
-82.176918 -90.080605
25.810328 65.413254
-14.332273 -34.036377
-92.778671 -79.020813
-84.365784 -32.085625
44.246445 -82.678154
-36.105774 26.586203
89.133453 -18.693823
-23.866486 96.595505
72.594864 66.700760
-40.099201 -87.857147
-44.592110 43.661987
77.235191 64.602531
-69.265182 27.727413
-10.197386 -97.678413
67.952995 -58.484787
-58.480900 -44.278881
32.607094 -55.209408
46.482014 -80.528564
15.610734 25.481911
-1.451905 -42.473476
-19.165421 7.703032
-66.806480 -80.159866
55.416847 -88.887230
82.145172 90.363609
74.732574 32.658443
86.976540 -55.169289
-47.609066 -80.403870
82.745468 67.279602
-78.327812 53.185577
59.192520 -73.414322
27.163757 -93.915573
80.275673 -23.530138
-33.027866 -54.007812
-12.956318 66.752472
-38.231590 63.785023
-85.993332 97.863388
9.315332 36.514706
39.459694 69.183449
-53.097164 87.381844
-29.035046 12.287602
-56.925797 16.915388
47.758656 87.995056
-51.046619 -54.132099
16.480907 92.894997
49.646358 12.273443
26.322388 2.540320
26.440720 96.079773
-17.243032 -44.138527
74.418953 -90.159065
96.605873 -75.904945
91.832436 -64.512543
43.397831 -13.274205
-59.660213 9.512081
-55.591072 -16.305456
71.643394 20.554893
24.983141 78.803703
65.723976 -27.157763
-61.659065 -69.112717
-35.040836 -84.658775
-51.080811 38.827709
-71.135696 -22.304464
-97.056564 -59.713779
63.473484 96.126717
-60.632236 -96.625984
41.673695 51.273167
20.411793 -30.119032
28.387442 -83.852470
22.275490 -0.468899
81.800117 42.036739
-94.931709 -43.986744
-0.628211 47.227894
11.328335 -66.820053
-34.911118 1.840807
79.813751 -49.703758
27.197855 13.000693
79.589622 -48.731823
-94.464935 -71.514999
51.520935 -55.002346
-7.859798 81.040588
-4.980643 40.101799
-72.770554 17.443266
-14.750467 91.201416
-25.503971 -18.052553
55.959034 -29.507318
90.690750 42.638073
-54.168953 4.806805
-45.156738 -80.989349
-57.866695 13.693769
93.619415 79.041389
10.875120 55.195770
-30.072069 -71.241562
-33.274136 -71.362740
-0.115837 57.112679
82.275444 44.341892
-61.751682 26.172421
29.886065 0.804909
-55.286114 4.711785
66.778908 42.235981
-50.056026 39.670937
42.853798 -19.094959
-80.749847 -90.791199
35.753403 -8.977418
31.751225 -9.940996
71.456528 -55.223057
-16.127914 43.281654
77.409546 -90.836136
4.029970 -63.367073
-59.661934 -46.296669
-24.254717 76.584511
-19.532822 31.105942
40.869450 42.035976
89.535149 38.642860
35.571686 -89.761215
48.375946 58.033020
2.960008 19.620747
6.053151 -14.918548
16.550587 48.272392
14.323138 28.933104
63.731216 99.703979
-93.896187 -70.615837
20.792896 -48.275616
64.912529 87.312737
50.627617 84.572510
95.227066 -44.436535
-63.044788 -88.283051
-55.784184 -47.377220
14.382547 47.111298
-90.641861 -79.844376
-51.937435 -11.673618
-3.366050 99.023506
-3.866351 -99.492432
63.373005 91.125511
26.961981 69.850159
11.060371 29.854019
-60.882000 -86.724190
56.775955 60.066570
-27.346920 50.346905
60.061333 -46.153751
-83.839050 -27.865166
-49.135506 -10.098330
47.638805 76.889374
-21.702774 28.387398
-24.105726 27.563957
-23.749622 60.101616
-98.385941 83.742302
-66.702812 57.023174
84.975037 35.551601
-82.451805 41.124092
20.516148 57.560577
90.754890 -69.863914
62.203724 59.584431
-54.912029 -22.196716
42.844643 69.879158
-98.044624 67.770088
29.148212 31.121748
63.429150 47.759716
20.803154 -71.601135
-21.054737 91.616234
70.209846 -41.778748
-68.186615 54.040657
18.800617 -73.619957
-60.701393 29.737219
-91.598991 -6.411469
-87.185326 -0.108023
55.220303 -33.207767
31.607595 -13.000420
-54.133827 -46.419521
47.754120 -19.961460
40.474854 -57.111172
-13.472847 -2.541742
95.335175 43.673450
31.578236 17.716093
-91.658714 16.746033
-93.754517 66.878845
56.700188 62.243103
-17.060007 -6.034418
-90.578514 60.496674
-51.204826 -94.563232
0.686135 -7.326570
-10.948006 29.678970
-98.119186 89.896919
50.141075 3.177337
27.172600 91.360046
17.363005 4.248901
78.383995 -97.644333
-56.760094 22.488674
72.259674 -44.256584
-92.182220 -26.923485
-24.385769 -74.539566
-48.962193 -58.349560
58.817963 -58.830231
73.270798 91.278191
-52.426937 45.749092
88.682251 61.231117
94.795204 -49.503548
-94.430717 -58.537800
-22.373550 -90.601562
67.877548 4.803432
99.479263 16.715931
59.604870 -54.010376
-14.217150 59.292477
55.846092 -10.788363
-35.913559 -62.838394
41.100479 51.492802
80.938873 37.033264
-30.651138 67.805580
-83.438148 -34.714588
-90.159409 -64.202484
-77.553139 84.027824
-80.856018 17.800095
-19.569525 49.793926
91.342400 90.318192
80.699783 46.360428
-72.462753 91.629044
37.518639 41.220448
19.938753 -74.253227
31.108652 74.630058
-96.304008 -21.636408
-71.952652 -30.556219
-71.553612 90.324860
-4.916843 -39.147209
99.063087 -19.819098
-4.711149 -22.126272
-7.855158 47.788242
-66.647820 -19.214720
70.545158 50.819569
77.322273 74.774681
-99.004776 20.369820
-50.560699 -87.144699
-94.442657 13.119344
-45.295128 -14.377947
86.645226 61.591492
-62.638947 -60.569366
0.896049 91.122421
-21.206699 -21.931343
-94.275299 64.434723
-23.629738 66.461868
-11.031829 -37.349026
-96.755356 55.710724
40.935558 -61.338711
-31.107628 -66.321243
71.495117 9.488562
-25.786352 -30.733885
66.068756 29.961449
69.837074 89.429367
1.641051 -64.312408
-18.652525 32.726158
-43.686958 -19.841974
-61.684887 -58.168152
59.246918 -38.963211
90.928322 -19.788656
3.478294 6.591207
-27.181623 -75.512146
-13.089130 -24.882698
40.791134 -28.757732
4.814007 -79.676575
-34.084366 28.470707
-1.060115 90.444290
13.020597 -4.777445
23.259918 -84.069077
-80.851471 64.777695
-15.730145 41.158939
57.008358 69.352448
99.376419 23.100100
68.790871 -76.367508
-4.278843 -24.899187
70.271378 -53.400967
-40.484016 31.347412
85.576447 -19.641781
72.686790 -0.672253
23.345875 61.003368
-59.285557 -35.518547
-78.587044 61.143036
-5.020944 -92.955559
44.406563 -22.620165
-28.637812 -18.808006
89.570824 -32.326675
-52.123390 13.691872
19.339121 5.571471
-39.123074 32.147858
40.331615 0.337669
-28.945625 83.723549
96.917496 -33.869102
-77.398376 74.661308
47.854050 -30.051342
47.581985 -91.604767
21.854223 -11.353243
-38.155834 -88.253479
-8.604794 -53.728855
-34.041649 -90.811798
64.131020 -22.530205
16.810387 51.276531
96.540062 27.716181
33.698772 68.018684
45.295479 -90.705254
36.612019 86.083771
51.369427 -54.046097
26.637375 -91.235222
-73.122292 30.900818
53.740849 74.075989
-64.743431 -71.617157
-32.731499 -37.853020
-5.130167 -48.914307
-76.274292 61.041023
85.815483 -15.080215
-75.072517 2.321109
-66.631538 27.453484
16.394768 11.411400
-97.892067 -73.888611
77.528374 -42.478619
-23.120295 94.013565
-89.564278 18.140289
-35.042915 96.080460
46.441288 54.781788
19.963667 44.142712
88.340721 63.929020
88.483383 42.653481
16.884689 -67.307297
99.975670 -13.204304
-9.581062 71.036949
-21.680195 -12.634188
-18.078283 99.987900
62.467094 55.499947
51.693211 96.660126
71.700493 -3.304919
70.244064 -35.141869
60.582050 37.188652
19.389338 89.906250
33.418022 10.057884
65.414566 -49.835861
81.531166 6.494880
96.972122 -30.066015
82.946579 52.980965
67.732773 -68.996689
27.100513 29.335505
12.784163 82.864853
85.481651 -59.666206
35.536526 39.975594
88.705750 -7.676418
-43.372650 -27.595716
41.153950 -88.779381
63.957802 -90.535591
-31.743526 17.605909
-56.550945 32.677719
51.435043 13.517649
-37.355118 99.077904
76.823006 -14.185884
-52.818527 21.516565
74.247734 -4.234780
2.120006 -85.975464
51.077690 47.808201
17.154224 98.769051
61.393513 -42.922665
-5.088772 12.457514
-23.079895 -49.416454
9.559138 53.003544
-65.814323 -89.558220
-89.445648 88.882896
33.866013 14.380943
-21.629337 -46.827602
-67.934441 73.939316
-20.633230 84.306717
-16.470041 -78.687706
-53.554371 -89.023804
-61.291969 -34.844604
66.913704 -3.425796
60.125969 -60.543194
-90.131622 13.850296
-17.611576 92.053360
59.859154 48.940971
-23.541323 -50.607380
57.548729 -77.127228
21.365938 93.337158
98.286324 -1.840470
-78.600739 17.640453
-18.676256 22.189693
63.865479 41.333874
-33.000546 -87.838020
-65.151382 -9.506301
7.372932 -23.661922
-4.235276 30.345867
-78.423019 86.994659
-13.592093 87.016327
-33.658108 24.158312
59.917656 -2.947639
80.310013 -13.775475
65.975571 4.976552
99.936874 -70.960609
-64.250977 3.246478
77.529732 -90.780571
-80.199532 67.040779
-27.908314 -88.202499
33.546696 71.378891
17.993343 -49.318604
34.779739 -39.943058
0.836951 -39.393978
-16.397379 43.656265
-23.304789 90.483185
-69.066437 -21.651993
14.963008 -30.059511
26.605894 -53.862366
-63.059261 -77.129936
34.024448 -72.932121
33.101177 79.996948
-8.065096 -39.211788
24.816654 -73.091698
54.700596 76.275291
83.897163 -89.833954
60.746387 15.442065
5.568012 45.532490
-67.252686 -98.030266
-3.120799 -95.283730
-23.917793 76.155670
-29.094448 91.613411
-49.402599 31.294508
50.209106 96.462509
-68.119987 0.970842
-26.649620 32.284233
0.268033 23.899788
76.754761 -21.484594
68.437714 61.597252
-42.441536 88.479736
37.045631 4.987713
68.597137 -2.413380
22.437353 43.419186
95.518448 6.097863
13.967764 0.530159
-35.812107 15.814692
84.462357 83.443176
16.722603 41.724113
52.639435 -69.140831
-43.140148 12.455091
-64.499756 -43.517757
3.537199 77.720703
5.551383 23.581522
-29.320021 -92.673470
10.702499 -81.873215
-76.105034 -15.201419
10.314898 93.988403
-86.478897 1.772394
-79.461754 -39.997604
-91.130768 87.497513
-78.347847 57.260471
1.121310 -25.755486
-58.472187 93.194687
59.531887 61.699341
-7.342595 16.570238
23.033783 42.076061
9.365893 -55.237400
-20.461271 -54.963947
0.806393 17.607924
19.848656 21.905828
-89.015182 -89.328011
-52.095520 18.877768
-48.267960 45.762924
-2.186410 -0.734309
-30.152575 -49.952618
-42.310432 -91.026344
-97.684540 -0.495439
61.166092 -70.542046
24.994625 19.595156
81.712868 48.567314
-95.674202 -8.361761
-27.666752 -95.349571
-92.909386 17.249973
69.734970 60.980011
72.848587 -76.581215
33.614346 46.204933
-64.973938 72.304413
50.111710 -62.425560
-29.603935 -46.546082
-19.116961 -95.659950
52.392593 56.500542
-53.970306 7.130959
82.021996 -70.923042
-77.866188 92.168472
-33.539391 86.643913
-95.796494 27.927210
51.084015 -17.930910
23.931181 10.375139
-65.525673 -87.508759
-22.150827 -73.962845
49.703972 45.621685
-11.359859 -43.954041
-37.841377 -33.524311
-51.164227 -87.905479
-68.981216 -9.720674
-45.677864 -77.529655
54.159817 -10.458611
-50.170727 17.566816
58.804688 -8.990158
28.904165 -63.488876
1.298716 -30.839987
14.705882 46.005146
-1.111938 -37.302742
-6.430051 93.787033
37.151180 74.518295
-47.666084 64.399994
67.799225 -63.301212
-84.723007 98.722343
-84.856438 -6.031202
-60.654736 50.545540
39.254406 -30.837877
-85.627411 -32.134815
54.254772 66.357193
32.010334 55.429153
75.400085 55.403122
32.981705 13.606090
39.187271 85.569122
58.975616 21.252628
65.078026 21.566273
-37.700436 95.593246
76.903862 22.417200
-78.353477 -62.257729
-48.389488 42.021858
53.502628 -33.853771
-82.567497 -1.292730
97.652733 -29.924467
69.369667 27.514971
-82.302696 -62.597828
-33.827194 50.862583
-4.765065 -72.900864
2.696584 90.303261
15.457166 5.403882
42.086040 -81.096100
35.857738 77.616585
-45.176682 -79.066833
10.089206 92.556953
13.931893 -94.995300
-85.287819 30.685871
52.145813 38.592571
-20.419640 42.207291
3.631373 65.181999
96.955063 10.108145
77.395782 47.350105
58.231716 -39.657516
-21.296392 61.119774
-97.787247 57.951290
73.279045 47.378540
53.146660 24.618521
-48.137436 -13.869205
-23.174429 21.339878
51.867943 -53.792046
-10.545971 36.639835
-7.388977 96.913292
47.016544 -46.218704
64.198479 -62.933098
24.267550 23.804686
3.679561 -92.049721
-10.066933 86.902573
-59.503876 63.749355
73.522949 -53.642303
-74.769539 -74.111397
-16.647448 -58.715179
-23.181566 57.771210
-49.724876 -89.080811
-94.912827 87.994423
33.848949 -41.851810
-78.404221 64.971443
86.083031 40.275074
48.706497 4.209135
-1.165979 63.530094
-89.483742 41.603401
-81.029343 -96.360664
69.037888 -89.773224
24.863714 90.672913
-32.328697 49.471909
33.790478 -82.643806
-39.125393 38.929890
-85.235260 -86.919418
-21.593044 3.049909
-55.573418 33.605122
-57.402924 -66.348640
95.678009 84.372559
-53.050972 28.003872
42.352364 -18.096230
81.337784 -26.908085
37.913334 -11.203754
-88.887154 -93.422203
-87.519974 50.965645
90.791412 87.962029
-19.690992 -62.088943
8.013229 12.026982
30.931864 -74.666595
50.986973 -56.472046
-19.873297 -34.922318
-51.463284 78.709427
24.869917 -90.390060
-51.053154 74.024818
48.732521 77.341316
12.340080 -39.258766
-63.601650 -14.626410
-9.684593 9.700294
-88.320374 -99.086288
56.726566 63.871632
44.539387 -41.948875
-4.190529 -72.440552
25.767340 58.494152
48.683430 -56.130672
-17.818018 -15.247550
-21.815077 -26.897985
-46.095604 -46.724983
-92.395294 83.923080
77.611771 -48.628517
21.929142 -96.347359
-82.106232 -63.744663
-48.371391 -93.201729
35.311981 70.506104
76.430847 40.424606
-19.857550 25.215807
-11.683033 0.773230
8.169100 29.647099
51.265842 48.893627
-32.807213 61.842800
-5.033540 -87.874832
21.808281 -87.464012
-57.394485 22.910858
72.399506 98.518341
-16.098375 13.282415
14.119945 40.918617
-46.224174 68.739906
-56.793549 11.434459
74.394363 -21.535074
-73.311798 23.616034
85.381706 40.874680
20.099010 -56.180466
-55.031807 -43.529816
-60.414898 -6.266259
6.955769 10.851314
47.572388 30.997320
-89.798271 -0.764057
-38.204849 -42.587856
55.273491 16.201710
75.552406 -94.868156
44.956120 -44.285793
-26.656683 99.714462
15.527665 83.585747
65.941879 51.036835
14.336963 -99.363304
70.585510 -63.083309
30.463289 -81.578278
98.249725 5.088037
83.181145 54.209053
18.108431 2.585714
20.989012 -2.714334
-82.762070 -12.250448
22.000711 94.522850
-92.533104 77.645828
-74.643806 68.283630
42.071991 90.846886
66.381172 54.860859
-17.564913 39.372578
-0.555573 -62.600403
62.939968 -45.188694
-88.284744 -82.413513
5.928117 -82.318344
-73.756653 -24.878399
-88.018158 48.859024
53.741119 -97.025017
-63.372814 39.780567
-47.599426 53.879780
-82.515373 -56.774693
-83.086220 32.950321
9.314113 -30.833372
-79.151817 93.444618
80.010315 -79.259888
-82.005577 89.651672
-38.041187 -99.170761
-26.960318 -35.199768
-16.479685 99.241035
5.885498 -57.840786
-55.448692 -92.407127
-62.900730 63.216717
-9.321324 -47.296665
-42.196178 -12.282066
-50.762936 -57.916103
92.312706 32.050312
-33.800201 4.831270
88.461945 -38.291878
42.898365 0.311918
-94.060974 15.589500
0.039830 85.532784
51.413456 -62.735886
90.023468 57.544811
-5.058383 -48.276833
-99.765999 -34.755264
-32.484032 22.691719
41.354881 -31.316936
-42.016731 21.132132
-65.369423 94.342926
54.104725 92.128029
-99.260612 -75.636314
-90.739960 -93.689865
-71.657555 -6.439531
52.358334 74.873917
-10.427870 0.182199
-45.112774 -32.883137
-98.169662 80.574821
54.256901 -61.738129
46.227791 50.019676
95.834869 7.335379
-4.934042 -33.011631
40.480892 1.944553
17.740723 -13.687741
89.280243 80.864655
-79.449028 -33.451332
35.178753 -70.477592
60.726299 -63.641582
-34.611465 29.439409
93.208290 -18.399548
9.392676 92.244682
-44.018723 -53.869053
13.516224 48.457775
63.782013 -86.516716
94.834961 -26.479794
74.773560 56.103577
-2.831750 -17.628950
-92.056480 -13.915909
-17.649624 -40.891342
71.308151 -30.249374
56.153481 -84.946938
38.943481 -50.014973
96.601143 -10.726566
53.126331 33.235790
84.347221 25.033600
64.685013 -50.752865
19.549683 91.701225
51.195660 -56.419930
-89.904121 19.929138
69.574936 90.047401
-56.914936 54.799465
57.945583 -54.938274
78.657219 -47.215210
50.473499 64.207275
-78.786110 23.682098
-86.803726 -56.179066
-4.750475 -94.751305
19.322390 -65.497131
-27.309240 64.083275
-91.057495 -5.791989
-28.630484 -30.991150
22.315264 66.458580
12.900353 -30.168602
