[[ 3.07930864e+00  4.88754203e+00 -4.91893147e+00 -1.85391436e+00
   4.01947889e+00  1.73454225e+00]
 [ 2.22006434e+00 -2.68751070e+00  4.68295820e+00 -2.88975920e+00
  -4.27278625e+00  2.86596879e+00]
 [ 3.32316400e+00  3.76583263e-01  2.65021246e+00  2.73851766e-01
   1.91680039e+00  2.10730460e+00]
 [-2.68075355e+00 -3.15815841e+00  1.96507476e+00 -2.56616848e-01
  -2.46146548e+00 -2.37651968e+00]
 [-1.88732793e+00  2.00735353e+00 -8.48613363e-02 -2.79852912e+00
   3.43182744e+00  1.61283105e+00]
 [-2.12482282e-02 -3.94991693e+00 -2.56367216e+00 -4.05763873e+00
  -2.55724226e+00 -6.97939038e-01]
 [ 2.99402735e+00  3.73420960e+00  4.58143183e+00  1.31043611e+00
  -5.96012545e-01 -4.99633613e+00]
 [ 2.76874251e+00  3.60906045e+00 -1.35463560e+00  4.45205313e+00
  -1.04083813e+00 -9.82474576e-01]
 [-1.52881971e+00  1.57531294e+00 -3.39523020e+00  2.46972845e+00
  -9.58968658e-01  1.10459241e+00]
 [-1.78158355e+00  4.63153636e+00 -2.25868886e+00  3.89066807e+00
   2.08137772e+00  3.25562862e+00]
 [-4.11361872e+00  1.02575431e+00  2.43544376e+00 -1.06878836e+00
  -3.61769857e-01 -4.02237910e+00]
 [-3.72206320e+00 -2.52727734e+00 -1.47970987e-01 -2.04708161e+00
  -4.13150710e+00  7.25807467e-01]
 [ 3.25285346e+00 -4.30505556e+00 -2.53219822e+00  8.92189533e-01
   1.80044852e+00  3.64541348e+00]
 [ 7.68873851e-01  3.44239696e+00  2.04450166e+00 -4.98105533e+00
  -4.32426944e+00 -9.95925902e-01]
 [ 4.09697758e+00  4.06163989e+00 -4.65360688e+00  2.72496604e+00
   6.55858088e-01 -3.00574885e+00]
 [-4.92769286e+00  4.87253132e+00 -2.20752469e+00  7.62259683e-01
   4.53508272e+00 -3.81270117e-01]
 [ 1.48359677e+00 -7.41107177e-01 -7.86729124e-03  1.75912665e+00
  -4.36475690e+00  9.42450279e-02]
 [ 1.40570611e+00  7.84295147e-01 -2.86593000e+00  3.05478178e+00
   2.54805916e+00  2.15191967e+00]
 [-1.08069829e+00 -2.27915846e+00 -2.46211656e+00  2.22435902e+00
   1.20155213e-01 -1.49318970e+00]
 [ 3.91313543e+00 -2.01827886e+00  3.78751773e+00 -3.24730278e+00
  -6.00914587e-01  3.72771961e+00]
 [ 1.07981160e+00  1.73963588e+00  3.91589961e+00 -4.95739090e+00
  -1.52193986e+00 -3.93587310e-03]
 [ 4.34914580e+00 -4.89685299e+00 -3.04532730e+00  4.67423801e+00
  -6.71764304e-01 -4.26278208e+00]
 [-3.67367703e+00 -3.10964822e+00  4.48117965e+00  4.17689063e+00
   2.82574244e+00  1.83191333e+00]
 [-2.84335208e+00  2.45020241e+00 -1.45167454e+00 -3.63294752e-01
  -4.46396057e+00 -3.89939918e+00]
 [ 2.37917939e-01  4.61055247e-01 -1.79330975e+00 -1.90162633e+00
   3.73905494e+00 -1.52754099e+00]
 [-3.06577174e+00  4.77369923e+00  4.60824720e+00 -2.09508151e-01
  -1.94309049e+00  3.06941176e+00]
 [-2.09314355e-01 -4.07290573e+00 -4.59324053e-01 -4.40983118e+00
  -2.09952758e+00 -3.31697908e+00]
 [ 2.23739557e+00 -3.89766269e+00  1.73456886e+00 -4.77677849e-01
  -3.61657049e+00 -4.80657278e+00]
 [ 1.79100633e+00  2.35036165e+00  8.75449146e-01 -1.21337041e-01
  -1.25175281e+00  3.89584485e+00]
 [-2.51804988e+00  1.10112573e+00 -3.54386039e+00  4.27106420e-01
   2.13567004e+00 -1.85797599e+00]
 [-4.73952916e+00 -5.34478727e-01  1.32074347e+00 -2.92614831e+00
  -4.62544592e+00  4.40801136e+00]
 [-4.83736385e+00 -8.48288611e-01 -3.91791717e+00  4.35624775e-01
  -4.17074992e+00  2.18546470e+00]
 [-9.00163673e-01 -4.42310356e-01  1.03739841e+00 -3.10905776e+00
   6.82983913e-01 -3.73065358e+00]
 [ 4.15659088e+00  7.01967805e-02  3.71552124e+00 -1.24913899e+00
  -3.37828178e+00 -6.31667987e-01]
 [ 6.27091707e-01  3.64702023e+00 -3.09000796e+00 -3.72321698e+00
   6.07812041e-01  4.37940853e+00]
 [ 4.38943168e+00 -3.50772549e+00  4.87248706e+00  2.06497197e+00
  -1.05969609e+00 -3.72065140e+00]]
