[[-3.08671012  0.43830622  4.71253865  2.87679982  3.96140229  0.92675906]
 [ 3.67946248 -3.07381319  2.12579763  2.77488974  0.48042487  3.59790058]
 [ 4.66171236 -4.21376165  3.52901     3.62604703  0.96660831  1.25220495]
 [-0.45028895  1.26436358 -3.24954755  0.64807124 -2.83095948  0.16622889]
 [ 1.49752808  3.58593949  1.32654634  4.43281221 -0.03305756  0.76791174]
 [ 3.94016885 -2.31890884  3.52884323  2.73102394 -2.16200245 -0.25027048]
 [-0.15242591  2.94148714 -0.89493355  0.11130516 -4.40623363  2.91774913]
 [-4.01276402  3.51982782 -0.728013    4.79581975  4.13961828  1.43209215]
 [ 0.78856675 -2.64046911  4.74439348 -0.67073239  0.14210993 -1.9461133 ]
 [-0.79237796 -2.35932668 -2.75531195 -2.96978289  3.27622441  2.00345893]
 [ 4.5175759   3.9997402   0.82648739 -0.09734602  4.78507305  2.68053217]
 [ 2.47205051  2.57678286  2.92893779  3.62127143  0.67377131  3.04070118]
 [-0.65616739  0.79274945 -2.14943252 -3.7202926   2.46321391 -1.56630036]
 [ 4.38791274  2.95954789 -0.07258648  0.69059943 -3.09757666 -2.30517818]
 [ 1.66282883 -4.43734436  4.33545001 -0.93301478 -3.61426623  4.16336144]
 [-1.85162107 -3.76578989 -4.65730465 -3.45861174  2.64833158  2.52454046]
 [-4.53078285 -3.44588204 -0.0072508  -4.39947513 -3.61891354  3.7136343 ]
 [-1.5552911  -1.42961892 -0.07047036 -4.85656243 -0.19952406 -0.32730674]
 [ 1.53607758  0.31967551 -3.65420628 -3.03888881  3.53015805  3.05610289]
 [-2.12435822 -1.05493569  0.28187712 -0.54027447  3.79213789  1.36574846]]
