[[ 0.00511772 -1.73318352  0.09154235 -4.46256449 -4.75868333  4.70822495]
 [ 4.00277151  4.26083706 -0.66307257 -0.25604256 -2.24025604 -1.45067998]
 [ 1.28498971  1.32699066  4.77631261 -1.16210287 -4.61580563  4.77774198]
 [ 0.81466325 -4.27997589 -3.7987392   3.276526   -3.21356407  4.49835512]
 [-1.98536329 -0.06026632 -4.68569131  4.51003881 -1.88833686  3.83953919]
 [ 3.15032209 -0.78897447 -0.8296082  -4.30662191 -3.49475967 -1.61176174]
 [-3.32467257  1.14594141  2.56694336  1.20173903  4.91054084  3.48804591]
 [ 0.82448078  3.68227652  0.92259281  2.84246264 -2.25272878  4.05062503]
 [-3.10401269  4.67666491 -2.78471098  2.72249713  2.65254898  2.25446647]
 [-2.79592389  3.56572567 -2.26083495  3.77489056 -4.52312469  2.91920901]
 [-4.68692058  3.00428039 -0.43002683 -2.16341408 -4.6257193  -1.23301035]
 [-4.65863135  1.05434035  2.13436075 -3.27060809  2.8703799  -2.98910717]
 [-2.38609563  3.55549939  4.92896676 -1.03250453  4.02554641 -1.6467279 ]
 [-1.27310988 -1.51593241 -1.97707609  3.41042706  0.34244906  4.87801657]
 [ 2.51864601 -0.85673578  0.5104265   2.24807144  2.09328084 -3.76884953]
 [ 2.81575214  4.42136886 -0.3529489  -3.447519    3.85703443 -1.5039284 ]
 [ 0.61919926  2.89653173 -4.5012961  -2.71054085  1.49864547 -4.71072872]
 [ 4.39898097  4.37423034  3.95608446 -2.41686175 -4.28130869 -2.80326393]
 [ 2.90117501  0.365978   -2.63797485 -1.99016908 -1.47380977 -4.31807197]
 [ 1.9415024   3.25415231 -3.49915064 -3.31750194  3.4770641   3.96624666]
 [ 2.84063574  0.76609964  1.17195165 -2.11414364  0.30486119  1.93742439]
 [-4.34811586  4.9879264  -2.21966943  2.625184   -1.48258989  2.2562656 ]
 [-2.32603177  1.9279013  -1.84981646 -3.88140231 -4.17595469  1.99461237]
 [-4.37532023  1.89513012  3.48764568 -1.00876626  1.29246741 -3.79595102]
 [ 3.66271402 -1.46767818 -3.73199187 -4.21245605  3.50619986  3.76451245]
 [-4.19613979 -4.82555583 -3.6377665  -4.41125871  4.45064417 -2.91384062]
 [-1.91112091  4.23920124  0.05933847  3.13225017 -3.60378208  1.60280513]
 [ 3.02838133  2.57414712  3.41086634 -3.72475952  1.91267534 -0.4091738 ]
 [ 4.79971462 -3.06020897 -2.82453624  0.46777124 -2.20231779  4.30020202]
 [ 4.39200282  0.73583649  4.26272168 -0.87870619  2.81783385  4.91020315]
 [ 1.39397498  2.33943225  4.81420544 -1.47148852 -3.58111989 -0.50886447]
 [-2.05226835 -3.45676215  2.34423217  3.42262613 -0.01615378 -1.26100408]
 [-0.40176765  4.57394554  4.90084368  4.55745232  1.92802489  2.98525763]
 [ 0.32799416 -0.38763067  2.63501959 -2.27770954  3.8768939   4.80970538]
 [-3.44216754  2.1620127  -3.36703799 -4.25727384 -0.49430683 -3.36520307]
 [ 2.65463968 -3.47152325  1.10810713 -4.14084465 -0.61899847  4.51359767]
 [-3.83649101 -4.4589693  -0.4994385  -4.24276418 -4.27864345 -4.08237319]
 [ 0.55171226 -4.99910506 -1.84030087  4.71800888  3.02188854 -0.61090859]
 [ 3.96240179  3.48897851  2.56873247 -2.61723699 -0.54134381  0.85842161]
 [ 4.87220043 -1.55096325  4.84585985  3.6499482  -0.00734794  2.48101978]
 [ 1.52419053  0.69998382  0.2930974  -1.50047893  2.5451689   0.0683869 ]
 [-1.85396572  2.36305393  0.27848042 -0.41257568  2.32985813  2.18331295]
 [ 1.40095427 -3.11914693 -4.16705735 -2.86922302  4.63264194 -3.42310402]]
