[[ 4.31112616e+00 -3.72475879e-01  8.51059337e-01  3.49528768e+00
  -2.35826472e+00 -4.11562514e-01]
 [ 1.89911867e+00  4.89620953e+00  2.96581266e+00  3.05504971e+00
  -3.02707912e+00  6.94120332e-01]
 [-5.78976296e-01  1.18401474e+00 -3.79677667e+00 -4.58397253e+00
   2.28239311e+00  3.95728128e+00]
 [ 3.89817284e+00 -1.92534671e+00 -1.94903329e+00  1.00684353e+00
  -4.75087036e+00  3.03794218e+00]
 [-2.47242268e+00 -2.72855835e+00 -4.84756484e+00 -1.19778237e+00
   2.49925554e-01  9.03179902e-01]
 [-5.16368172e-01 -3.04757321e+00  4.00635018e+00  4.90923727e+00
   2.62671473e+00  1.71827113e+00]
 [-3.20574873e+00 -4.48611837e+00  3.83138046e+00 -3.10501555e+00
   1.36856215e+00 -2.68385304e+00]
 [ 2.56951609e+00 -4.31929605e+00 -2.39817214e+00  4.21355345e+00
   3.54939521e+00  4.88948719e-01]
 [ 1.43415181e+00 -2.85196606e+00  4.06808113e+00 -2.29210384e+00
  -1.91726301e+00 -3.34815070e+00]
 [ 1.97405199e+00 -1.14849324e+00  2.35141348e+00  7.13530465e-01
   8.63339658e-01  7.75384255e-01]
 [-4.66146741e-01 -2.15718115e+00  4.79852025e+00  1.62917168e+00
   2.75855226e+00 -3.06437400e+00]
 [-1.58635492e+00  4.55665109e+00 -2.97217895e+00 -4.69631167e+00
  -3.86789085e-01  1.22889699e+00]
 [-8.94615609e-03 -2.22195713e+00 -7.06861398e-01  3.74336178e+00
   3.89584704e+00  4.06000418e+00]
 [-3.92707309e+00  2.77475202e+00 -4.10191017e+00 -1.77978603e+00
   1.26423884e+00  2.89895797e+00]
 [ 1.36143565e+00 -9.51002115e-01  4.46825932e+00 -3.50202823e+00
   3.44196128e+00  1.67424623e+00]
 [ 4.43442571e+00 -2.40706837e+00  1.24717911e+00  8.12826109e-01
   3.65569678e+00  4.59131566e+00]
 [-4.91080750e+00 -1.76888846e+00 -1.64129408e+00 -3.47772849e+00
  -1.71014420e+00 -2.12137452e+00]
 [ 1.03954811e+00  1.95216976e+00  3.41067418e+00  4.35637826e+00
   1.73155131e-01 -1.09701989e+00]
 [-1.69343391e-01 -4.77969487e-01 -3.65349360e+00  1.60435095e-01
   4.43545452e+00 -4.63322237e+00]
 [ 4.68380288e+00  4.10284263e+00 -2.35534168e+00 -2.47694337e+00
  -3.89748560e+00 -8.90666365e-01]
 [ 2.45970768e+00  4.38516767e+00  2.45432469e+00 -4.44000801e+00
   7.23267447e-01  5.76745879e-02]
 [ 2.11823082e+00  3.98102925e+00  1.80215251e+00 -2.35892259e+00
  -2.96465999e+00 -4.80761731e+00]
 [-1.91323990e+00 -2.76350869e+00 -5.81185058e-01  1.32970905e+00
  -1.66299979e+00  4.96572341e+00]
 [ 2.38448821e+00 -4.63198446e+00  4.73922056e-01  3.98172674e+00
  -3.77243271e+00 -3.56208489e+00]
 [ 1.50518917e+00 -4.89883002e+00 -1.71052468e+00 -8.93097276e-01
   2.97594764e+00  1.33386133e+00]
 [-4.12302296e+00  2.11930889e+00  3.14714749e+00 -3.10786233e-01
  -4.89329365e+00 -6.19769226e-01]
 [-4.76388068e+00  4.52507255e+00 -9.28370553e-01  8.92222304e-01
   3.25467040e+00  2.68440617e+00]
 [ 6.35428104e-01  3.95102367e-01 -2.23104395e+00 -4.31227605e+00
  -1.03544469e+00 -4.49261912e+00]
 [ 3.07294392e+00  2.57893057e+00 -2.95813599e+00 -1.70238242e+00
  -4.02800687e+00  4.38366087e+00]
 [-2.53871684e+00  3.47810127e+00  1.58613593e+00 -3.75059061e+00
   4.27234056e+00 -4.40856812e-01]
 [ 4.32398038e+00 -1.88569972e+00 -4.19590976e+00  3.90731172e+00
  -1.22849839e+00  5.75769178e-01]
 [-1.96877859e+00  4.09092571e+00 -4.46592286e+00  2.42355226e+00
   1.04908673e+00  2.71679844e-01]
 [-1.41633686e+00  3.92293020e+00 -9.04262119e-02  4.54993175e+00
   1.69271702e+00  3.12831458e+00]
 [-1.29002339e+00  3.32632162e+00  1.74200998e+00 -4.08531171e+00
  -2.81456129e+00 -1.49735621e-01]
 [-2.69701372e+00  4.19185257e+00  2.64536289e-01  2.65675594e+00
  -3.15340474e+00 -3.59422420e+00]
 [ 3.45136996e+00  2.94974485e+00 -3.51474615e+00  1.40818148e+00
   3.85925830e+00 -1.35596166e+00]
 [-1.34793319e+00 -5.37947559e-01  9.93750275e-01  4.51170993e+00
  -3.57649658e+00 -1.79488149e+00]
 [ 4.50515624e+00  2.26019022e+00 -2.87087501e+00 -2.10177843e+00
   3.72361265e-01 -3.19454466e+00]
 [-3.03041884e+00 -3.75385869e+00  2.39162721e+00 -5.30364945e-01
   3.73220712e+00  9.79101598e-01]
 [ 1.11203736e+00  3.62934756e+00  4.38806103e+00 -1.10706315e-01
  -1.83689516e-01  4.11236585e+00]
 [ 4.80503173e+00  3.82136380e+00  1.19333036e+00  7.27325577e-01
   1.68968328e+00 -3.31670221e+00]
 [-4.83425171e+00 -1.31066095e+00  2.51567781e-01 -2.79963011e+00
   4.81555350e-01  2.18635335e+00]
 [ 3.64685059e+00  4.49173228e-01  3.28194974e+00  2.19166573e+00
   4.34253723e+00 -1.20549774e+00]
 [ 2.72225953e+00 -3.49426985e+00  2.20529320e+00  4.16862877e+00
  -3.37701058e+00  3.91931245e+00]
 [-2.33873116e+00 -1.44584900e+00  2.75539485e+00 -2.19430270e-01
  -1.34820617e+00 -1.30213437e+00]
 [-3.11488915e+00 -2.48974677e-01  3.68033871e-01 -3.26041690e+00
   4.88217583e+00 -3.85435887e+00]
 [-3.65519232e+00  2.00228089e+00  1.05703132e+00  4.98558481e+00
   8.97262581e-01 -1.40585255e+00]
 [ 3.40434838e-01 -4.94584026e+00 -7.25961684e-01  2.79919691e+00
  -2.37397132e+00  2.35074899e-01]
 [ 4.01333537e+00 -9.03974362e-01 -8.47966230e-01  4.43788911e-01
  -3.28518006e+00 -4.45160796e+00]
 [ 1.30978996e+00  2.70511514e+00  7.07203722e-01 -1.58419193e+00
   4.24427341e+00 -4.72238176e+00]
 [ 3.40021919e+00  4.71276649e+00 -2.19212506e+00  2.87585928e+00
  -6.81629737e-02  1.06227888e+00]
 [ 6.53205389e-01  1.73929442e+00  3.62786649e+00  1.23547828e+00
  -4.27899958e+00 -2.33040134e+00]
 [ 2.87626361e+00 -2.07478253e+00 -3.41171629e+00  3.94506654e-01
   5.74854002e-01  3.55492703e+00]
 [-3.96610435e+00  1.41721711e+00  4.94501129e+00 -1.53610878e-01
  -1.47518810e+00  2.31981465e+00]
 [ 3.26960217e+00 -3.69494212e+00 -2.76923061e+00  2.24454358e+00
   3.45439339e-02 -4.60033717e+00]
 [ 1.61473602e+00  3.20880911e+00  4.86857392e+00 -4.48003054e-01
   9.41901295e-01 -1.71443179e+00]
 [-1.52642332e+00  6.31985115e-01  2.86473340e+00 -4.21697900e+00
  -4.24436440e+00 -3.90062438e+00]
 [-4.24042598e+00  2.42611162e+00 -3.91518111e+00  2.68174812e-01
  -2.27998524e+00 -4.07159655e+00]
 [ 3.84314820e+00 -3.80079028e+00 -2.68776274e+00 -2.59963850e+00
  -4.15433055e-01 -1.66084125e+00]
 [-9.96388454e-01  1.60914004e+00  7.25565024e-02 -7.48989429e-01
   2.97637881e-01  4.80263842e+00]
 [-2.07934327e+00  3.70487945e+00 -1.07571709e+00  2.03150995e+00
   3.28696370e+00 -2.66421345e+00]
 [-1.74544539e+00 -4.03703825e+00 -4.39704008e+00  1.54379145e+00
  -1.42648762e+00 -3.65192201e+00]
 [-2.77812419e+00 -4.59239792e+00  2.99963134e+00  2.99248730e+00
  -2.44995441e+00 -3.26155312e+00]
 [-1.81379095e+00 -1.68257663e-01  3.08226438e+00 -4.70163447e+00
  -1.79889387e+00  3.05084126e+00]
 [ 3.56645884e+00  3.13996613e+00  1.39526048e+00  4.08020862e+00
  -2.64937618e+00 -3.75736405e+00]
 [-3.59466940e+00  1.82181137e+00  3.23852670e+00 -2.40228963e+00
   3.41054414e+00  3.82904873e+00]
 [ 1.75370209e+00 -4.13421886e+00 -1.31565984e-01 -4.34745597e+00
  -8.05616840e-01  1.51085508e+00]
 [ 2.77678058e+00 -4.78360019e+00  4.50360832e+00 -1.30980255e+00
   2.42439648e+00 -1.07457185e+00]
 [ 8.00510705e-01  2.69051647e-01  5.35226584e-01 -1.33301625e+00
   4.94701420e+00  3.62385775e+00]
 [ 3.31036872e+00  1.47930227e+00 -3.73952937e-01  1.85866423e+00
  -1.09651838e+00  4.65462277e+00]
 [-4.28634788e+00 -1.08188787e+00  1.92667839e+00  3.34735151e+00
   1.86757203e+00  2.38506742e+00]
 [-9.01063382e-01 -2.62109317e+00 -4.69285382e+00  4.46586240e+00
  -2.17428465e+00  1.54626855e+00]
 [-3.19213896e+00  1.87863392e-02 -2.06650126e+00 -8.25612645e-01
   4.48793622e+00  4.16320380e-01]
 [ 1.18907817e-01 -4.38871966e+00  4.55972296e+00 -3.32834780e+00
  -8.98946608e-01  2.23270959e+00]
 [ 5.46907845e-01  3.56074414e+00 -3.28566672e+00  3.53508938e+00
  -3.72061494e+00  2.28542024e-02]
 [ 9.04785966e-01 -1.17481491e+00 -3.63365861e+00  2.53621822e+00
  -4.68647892e+00 -1.84385270e+00]
 [-3.37948707e+00  2.63563042e+00 -1.79663789e+00 -2.96852811e+00
  -4.47452172e+00  1.88149595e+00]
 [ 2.73941583e-01  4.98168525e-01 -4.89497989e+00 -2.82040480e+00
  -4.10500737e+00 -2.47826600e-01]
 [-2.65462900e+00 -4.21698827e+00 -1.86623543e+00 -3.87482406e+00
   2.68119050e+00 -1.47339534e+00]
 [ 3.59961473e+00  1.07966085e+00  1.91611906e+00 -4.12883045e+00
   4.06050381e+00 -1.00737088e+00]
 [-2.92331160e+00  2.98437970e+00 -3.07758643e+00 -3.97566374e+00
   2.95354751e+00 -2.57636375e+00]
 [-2.03080801e+00  4.40859689e+00  1.13359067e+00 -4.03351285e-01
   5.29220096e-01  1.65172970e-01]
 [-1.07089336e+00  8.09345675e-01  3.47495707e+00  3.66461020e+00
  -2.08281176e+00  4.31925958e+00]
 [-3.56646615e+00 -6.36498405e-01 -4.28014153e+00  1.11364242e+00
  -4.38258435e+00  2.06806315e+00]
 [-3.38803532e-01 -2.90759542e+00  7.33071480e-01 -4.97726823e+00
   3.60164405e+00  3.38788750e+00]
 [ 4.91409658e+00  3.35913903e+00  2.52485184e+00 -1.14193460e+00
   2.44561112e+00  3.32775910e+00]
 [ 4.00242907e-02 -2.02262329e+00  1.37716929e+00 -1.65782903e+00
  -4.40536876e+00  1.15912826e+00]
 [-4.45259820e+00 -3.96797008e+00 -9.83770773e-01  3.12842596e+00
  -1.24189345e+00  8.09521707e-01]
 [-3.26286077e-01  4.66218646e+00 -3.95614240e+00 -1.84822543e+00
  -2.85114698e+00 -2.37453132e+00]
 [-3.30368194e+00 -3.35774204e+00  1.50907638e+00  4.67637325e+00
   2.53440794e+00 -2.47055893e+00]
 [ 7.82653624e-01 -3.51462684e+00  6.23756913e-01  1.80130864e+00
   3.99670897e+00 -3.45572699e+00]
 [ 1.80391517e+00 -4.75954124e+00  4.14084754e+00  1.94078958e+00
   6.92565598e-01  3.74361988e+00]
 [-3.72906921e+00  4.84776108e+00  4.22561850e+00 -1.97864585e+00
  -5.05056435e-01 -3.00798724e+00]
 [ 2.17928033e+00  1.34688620e+00 -4.71422973e+00  3.61753468e+00
   1.95522701e+00  3.42133787e+00]
 [-4.61666565e+00 -5.27365230e-02  4.68359557e+00 -3.67493533e+00
   1.77726788e+00 -2.00696537e+00]
 [-9.68451004e-02 -3.88000856e+00 -4.06784385e+00 -5.84080556e-01
  -3.43157685e+00  3.20974481e+00]
 [-4.37685900e+00  1.86616187e+00  8.37705135e-04  2.92673394e+00
  -3.26617160e+00  1.96795857e+00]
 [ 3.74451855e+00  1.45008934e-01  3.76264409e+00  2.20208179e-01
  -3.84149347e+00  2.79277411e+00]
 [ 4.49479136e-01  9.42176617e-01 -4.54749712e+00 -2.14736034e+00
   2.11611737e+00 -8.62982675e-01]
 [ 1.01044259e+00  4.97724578e+00 -3.22885412e+00 -9.68670296e-01
   1.54838926e+00  3.66317925e+00]
 [-1.13946075e+00 -3.57162986e+00 -2.29932009e-01 -1.48138054e+00
  -3.51793047e+00 -3.99632343e+00]
 [ 4.74795268e+00  9.09313723e-02  2.10144712e+00 -2.98144144e+00
  -1.93323840e+00 -1.56557888e+00]
 [-4.96864496e+00  3.08501484e+00 -5.04015889e-01 -2.52391187e+00
  -2.03506193e+00 -2.93335751e+00]
 [-6.52149850e-01  8.88305790e-01 -1.28737412e+00 -6.65315464e-01
  -1.54332315e+00 -2.86264833e-01]
 [ 4.16112029e+00 -8.08155803e-01  2.61688105e+00 -2.73935816e+00
  -2.73507801e-01  4.21987494e+00]
 [ 4.05511139e+00  2.83539341e+00 -1.56978050e+00 -3.14188053e+00
   4.13668121e+00  1.99342885e+00]
 [-1.62673087e+00  1.64476954e+00  3.71401629e+00  3.19886055e+00
   4.72997272e+00  1.42836467e+00]
 [ 1.65050625e+00  6.85901948e-01 -2.10827968e+00  4.84830759e+00
   1.23585477e+00 -2.79172299e+00]
 [-2.29161468e+00  7.44426596e-01 -3.83835247e+00  3.31211182e+00
  -6.19571549e-01  4.46290996e+00]
 [-7.65085529e-01 -1.66746759e+00 -1.18884111e+00 -3.82869251e+00
  -3.10132889e+00  4.87650460e+00]
 [ 3.15849035e+00 -1.33585395e+00  2.67866241e+00  2.47196110e+00
  -1.88740473e-01 -4.37853033e+00]
 [ 1.19747931e+00  3.78819763e+00  9.33140814e-01  6.32727392e-01
   4.60270268e+00  3.72186973e-01]
 [ 2.64746726e+00  4.24871676e+00  2.26855111e+00 -1.40188737e+00
  -4.57203931e+00  2.58776944e+00]
 [-2.41428513e+00 -2.53592646e+00 -4.20954253e-01  3.07908308e-03
   1.12911786e+00 -4.99305725e+00]
 [-2.84914816e+00  2.20746750e+00  3.88883324e+00  1.72758514e+00
   2.19351116e+00 -4.20782734e+00]
 [-4.08727246e+00 -1.72279449e+00 -3.36060174e-01  1.25769246e+00
  -4.81824776e+00 -1.94646382e+00]
 [ 4.23668717e+00  2.13718355e-01  1.68987594e+00  4.71222591e+00
   1.52758159e+00  2.86444566e+00]
 [ 2.23865562e+00 -3.21450213e+00  4.72344511e+00  1.54110928e+00
  -3.96609455e+00 -6.68402946e-01]
 [-2.11207358e-01 -2.82282918e-01 -1.51553788e+00  2.32539378e+00
   3.06063564e+00 -4.93353061e-02]
 [-3.86355293e+00 -3.00140158e+00 -3.17851809e+00  3.83038474e+00
   3.17951518e+00  1.25374180e+00]
 [-4.49725557e+00 -7.23840423e-01 -1.35195401e+00  4.25396350e+00
  -7.24315167e-01 -4.27069486e+00]
 [-8.53793568e-01 -6.50066508e-01  1.20978854e-01 -4.79921297e+00
   1.44090997e+00 -7.18059700e-01]
 [ 4.57099366e+00 -1.59267790e+00  1.99420415e+00 -2.02304651e+00
   2.35396229e+00 -4.16259589e+00]
 [ 2.05038721e+00 -3.34446261e+00 -2.62972404e+00 -3.63630558e+00
  -4.98896572e+00 -4.89438212e-01]
 [-1.17955950e+00 -1.50927060e+00  4.32250677e+00  1.08838266e-01
   2.86753524e+00  4.71739991e+00]
 [ 4.94964488e+00  2.45856751e+00 -3.49411229e+00  2.74255967e+00
  -2.59293597e+00 -2.86615480e+00]
 [ 2.34942262e+00 -2.29599530e+00 -4.99999140e+00 -4.49247035e+00
  -6.61389700e-01  2.66341776e+00]
 [-2.20819573e+00 -3.18740646e+00 -2.44735518e+00 -1.05266284e+00
   4.68254500e+00  4.54623977e+00]
 [-4.63335420e+00  1.25773686e+00 -4.55203838e+00  1.06693443e+00
   2.05338261e+00 -2.26826590e+00]
 [ 3.03272719e+00  1.09092846e+00 -1.12086377e+00 -4.88429949e+00
  -9.97468711e-01  1.76773600e+00]
 [ 2.45579803e-01  2.31500773e+00 -1.44719047e+00  4.89501072e-01
   5.42430627e-02 -4.87329177e+00]
 [-3.49474585e+00 -4.41433990e+00  3.55104142e+00  2.13645028e+00
  -2.72478834e+00  2.45194890e+00]
 [ 2.91695356e+00 -2.44744238e+00 -2.52572813e+00 -3.40006138e+00
   4.82227866e+00 -2.15196752e+00]]
