[[-3.27994945 -2.36665365  0.867924    2.7663311   3.54892564 -0.24429073]
 [ 0.40862469 -2.11912766  3.600664   -2.3016155  -4.61314493 -4.66169198]
 [ 4.25911834  0.15783455  2.61385307  3.97941735 -1.59277722 -3.32950196]
 [-3.3144955   2.58444712  2.3357426  -0.18912306 -3.48876373  2.08526948]
 [-2.18422836 -1.58610475  4.00430732  0.19188917 -1.3202385  -0.87149471]
 [ 3.70233082  3.52784437  0.95656504  0.18903269  2.19490284  4.04358047]
 [-4.19796417  0.750316    2.42377544  3.24171693 -1.88005262  2.68952291]
 [-4.66374888  0.70649227  2.720462    4.36284569 -2.7927294   4.27632489]
 [ 2.07091164 -1.01733594 -2.19632253  1.7386713  -2.8300985   2.29678444]
 [ 3.09860287  3.05896854  3.10864294 -0.84380042 -3.0789026  -3.50410986]
 [ 4.04415411  3.11129934 -3.71169425 -3.75027143 -3.43566334  1.7651532 ]
 [-4.97125564 -2.80588734  3.158035   -3.5403621  -4.0758283  -2.89726079]
 [ 4.67673561 -0.60357056 -4.31315241  0.36444528 -1.83841607 -1.20153796]
 [-4.69665661  1.09730523 -0.9081773   3.1058868  -0.42995438 -0.69806165]
 [-2.36020103 -3.34469483  0.37649116 -4.62344377  0.96956296 -1.23881448]
 [-3.5121381   3.02497055 -3.54491545 -0.31992823 -4.2840607   4.09892175]
 [-3.40693208  3.7905168   0.82625823  0.82010808 -3.30738643 -0.46941195]
 [-1.25389404  2.71048991 -0.19179173  1.02044836 -3.1938739  -3.2265224 ]
 [ 3.5702066   1.03780447  0.06340966 -3.27427858  3.16036195  4.93134048]
 [ 1.73727833 -4.9331832   4.03202502 -3.73993666 -3.56426941  2.70320195]]
