[[1.00000000e+00 7.73304273e-72 2.76680969e-27 ... 3.08171919e-30
  1.03340953e-36 1.00000000e+00]
 [7.73304273e-72 1.00000000e+00 4.40424892e-47 ... 3.18680610e-27
  2.27446243e-29 1.00000000e+00]
 [2.76680969e-27 4.40424892e-47 1.00000000e+00 ... 1.45499790e-46
  9.05076645e-58 1.00000000e+00]
 ...
 [3.08171919e-30 3.18680610e-27 1.45499790e-46 ... 1.00000000e+00
  1.23680662e-08 1.00000000e+00]
 [1.03340953e-36 2.27446243e-29 9.05076645e-58 ... 1.23680662e-08
  1.00000000e+00 1.00000000e+00]
 [1.00000000e+00 1.00000000e+00 1.00000000e+00 ... 1.00000000e+00
  1.00000000e+00 0.00000000e+00]]
