[[-2.56064302  0.47704619  0.5131605   1.66412654  4.74921122  1.28575751]
 [ 4.6806464   4.42658647  3.72325049 -0.36182275 -4.2526896   1.7977309 ]
 [ 2.66639219  4.15990358 -3.42005022  1.83521089  2.56578706  1.28269292]
 [ 3.1963591  -4.09846942  4.24983789 -1.00351203  2.70519886 -0.18409563]
 [-3.32767238 -1.0229312  -3.52538294  2.68317064 -3.74670209  1.04486775]
 [-2.45135851 -0.34858058  0.94938303 -1.00812716 -3.80901293  1.71703143]
 [-1.65242106  3.45159917 -2.61609007 -4.44494599  2.6137148  -2.12517911]
 [-2.57860374  2.53934987 -3.68980021  4.27650561  4.91679102 -2.0622167 ]
 [ 1.0686075  -2.44153901 -4.06928946  3.89179516 -2.68550235 -4.09977458]
 [-0.36646803 -3.64807129  3.69039629  0.38537387  1.83173547  4.49403089]
 [-3.7722576  -3.46738798 -1.51862204 -3.83413897  2.34016073 -1.05234924]
 [-0.89777744 -3.73500191 -1.4598527  -2.76640299  1.4041808   2.06234221]
 [ 3.92140939 -2.0846751  -2.05278802 -2.41597575  2.73059517  0.69816912]
 [ 2.59599453 -1.46875903 -1.38774633 -4.80310468 -4.81324522  3.38295558]
 [ 3.60980066 -1.7777412   3.4524068   3.28465684  3.55569421 -4.09363185]
 [ 2.40872003 -1.5034641   2.55956068  1.52093113  1.01251735  3.4453123 ]
 [-0.43729119 -4.82915753 -4.56624309 -0.30919334  2.31862206  2.9894956 ]
 [-0.65062883 -0.1486711   4.62286719  4.85856006  4.59941271  4.83568498]
 [-0.65214685 -2.02545264  0.03740862 -0.96905526  1.75627584 -1.63798616]
 [ 1.59036452 -0.26151697  2.61305307  2.6253737   2.65447311  1.16794501]
 [-0.46209526 -1.21667119  0.65173332 -4.17242808  3.96497296 -0.569173  ]
 [ 0.87614891 -1.11274856  3.62036796 -4.43866645 -2.95710226  4.21185914]
 [-0.45603351  1.19806636 -3.57995143 -0.69792383  1.27524902  3.84711175]
 [ 2.62484858 -4.69840324 -4.80021435  0.64471319  0.81319256 -3.606375  ]
 [ 3.27990392 -0.19642623 -0.82260552 -3.292664    0.15968692  0.86332415]
 [ 4.15326896  2.19287847  2.55866526  1.09349362 -2.45896386 -1.48941173]
 [-3.5032804  -1.51222968  0.91460912  1.63764572 -1.46631968 -0.13680778]
 [-0.39752434 -1.93628495 -3.9084312  -1.60373954  3.80056349 -3.17775361]
 [-1.40518036 -1.34796355 -0.57294811 -1.65595691 -2.16912576 -2.54921565]
 [-0.56039346 -0.34176154 -3.70929535  3.43333972  0.28896953  3.71861598]
 [-4.62800423  1.5054294  -0.08442023  0.60033953  2.69273041 -2.20465969]
 [-0.57235336  0.24430175  0.13243386  4.38710394  1.62617299 -0.85495049]
 [-1.62853238  1.01072266 -3.39758086 -2.86985896 -1.12118501 -2.25452792]
 [-2.82966127  4.33119977  4.65949485 -3.66827376  1.71082553  2.56451271]
 [ 2.19618024 -0.25245001  3.69565775 -2.10978627 -1.84039894  4.53351935]
 [-1.44975113  3.01609983  2.2723431  -3.22086064  4.08955676 -3.21960896]
 [ 4.882612    0.97428615  3.09986873 -1.90668853 -1.37989422 -2.39984557]
 [-2.70664268 -3.84201319 -2.29898709  1.98458254 -4.13252534  2.40340477]
 [-1.02265244 -2.65657218  2.63826697  0.63217148  1.22242746  3.56437234]
 [-0.02509163 -4.70894777  0.36202731 -2.79758866  2.38965555  2.41674358]
 [-1.72982353 -4.75497295 -1.79637795 -2.97435284  2.2655165   0.97820853]
 [-2.25897267  4.04922959  2.62176605 -4.74100995  1.54040619 -0.62477443]
 [-1.39041832 -4.28059723  3.97928399 -3.8997492   3.20157346  2.20040419]
 [ 2.62271335 -4.97533381  1.31654081  4.38861594 -0.52928045  4.16496769]
 [-0.87194375  3.27277411 -4.661511   -3.60351269 -1.19315527  4.89804434]
 [-4.86401104 -4.69634234 -2.35652749 -3.42372652  2.57198056 -2.90291596]
 [-3.36073194 -1.56050772 -2.46798406  3.22952836 -3.01381082 -0.17663198]
 [-3.1361086   4.08695431 -0.87315955  2.5833198  -2.07120585 -4.22436444]
 [-1.63040598 -0.01709105  1.30229116 -3.24610346 -1.8523565  -1.43637297]
 [ 2.21007326 -3.41580935 -4.33892373  4.80823967  0.59273754  3.85294833]
 [ 4.3320167  -3.36386494  0.20252085  0.10987183  1.35004352  4.4363902 ]
 [-1.82714441 -1.55872532 -0.64819476  4.51581577 -1.11620685  0.0203397 ]
 [-1.22276642  2.0877123   4.08808596  0.60192075 -0.97159892 -2.70558681]
 [-3.32439839 -0.46948825 -2.87837395  1.698606   -4.46858504  0.02277819]
 [ 3.84829189 -3.24191288  3.09689341 -3.98037731 -3.737441   -3.93997979]
 [-1.81142925 -0.85629585  3.49405008  0.82306703  3.49341755 -2.12193161]
 [ 0.41516145 -2.41731186 -3.19111002 -2.26254759  2.46372968 -3.20831521]
 [-3.83389044  0.75675126 -4.95128268 -2.82093603 -3.61630564  4.48660861]
 [-2.69199478  0.25663021  4.39344244 -3.51965751  4.51990886  1.69460127]
 [ 4.39049614 -2.33911617 -0.81502518 -3.40511069  0.26637353  2.50766776]
 [-4.8819313   4.02492419  3.82612033  0.08984037  0.55861451 -4.24111399]
 [-4.7577863   0.92520706  2.17720616  3.22821798 -3.14641688  1.31175699]
 [-1.52399451 -0.50811202  0.9288683   2.01223775 -3.35211156  4.97559618]
 [ 4.25086553  3.23884856 -0.60162063 -0.55131189 -2.66621908  1.46835691]
 [-2.69582194 -2.49041813  2.67270118  2.76795967 -3.73822182  0.40090376]
 [-0.13968585 -4.2466446   4.54253438  2.17079654  0.21275801 -0.1153143 ]
 [-0.68062676 -4.00056714 -4.46816471  1.86999091 -3.61094096 -2.56907351]
 [ 2.83144697  0.47727696  3.57687099  0.25010957  1.69319335 -3.73817543]
 [ 1.72695727  4.74808923  0.9233908  -2.40806719 -2.97799054  3.86341256]
 [ 1.02720742 -1.60562151  4.42364133  4.7403834   2.85060969  4.70065584]
 [-1.67941285  3.31865308  1.69171613 -0.13960659 -4.81866031 -0.48157033]
 [ 2.53137883 -0.70212095  4.80859881  1.56042097  2.97405916 -0.32761459]
 [-2.89311951 -0.63232836  1.78439918 -3.46829008 -3.52813021 -0.30967471]
 [-0.13669963 -0.89091611  2.51610806  0.88112357 -3.79681964 -0.38037103]
 [ 3.43574761 -3.89737862 -0.6707567   3.47033577 -4.57816551  0.11276464]
 [-4.50962651 -3.39298526 -3.71006779 -1.66675695 -0.37828311 -1.43552831]
 [-1.97723978  2.25547046 -0.33334477  4.05866191  1.1587741  -1.19033662]
 [-0.41851199 -4.92944598  2.02449772 -0.611375   -1.34476026 -4.26157055]
 [-4.97552403  3.07858946 -2.31620259 -3.53864798  1.69763083  1.67194901]
 [ 3.49902714  4.59730904  0.05910624  2.36804118 -2.41765714  3.01274327]
 [-2.93393362  3.52622055  1.75726587 -2.41723577  3.9334273  -2.2739741 ]
 [-2.68896828 -0.20526714  1.6732347  -1.28084117  3.71367957 -3.24452275]
 [-0.94944941  3.19823537 -1.88900254  4.05554206 -4.1408535   1.93985234]
 [-1.54856182  0.41206449 -0.17173622 -4.77805101  3.92015071  3.22278009]
 [ 0.96008217  4.4543461  -1.1378337  -1.49698423  3.44362     2.30368354]
 [ 4.95681865 -0.81590307  0.52865085 -3.24071226  4.22885299  2.17086499]
 [-4.24351796  4.30043327  1.8069887   3.12208611 -3.95589974  0.79094468]
 [ 2.54108575  0.15937527 -0.66169614 -3.35230754  3.40243711  1.3297505 ]
 [-1.70716249  3.89142646 -4.78345606  3.18214756  2.26891751  3.32163775]
 [ 3.39616246  3.55772976  2.7093857  -0.48786945 -3.01294404 -3.35805981]
 [-2.35266154  3.18864777 -0.11369502 -3.52055194  0.83062026  0.09636113]
 [ 3.84390829  3.85857387  1.35115308 -4.39282953 -2.63133451 -1.02925613]
 [ 4.04526038 -2.1541453  -2.03082131  4.42054678 -3.0475746   4.7302157 ]
 [-0.03846452  1.38396445 -2.8848296   1.08815749 -3.80442348 -3.03388529]
 [-2.48529046 -0.00527492 -2.87641119  0.84672803  0.17556759 -3.44358478]
 [ 3.74272573  4.57643217  0.21908998  0.53010451  2.95760432  4.42227547]
 [ 2.62367034 -2.74666191  0.39198345  0.052622    2.34053001  4.40713985]
 [-3.22498655  1.21720704 -0.11200702 -2.97402228 -0.0453426   0.03519928]
 [ 1.03079083 -0.05794411  4.52989762 -0.40277458 -0.34428714 -1.61553025]
 [-0.4638703  -1.61583163  3.81102173 -0.82247681 -2.79682565  0.99966476]]
