[[-28955.69617292]
 [ 30138.23418265]
 [ 21468.93979217]
 [-10190.78625891]
 [-36662.8069528 ]
 [ -9877.86310262]
 [-36095.66290928]
 [ 24890.67393174]
 [-36367.91494253]
 [-10092.56633641]
 [  6366.04329901]
 [  4433.27625227]
 [-26956.78301836]
 [-11329.50506965]
 [-36822.64367525]
 [-27118.83781586]
 [ 49501.01420117]
 [-12672.16372251]
 [ 25947.80643823]
 [-36107.288155  ]
 [-24447.85031332]
 [ 28954.61917958]
 [ 11954.62244554]
 [ 18873.97623981]
 [ 28138.53502226]
 [ 10890.01455619]
 [ 69762.99435566]
 [ 10157.9737222 ]
 [-30820.26188474]
 [ -2846.62854609]
 [-18623.3063957 ]
 [ 60141.25149456]
 [-38542.70039262]
 [  9103.12880696]
 [ 36697.73621824]
 [ -9728.74521418]
 [   533.96328689]
 [  7825.46712923]
 [ -5534.42580663]
 [ 16066.38188131]
 [-22052.21575029]
 [ 40722.99128297]]
