[[ 4.53300009 -2.28944619 -1.448387    3.81168006 -1.04570225 -2.56092875]
 [ 1.87540605 -4.63983775  2.21404559  0.20708963 -0.20534723  4.56213548]
 [-0.25421342  3.67863488 -4.99994281  3.30857246 -1.50556946  0.56873735]
 [ 2.55737299 -0.93498571 -4.30161626  0.79327752  3.16332245  2.61851349]
 [ 1.06963817  0.75744456 -3.9863062  -3.66476624 -2.91508479 -3.15383869]
 [-2.45082658 -3.56094128 -2.95747789  1.8118361  -4.92662205 -0.15012082]
 [ 0.83189732 -1.10536034  2.72495607  4.06856787  4.46629773 -0.86722667]
 [-3.89777388  3.28683974  1.94165305 -2.23341736 -4.29040274  1.17388293]
 [-4.791489   -0.47331873 -0.99031652  2.48242002  1.87547122  3.96471862]
 [ 3.94297105 -2.55269667  1.19883842 -4.23059163  2.7040684  -1.62591717]
 [-1.359778   -1.58268716 -3.09962772 -0.42663571  4.85576238 -4.15739025]
 [ 4.34544846  4.87773153  0.97229738  1.0826771   0.95170096 -2.34224218]
 [-1.65674954  4.49866143 -1.99085586 -2.98047261  3.50791062  0.2679482 ]
 [-4.40686989  1.86299899  0.34720008  2.78919481 -0.89418594 -4.9538307 ]
 [-0.85611233  2.97474463  4.87693809 -0.66058223  2.33172075  3.26352905]
 [ 0.05116721  1.40369564  3.00143516  4.96151227 -3.34328791  1.67444917]
 [ 2.13496395  0.20702799  3.95426758 -1.62492784 -3.7913476  -3.72065509]
 [ 3.45168976  2.44794311 -0.2129412  -3.01586921 -2.15406144  4.34840908]
 [-3.42980653 -4.32721964  4.08617025 -1.27605324  0.02497673 -1.35319293]
 [-2.56180542 -3.40094926 -2.02105523 -4.84883371  1.46375429  2.31084786]]
