[[1.00000000e+000 7.05940644e-016 1.50935710e-011 4.00205677e-050
  3.18915482e-022 6.48083688e-039 9.47006112e-048 3.67747904e-012
  4.93519579e-025 1.87800888e-056 1.80180777e-025 5.72070816e-020
  6.69097132e-073 5.24012677e-018 2.40885798e-019 5.06403300e-013
  7.95829114e-057 5.52433219e-033 4.12400886e-051 1.40658132e-030
  1.00000000e+000]
 [7.05940644e-016 1.00000000e+000 5.79693503e-017 2.49147558e-029
  1.03074053e-013 3.87471438e-018 6.70036471e-025 4.41664058e-013
  5.79464826e-033 8.47687177e-039 2.58072859e-035 3.72225321e-050
  4.76148199e-050 4.64400639e-005 1.02910097e-014 1.31429532e-024
  1.12298899e-028 2.31726995e-040 5.99094579e-042 1.26106642e-024
  1.00000000e+000]
 [1.50935710e-011 5.79693503e-017 1.00000000e+000 3.35527863e-067
  1.38431778e-020 3.17441878e-046 8.30219956e-057 1.17676468e-025
  5.90705850e-010 2.08663806e-049 4.46679826e-018 6.94988055e-027
  1.40384616e-066 2.47035638e-016 8.76323650e-041 4.28094541e-016
  3.56096229e-033 1.80723107e-043 4.75881993e-052 1.60001113e-009
  1.00000000e+000]
 [4.00205677e-050 2.49147558e-029 3.35527863e-067 1.00000000e+000
  2.74332502e-046 4.34690880e-015 1.34552654e-027 2.20728283e-044
  1.88178285e-067 1.23303272e-029 1.00079784e-069 1.57296890e-076
  2.27567399e-042 1.00268129e-024 4.49033806e-013 7.17071895e-044
  2.85807660e-048 3.62762031e-045 3.56970493e-041 2.39463701e-079
  1.00000000e+000]
 [3.18915482e-022 1.03074053e-013 1.38431778e-020 2.74332502e-046
  1.00000000e+000 8.64317612e-030 2.73387541e-062 7.11361323e-033
  1.66239189e-035 7.38216364e-032 1.17680200e-012 1.48889384e-059
  1.25737368e-094 9.49177278e-015 1.19129381e-033 1.60956134e-031
  9.04531436e-040 9.44625273e-058 2.33126807e-029 2.16940585e-030
  1.00000000e+000]
 [6.48083688e-039 3.87471438e-018 3.17441878e-046 4.34690880e-015
  8.64317612e-030 1.00000000e+000 2.25021957e-034 3.81913039e-031
  8.52109598e-044 4.74327342e-019 6.06214785e-050 3.73744690e-055
  2.08041910e-045 8.36279496e-010 4.43561074e-019 9.40858476e-028
  1.01476038e-037 4.75457856e-022 3.15963287e-019 1.76039582e-044
  1.00000000e+000]
 [9.47006112e-048 6.70036471e-025 8.30219956e-057 1.34552654e-027
  2.73387541e-062 2.25021957e-034 1.00000000e+000 7.85326194e-045
  2.56909812e-066 7.21111197e-060 4.11529244e-096 1.08482029e-078
  7.87660927e-042 5.56501881e-033 3.38763162e-017 1.66069684e-059
  2.97017573e-037 1.85403182e-060 1.61398669e-068 1.92565328e-074
  1.00000000e+000]
 [3.67747904e-012 4.41664058e-013 1.17676468e-025 2.20728283e-044
  7.11361323e-033 3.81913039e-031 7.85326194e-045 1.00000000e+000
  1.43354385e-044 9.58148094e-071 4.43573853e-049 1.81295890e-037
  4.19634367e-055 5.89988696e-016 1.59199379e-019 1.64807698e-019
  1.02644284e-068 1.24261819e-030 1.24933234e-068 8.90517409e-033
  1.00000000e+000]
 [4.93519579e-025 5.79464826e-033 5.90705850e-010 1.88178285e-067
  1.66239189e-035 8.52109598e-044 2.56909812e-066 1.43354385e-044
  1.00000000e+000 1.26411368e-033 6.84332646e-021 1.61994230e-017
  8.76664151e-057 4.05910060e-021 1.84633006e-051 3.59606934e-012
  1.47604973e-028 3.82834172e-030 1.55585650e-038 2.46934151e-013
  1.00000000e+000]
 [1.87800888e-056 8.47687177e-039 2.08663806e-049 1.23303272e-029
  7.38216364e-032 4.74327342e-019 7.21111197e-060 9.58148094e-071
  1.26411368e-033 1.00000000e+000 1.47838876e-034 1.80993861e-063
  2.83241560e-065 2.69774808e-023 3.43719435e-044 6.00209384e-037
  1.15333714e-023 2.35680371e-043 4.59573548e-008 4.22910234e-051
  1.00000000e+000]
 [1.80180777e-025 2.58072859e-035 4.46679826e-018 1.00079784e-069
  1.17680200e-012 6.06214785e-050 4.11529244e-096 4.43573853e-049
  6.84332646e-021 1.47838876e-034 1.00000000e+000 1.01986382e-040
  8.61655282e-105 6.28288071e-027 6.79361286e-056 4.18295788e-023
  1.35636914e-050 4.39905969e-055 1.26431080e-033 1.13340148e-027
  1.00000000e+000]
 [5.72070816e-020 3.72225321e-050 6.94988055e-027 1.57296890e-076
  1.48889384e-059 3.73744690e-055 1.08482029e-078 1.81295890e-037
  1.61994230e-017 1.80993861e-063 1.01986382e-040 1.00000000e+000
  4.72015609e-071 1.93602533e-037 8.76518918e-048 4.70432362e-010
  8.31430712e-075 4.98832727e-017 4.06600783e-057 3.65714562e-038
  1.00000000e+000]
 [6.69097132e-073 4.76148199e-050 1.40384616e-066 2.27567399e-042
  1.25737368e-094 2.08041910e-045 7.87660927e-042 4.19634367e-055
  8.76664151e-057 2.83241560e-065 8.61655282e-105 4.72015609e-071
  1.00000000e+000 6.94732991e-039 9.58301146e-052 2.35050862e-046
  1.47297320e-047 4.68862860e-045 5.27389661e-093 8.45163597e-060
  1.00000000e+000]
 [5.24012677e-018 4.64400639e-005 2.47035638e-016 1.00268129e-024
  9.49177278e-015 8.36279496e-010 5.56501881e-033 5.89988696e-016
  4.05910060e-021 2.69774808e-023 6.28288071e-027 1.93602533e-037
  6.94732991e-039 1.00000000e+000 6.12256525e-018 4.35667041e-013
  2.29605466e-024 8.34017207e-024 7.80287775e-028 1.44440544e-017
  1.00000000e+000]
 [2.40885798e-019 1.02910097e-014 8.76323650e-041 4.49033806e-013
  1.19129381e-033 4.43561074e-019 3.38763162e-017 1.59199379e-019
  1.84633006e-051 3.43719435e-044 6.79361286e-056 8.76518918e-048
  9.58301146e-052 6.12256525e-018 1.00000000e+000 2.20536924e-029
  2.47015602e-051 6.50788919e-035 1.28407515e-044 3.06677186e-061
  1.00000000e+000]
 [5.06403300e-013 1.31429532e-024 4.28094541e-016 7.17071895e-044
  1.60956134e-031 9.40858476e-028 1.66069684e-059 1.64807698e-019
  3.59606934e-012 6.00209384e-037 4.18295788e-023 4.70432362e-010
  2.35050862e-046 4.35667041e-013 2.20536924e-029 1.00000000e+000
  6.99275288e-049 8.12885767e-012 1.46547502e-038 1.09674007e-020
  1.00000000e+000]
 [7.95829114e-057 1.12298899e-028 3.56096229e-033 2.85807660e-048
  9.04531436e-040 1.01476038e-037 2.97017573e-037 1.02644284e-068
  1.47604973e-028 1.15333714e-023 1.35636914e-050 8.31430712e-075
  1.47297320e-047 2.29605466e-024 2.47015602e-051 6.99275288e-049
  1.00000000e+000 3.37257325e-066 3.85654745e-041 3.59333433e-035
  1.00000000e+000]
 [5.52433219e-033 2.31726995e-040 1.80723107e-043 3.62762031e-045
  9.44625273e-058 4.75457856e-022 1.85403182e-060 1.24261819e-030
  3.82834172e-030 2.35680371e-043 4.39905969e-055 4.98832727e-017
  4.68862860e-045 8.34017207e-024 6.50788919e-035 8.12885767e-012
  3.37257325e-066 1.00000000e+000 1.62084538e-038 3.55004008e-041
  1.00000000e+000]
 [4.12400886e-051 5.99094579e-042 4.75881993e-052 3.56970493e-041
  2.33126807e-029 3.15963287e-019 1.61398669e-068 1.24933234e-068
  1.55585650e-038 4.59573548e-008 1.26431080e-033 4.06600783e-057
  5.27389661e-093 7.80287775e-028 1.28407515e-044 1.46547502e-038
  3.85654745e-041 1.62084538e-038 1.00000000e+000 3.51781013e-056
  1.00000000e+000]
 [1.40658132e-030 1.26106642e-024 1.60001113e-009 2.39463701e-079
  2.16940585e-030 1.76039582e-044 1.92565328e-074 8.90517409e-033
  2.46934151e-013 4.22910234e-051 1.13340148e-027 3.65714562e-038
  8.45163597e-060 1.44440544e-017 3.06677186e-061 1.09674007e-020
  3.59333433e-035 3.55004008e-041 3.51781013e-056 1.00000000e+000
  1.00000000e+000]
 [1.00000000e+000 1.00000000e+000 1.00000000e+000 1.00000000e+000
  1.00000000e+000 1.00000000e+000 1.00000000e+000 1.00000000e+000
  1.00000000e+000 1.00000000e+000 1.00000000e+000 1.00000000e+000
  1.00000000e+000 1.00000000e+000 1.00000000e+000 1.00000000e+000
  1.00000000e+000 1.00000000e+000 1.00000000e+000 1.00000000e+000
  0.00000000e+000]]
