[[ 2.16574418 -0.19275357  0.48571581 -4.9676481  -1.06999912  0.22158952]
 [-0.24735116  2.45181857 -0.90392352 -2.05702526  0.91565175  3.00090193]
 [-1.24461913 -0.79206019 -0.60550691 -4.91534859  2.12324294 -1.01805107]
 [ 1.59670131  2.2257825  -3.62025342  3.62468204 -3.84759423  3.24932211]
 [-3.65908332 -0.29472927 -0.22241579 -3.7428155  -1.66993821  3.85428956]
 [-0.55153011  1.44575691  1.00311641  3.43980009 -1.34450537  2.83605521]
 [ 4.90041661  1.83554229 -3.88717963  1.67108282  2.89907684  4.43288444]
 [ 2.1401597   4.51801845  1.68034172 -3.3518839  -0.76520986  0.29933659]
 [-1.63043381 -3.20053532 -0.48341104 -1.71172868  1.91692481 -3.24951749]
 [-3.6803401  -3.24823526 -2.00733659  3.71794609 -1.81436002  1.83185457]
 [-4.56377992 -3.07162467 -0.16059698 -4.55201582 -2.66189908 -0.30455444]
 [ 2.96720947 -3.00498232  2.36192192 -2.29836399 -0.67554789 -4.77398986]
 [ 1.8457892   4.69678014 -4.21791191  4.62610175  2.35605107 -3.81277187]
 [-1.27022406  1.56365491 -0.25465628 -0.24563696  0.09079198  1.06204268]
 [ 3.97483269  1.52044826 -1.57954601 -0.31481255 -2.23722663  3.28516541]
 [ 0.24068066 -0.25054065  0.91197267 -1.3669382  -1.5568126  -3.12780447]
 [-3.0142513  -1.57646499 -4.80387198  1.49302449  4.25217791  1.76448542]
 [ 2.11558324 -0.09627532  3.56127342  2.47889481 -1.24076797 -2.83211375]
 [-2.74472298 -4.58475358  1.34791804  2.85809911 -2.22545337  3.26984731]
 [-3.83742283  0.89546776  1.18703921 -2.90085563  3.43612852 -2.31720526]]
