2次元目ガウス過程にいれたとき [  0.         , 74.5573862  , 83.9804638 , 183.16551103 ,144.06538273,
 180.0235603  141.5867043  102.97900312  65.33102552  88.59569288
 120.53487345  90.63255377 151.49469884 108.97210033 165.59838293
 127.04874126 123.05391646 177.85879285 169.71624028 147.17069571
  93.76234207 112.97693466  32.70488869 144.06794947  44.74173559
  50.37710617 124.89530752 105.2734682   30.67647697  71.84831605
 133.31749174 153.07177473  34.36206178  60.01931255 185.80232938
  84.95227068  41.93990047  24.96603889 156.81991459  31.7582476
 108.90714606  59.46127987  44.52792513  83.83618539 132.03535789
  89.7969478  164.70095092 131.79634419 171.81033648 139.9660582
  17.29321059  61.42116032  28.27388304 189.41867318  60.15418248
 148.74711157 100.32572264 132.93456679  11.79361082 110.46797827
  85.82532635 191.87505662  89.2518718  115.24281549 144.21668922
 155.35311666  31.30540118  20.66250726  89.14032004  80.84893422
 108.96279574 100.37355551  22.01493178 115.92476004 135.25466963
  13.12105834  47.28362446 113.62551631 116.64857247  80.45233498
 124.96589129  61.42095221  36.67615718  93.55716017 119.32502902
 147.94440559 118.96735299 107.79198344  77.04783951  44.99041387
 117.08197573 104.71987561 170.24235967  14.95863689 126.86150059
 157.52351174 112.66814537  15.69537847  87.53133226  44.81265217
 115.365412   155.09858493  78.06483629 135.12697843 109.53201218
 168.7639183  172.99562833  87.31180172  65.64272587  22.7936034
 127.33129154  66.91151403  69.69055961  99.42200354 121.96761436
 185.53911504  49.61358545 136.72158746 136.25500766  66.98950023
  68.53309696 137.86573883  68.00559118 110.22055929 106.46629868
  64.7647282  101.47521998 116.26809628  49.99293228  42.57878732
  52.41431652  48.84412114  98.63420283  65.40457581 152.49837067
  90.51748832 176.95302651  86.32621193  61.88417591 180.50167837
  60.22770686 103.30241072 163.5463073  161.67633091 169.85044451
  99.25640399  34.54049492 121.6079076  143.62111859  49.59393918
 160.65639202  60.37784446 170.21589524 125.48264364  70.64046287
  92.30945475  84.13592953  61.3722437   52.10561611  92.43319078
  83.78957951  74.73515508 122.49166446  49.42400926 143.70670105
  98.09821166  69.6122985  112.04374285  64.8012322  141.9307897
  53.91827974  41.42179393  67.96991805  83.7902846   60.3746945
  70.64278767 174.40133178  90.11569813  37.98117765  95.80224362
  82.66375517 116.36953258  65.11576936  95.09376334 171.69738846
  79.23074827 132.13918193 148.81042517  89.15355407  50.0451109
 156.82569406  21.33540885 189.64127435  64.95526848  78.5924898
  27.00261912  92.39670197 138.15740027 140.77743659  73.58254983
 146.15162206 101.27245845  79.25881136  16.35259645 180.07628493
  42.08666229   5.30847028 145.90067283  19.43731739 110.19283377
 155.85448393  53.52447003 115.36928876 148.57860922  90.16131782
 157.36120956  77.97669486  23.34706353  42.87096853 148.35276503
 106.63942453  97.51658897  46.14939054  24.37966818 114.14716215
 141.52935603  18.80968666  59.63317624  42.60943469 176.08304019
  29.49270187  83.43056605  90.66053924  51.40465009 128.78598504
  95.88600158  28.24567573 147.57995324  68.1933811  175.03874182
 196.53276613  95.56305822 124.82397877  35.28512861 178.27800481
 136.26927899 160.20980912  78.97519396  62.13062733 147.22875626
  90.8567813   54.74492806  44.91247218  32.82417167  49.43440694
 142.52767258  80.34069446  90.94463179  93.46628922  97.85077296
  20.51246215 146.20804874 157.35869454 147.30252071 139.53713566
  43.5229325  192.80667603  84.95516603 193.31730774  56.21234634
 182.21967181   8.06326133 180.11160824  93.92127963 192.80708613
 171.70117891 170.07729651 112.54361178 107.8653624  158.14746194
 169.94637041  24.02169995  18.45174033  60.25995146 125.68049682
  68.07787993  70.30528496  31.88563358 111.14615822 148.34516128
 110.11029742 137.01723867  82.80135262  87.92429333  92.45414989
 147.98301794  54.29546254 102.18592745  49.96722367 131.2461707
   8.88025606 164.84379787  68.70788974  41.1532121   33.34492095
 159.72724844  38.40782914  87.1407129  133.3913637    3.01189806
  40.98739348 101.25881813  46.84061552 108.33468924  91.11420447
  40.98753464  88.13934066 100.59467892  43.76017972  64.95363273
 160.62440719  86.2979467   76.92675834  69.12226161 104.86633154
 129.04303585  73.57549513 109.81568426  71.82710702  83.57645756
 160.38824095  78.98436999 124.89869993  92.64045484 109.97336184
  50.50113215  76.90905729  19.43362324  93.56028693 157.08903058
  56.15671183  57.61508751 136.14849312   9.06954056  76.69755889
  94.63901655  34.51041252 174.91190261  62.07806075  78.16415265
 168.84514101 101.53808988  34.09545679  87.06000603 117.04895131
  73.32748005  50.49661187  67.07942676  30.06589456  23.83823156
  68.86581382  86.89539587  98.46867976 109.66465943  11.4118459
 121.55025341 142.36148063 131.72268457  55.87999882  82.40954462
  85.15863414 193.53871865  19.94003838 132.20927361 179.25355446
  47.14596043 104.77482806  54.04867933 203.52081563 138.43516776
 127.02662773  81.04874278 158.64183648 130.62007171  62.35252504
  94.69099166  58.79989358  75.94962605  74.81061578 185.74741218
  57.87106822  21.53738754 154.17670854  92.33782132 166.84329729
  85.49760762  85.35186878  80.11101849 101.43362255  86.77938331
  61.36557726 169.83805656  32.99861444  92.71328957  95.74550041
  72.12411688 114.30444974 155.70301267  66.63063929 171.11031044
  49.55505007 144.40625154 122.80578797  52.95119303 142.48742027
 167.47453224 182.76366066 131.13114411  94.82148057  78.84864012
  90.39883665 136.93010337  57.64214146 164.78028652  84.68228259
 104.13944571 117.31861927 139.07417648  66.30066445  93.52010651
 108.82510929 147.01425432  61.96980162  73.63634564  64.26528779
  27.21707113  14.60455437  39.81720469 145.40893316 118.01540001
  97.68852197  95.58181473  47.60077122  97.67374312 163.96034247
 167.59280466 174.02185169 121.19924777 170.49202557 128.12424426
  64.23268135  81.85671022  52.62997064 120.10532156  90.56729654
  90.77849524  79.77791264  62.02247687  83.39846945 176.84170006
  54.02330555  50.2495775  129.74476616 109.23222226 170.94444991
 155.99827029 146.66116903  97.12650129 153.85524183 109.92965543
  81.60113846 156.89935024 114.97531567  99.17221325 140.99911353
  60.88906098  34.86186065  88.8798459   84.52362054  16.40237639
  12.61917279 132.7460301  165.12929116  38.40057501  48.59702559
 107.24032057 170.38247194  30.5560686  105.31111233 145.92263845
 110.45644348 141.91097157  92.20762382  92.60716001  80.2038369
  53.51810938 162.10034111 177.22213579  99.12186646 136.36466303
  25.55375933 160.92038981  74.40770731  78.88225787 138.54899724
 101.37152981  84.59145179  56.21412796 129.39146717 103.07408039
 131.35626179 108.62449762 114.96415443  88.17499806 112.22039198
  78.05682876  25.93316156  84.32699552 146.8260454   86.43212272
  79.57859384 167.51869621 158.10869907  92.79687658  77.03980655
 106.29171687  61.99387486  92.04620154 104.86760152 151.90675153
 172.29122007 158.91158917 120.36255885  96.05588451 131.7235455
 143.63158306  88.9971285  121.30593692 156.47199173   9.86172501
  84.75065329  84.68651825 178.09403964 148.02277674 145.48489676
  36.73655134  96.90276905  90.7105891   99.38217551  46.02934233
  77.07286369  25.57444871  70.66530003 110.62673091 146.51076079
 128.11457414  92.08099015 120.96216628  36.58735211 181.00007818
  60.24057094  80.97648558 149.51742248 102.23909521  41.64051595
 125.49290003  32.82897884 105.96780097  61.53958695  53.20469267
 151.2027257  113.91930959  81.80525124 178.69153134 102.42711701
 137.33988949 151.4986238  122.33512317 149.71233348  25.00095635
  33.52239131  29.82949511 155.53368226 158.14972883  77.16714636
  68.76692015  56.22361139 164.41435281 144.14782339  91.95237314
 105.55562411  78.18157192 167.72052067 101.05430771  14.83602677
  93.20411309 108.3987664  107.31258471  83.09648147  60.23226127
 133.0237357  149.78487009 137.75676361  83.14558365 155.08327913
  74.99126294  73.76219701  83.49869411 146.39845494 141.78038593
 151.818808    32.55388719 170.66838508 128.38649258 125.74367722
 163.37480945 178.47913208  48.02578636 162.05126594 144.46692426
 149.40054364 119.77757073 112.59351912 146.07793055 123.80880605
 121.6628628  128.91769665  18.15500901  69.54190418 133.93658546
  78.83095881  79.47920557  87.17829171  38.13177077  96.79232961
 180.92364769  28.80241538  68.41861926 114.91745725  60.62354185
 163.5336619   20.18346893  12.72814981 166.13013366  78.71880552
 169.57929953 126.0775312  145.51080762  69.85631423  45.8777909
  91.68722409 140.16401301  18.73555503  19.30167891 119.45901615
 125.67350141  91.63845674 169.23349574 131.08537515 175.92027367
 166.75256129  35.06076042 118.86262433 106.82483369  34.62814283
  63.80644494 126.14663416 113.19887618  18.94331619  76.05999034
 102.19797887  13.80300121 111.75185414  47.89317124  57.6257313
  98.31857695 120.46781892  16.54325332 105.46073324 157.64592176
 129.59383064 104.65359531  58.47341192  51.38866527 198.25282543
  52.53436252  56.86657726 141.37555234  32.66561589  47.11192373
 161.07989665 186.3750475  158.66015834 174.97307915  70.74889176
 133.31538483 111.87624108 177.81100899 151.12971982 119.20608536
 148.588919   171.89973353  78.70208969 174.82729052 101.10860826
 127.92010809  92.28542227  42.7081143   53.08139826 115.25301542
 176.67801435 163.946083    73.05064135  24.67759146  93.69814155
 184.0230313  102.37523901 154.39001565  78.0802729  129.49459915
 112.28569736  84.654364    20.55729467 108.22391795  89.91432035
 127.0075254   54.24611672 140.326467   183.16665793 114.63062259
  64.44755289 106.96385965 122.5199496   52.54389913 189.35880826
 129.64960816 149.39586394  71.00584428  29.00787986 163.96982293
  75.06746998 135.78158851  46.65506238  79.95389843  37.32423434
  78.48561683 143.71069375 133.70507834  74.96743948 142.12746423
  96.5271191   86.55716958  17.1287498   57.65183523 116.95625532
  97.44635051 179.02334525 142.86877     51.71299372 184.43435102
 113.68771126 143.52198255  92.42351917 177.6709627   30.29867764
  16.07967563 108.25401644  92.22987033  87.78327699  45.56057296
  58.97261783 122.64701545 128.08613436 164.98002529  37.5662334
  51.66788445 103.50299716  89.96273175 115.08134864  30.37031404
  37.56061457 138.2195379   84.81504045  80.61874103 108.72373987
  76.07074991  32.51610565 163.5870739   85.93987588 163.7282802
 105.55847054  19.25504704 103.38904986  67.1857351  149.23797146
 146.93935827 136.99859812  57.22112885 107.04786773 183.33534294
 171.4019079  132.6446747   59.95236179  16.61157771 118.8605993
 118.70475104 117.0105086   60.27334117 157.02420559  89.66452641
 138.37186142 141.46254335 173.1493104   54.39446608 130.26119213
  65.443204    56.30158323 165.69309012  19.16480901   7.84643256
  82.23578072  62.30363092 115.67904831  71.94026354  86.82496104
 163.91536071  64.82634078 101.50152599  84.83639908  28.41188123
  53.6977391  165.82537148  55.54182254 152.57430619  74.45308125
  61.66058216  78.40466656  58.62827597 143.89398627  58.18848809
  99.25859295  41.67745399 181.88665487  84.14398236  88.75474197
 136.04784332 134.66628801  78.43238979  92.30169522 124.47610969
 106.30049916 156.7244415   68.9955127   83.19548293 104.89138081
 124.59663441  10.79236102 111.29772344 145.7669686   44.05890495
  49.79283883  70.26192274  23.18708223 103.72453776 153.49450772
  49.82398892 167.54780548 172.05687252 155.50901678  60.26863362
  80.09339208 135.4634027  139.21004298 106.05401492 172.9377679
 143.2951941   38.50409516  48.79605678  87.1998201  100.10804832
  70.74802559 104.73403228 137.4742846   64.8511408   53.5943509
 159.28047944  93.86491149  84.89429163  43.08892145  71.50243117
  86.73855948 159.12163694  68.97607716  43.48989414 134.09125613
 179.74718882 184.80492491  64.0639123   58.63799975  18.2310661 ]
-1.7676767676767677 -5.0 11.528239425156594
outputのノードの特徴量：出力の値 12.545081025989186
Mean Squared Error (MSE) between Z and Z_interp: 3.9659384140900262
nodes:hidden to ouput wight 
[ 4.99005534e+00  6.39850276e+00  9.37922717e-01  2.44660896e+01
 -9.89922765e+02 -5.13195732e+01  6.32970514e+01  1.99039572e+01
  5.10327764e+00  7.68985627e+00  1.12731305e+02  7.84503545e+00
  1.20245058e+01  1.74814507e+01  1.20509547e+01  1.02744067e+01
  7.97649004e+00  1.49636597e+01  7.20943919e+00  5.04705323e+00
  3.74274103e+01  2.54074485e+01  3.11860031e+00  1.30639412e+01
  1.89817962e+01  1.99055717e+01  1.42701863e+01  2.00285857e+01
  8.94073640e+00 -1.47000152e+01  1.52997888e+01  1.32551531e+00
 -1.21945857e+01  1.92373496e+00  1.78715293e+01  1.24213441e+00
  1.36603734e+01 -1.17141120e+01 -1.19472084e+02  1.24348247e+01
 -4.05378228e+02 -1.23662468e+00  2.94526795e+01 -3.85742217e+02
  6.77885195e+00  6.25871188e+00 -8.68713464e+01 -3.53985389e+00
  9.90254704e+00 -1.06030897e+02  4.72539033e+01 -8.88071144e-01
  3.60813663e+01  2.93498079e+00  1.40303496e+01 -1.29207072e+04
  6.88625270e+01 -2.93021474e+01 -2.15482413e+00 -5.86170612e+02
  1.18941561e+02 -1.59140228e+01  1.72704320e+02 -3.32464780e-01
  3.69001182e+01 -1.81254456e+01  1.45138120e+00  5.55589544e+00
  8.98969260e+00  1.04498458e+01  3.33593790e+00  1.58306294e+01
  1.06912367e+03  1.25844499e+01  4.53013805e+00  1.79540958e+01
 -5.62573065e+00  6.48444536e+00 -3.35840048e+02  1.29818009e+01
 -8.58149155e+00  2.74259726e+01  1.20914527e+01  1.03827230e+01
  1.08113287e+01 -1.10052144e+01  9.29323565e+00  1.17217661e+01
  8.88312817e+00 -4.01751725e+00 -9.70357326e+00  2.34873930e+01
  1.50422416e+01 -1.32455805e+01  9.75211374e+00  1.91599094e-01
  8.86720689e+00  2.06536399e+01 -1.66917788e+01  5.03461581e+01
  1.77492618e+00  1.49794281e+01  2.19999884e+01  9.91308363e+01
  2.62563873e+01  9.61434762e+00  2.38231416e+02 -1.00680964e+00
  3.01320612e+01 -7.74179309e+02  2.12040958e+01 -1.25941469e+01
 -3.41832312e+01 -9.78638866e+02  1.85409323e+01 -9.18054336e-02
  2.31797223e+02  1.93430474e+01  2.20216949e+01  3.73815498e+00
  1.15447004e+01  2.64761169e+01  1.21165360e+01 -2.04526173e+01
 -1.06394166e+01  2.74734062e+00 -1.34705566e+00  1.46138878e+01
  1.53281524e+01  5.03512508e+01  8.55260272e+00  1.20234215e+01
  3.47513820e+00  1.13316597e+01  5.98763413e+00  2.76146448e+02
 -1.24449966e+01 -7.79842275e+01 -2.93721743e+01  1.91667363e+01
  2.65113624e+01  1.19608274e+01  1.48083608e+02  1.22912030e+01
  8.85886582e+00 -1.53049764e+03  2.35475197e+01  2.97682932e+01
 -5.96051604e+00 -5.96949960e+01  1.15506183e+01  2.46558323e+01
  2.01180230e+02 -1.48522137e+01  3.78106024e+02  1.75006313e+01
 -9.52849910e+00 -1.28018404e+01  4.58894992e+01 -3.68442123e+00
  2.78352137e+02 -5.10940465e+02  1.60809052e+01  4.97201600e+00
 -3.54609824e+01  9.17770423e+00  5.30898715e+00  2.63814910e+01
  1.01826751e+01  1.17901883e+01  9.95932196e+00 -4.02451853e+00
 -5.80200172e+00  9.05123227e+00 -1.21850308e+02  4.67533015e+00
  5.06438129e+00  4.19218656e+00 -1.84193723e+00  1.49065811e-01
  9.91563668e+00  1.25450264e+01  2.98693522e+00  1.02683691e+01
  1.37675840e+02  1.42642067e+00  1.56743212e+00  8.21825359e+01
  9.31978417e+00 -1.12744194e+02 -1.41547497e+02  7.62263003e+00
  5.88023384e+00  8.23775528e+00  1.55091676e+01 -6.44924159e+01
 -8.93768888e+00  1.72064893e+01 -3.12207626e-02  1.73190090e+01
  2.90494825e+02  1.31548911e+01  2.23583319e+00  3.05953855e+01
 -6.70850373e+00  5.81912025e+01  6.95371314e+00  5.71601165e+03
 -2.00450331e+01  2.76090788e+01 -7.52063438e+01 -5.10483261e+01
  1.60031148e+01  1.86805976e+04  1.75688834e+01  1.86592366e+01
  7.95714465e+00  9.63229981e+00 -5.99880965e+01  1.09894312e+01
  5.77163676e+00  2.07542090e+01  1.65588424e+01  6.16756725e+01
  1.10710453e+01 -2.26351806e+01 -1.26126109e+01  6.17704178e+01
  2.25022649e+01  2.38798762e+01  7.60886536e+01  1.94426013e+01
  7.51819611e+00 -1.66001488e+02  3.52430653e+01  1.94994655e+01
  4.84902423e+01 -5.98570899e+00  6.24895569e+00  2.45268086e+01
  6.46501320e+00  8.40723171e+01  4.11370364e+01 -3.68700098e+01
  7.31872705e+01 -8.32759264e+00  1.61106613e+01  4.89393973e+00
  9.83610736e+00 -1.03812164e+02 -7.09768336e+02  5.63082668e+01
  1.62151846e+01  6.22609433e+00 -5.65258743e+01  2.52569629e+02
  3.75193594e+01  1.74998009e+01  1.39883959e+01  3.36798066e+00
  7.36728870e+00 -3.44445649e+01  1.24895669e+01 -9.44277712e+00
  1.23793488e+01  1.87762717e+01  7.79259267e+01 -3.07805947e+01
  7.51590067e+01  8.18777203e+00  1.26370042e+01  2.58497773e+01
  1.05726132e+01  5.11757302e+00 -1.11635758e+02  1.18774877e+01
  1.16006722e+01 -1.24058091e+01 -2.23800387e+01  9.51905991e+00
 -1.06518627e+01 -3.97675869e+01  2.51383656e+01  7.09105452e-01
 -2.95118358e+01  1.09770621e+01 -8.25995661e-01  8.64715603e+00
  2.82582420e+01  2.21913742e+01 -6.34909731e+00  1.96329692e+01
  6.85446078e+00  1.35194690e+02 -1.70172394e+00  1.28320980e+01
  1.26990061e+02  7.00765209e+00  7.47987408e+00 -4.45129846e+01
  1.35422079e+01  5.31697752e+01  2.12173157e+01  2.60694484e+00
 -1.21119983e-01 -3.01166985e+00  1.10917296e+01  2.13078748e+01
 -2.41449399e+01  9.57790533e+00  1.49012348e+01 -4.43703145e+01
 -8.51240800e+01  4.56644735e+01  2.93556774e+00  2.69366781e+01
  1.88923619e+00  9.71526591e+00 -9.32203604e+01 -1.16146018e+01
  1.03171453e+02 -1.46407430e+02 -2.09280798e+03 -1.86959717e+01
  1.35313597e+01 -1.10324008e+01  1.02862346e+01 -1.30888511e+01
 -4.97298766e-01  2.85695392e+01 -9.65405402e+00  8.10177867e+00
  2.74803816e+01 -6.64390506e-01  3.26355776e+00  2.06582522e+01
  9.40532594e+00  4.79188877e+01  4.09838518e+01 -1.01290218e+01
  9.90753899e+00 -2.89056908e+02  2.60340585e+00  4.34262389e+00
 -6.74671542e+01  2.95615598e+02  6.26159953e+01  6.46498180e+00
  1.65803528e+01 -7.79499816e+01  1.61497351e+01  2.33479239e+01
  1.50614996e+01  1.22921029e+01  3.21658757e+02  3.20602472e+00
  1.66849091e+01  3.27491667e+00  1.29515879e+03 -3.03347399e+01
  1.77079381e+01  3.56178622e+01 -5.05338096e+00  3.04417647e+01
 -1.67396015e+01 -1.39222724e+02  4.60929107e+00  9.92011437e+00
  1.78235157e+01  1.42862444e+01  1.64108155e+01  1.69640553e+01
  3.90662982e+01 -1.12893437e+00  2.49742826e+00 -7.55648386e+01
  1.02820623e+01 -2.19501979e+01  1.52142041e+01 -3.22870645e+00
  8.02625582e+01  1.05925404e+01  1.09091150e+01  1.56058574e+01
  8.30271815e+00  1.15685661e+01 -8.78365122e+01  8.61894182e+00
  4.65046998e+01  7.59053867e+00 -3.01414545e+02  5.26282813e+01
  1.63681624e+01  5.63112513e+00  1.60289690e+01  8.32816692e+00
  5.27337121e+01  2.13698434e+00  2.59951702e+01  6.43382806e+00
 -7.11593535e+00  3.90515091e+01 -1.29592978e+02  2.16754509e+01
  9.63639821e+00  2.51485165e+01  1.93136759e+01  9.83473167e+00
  2.57257269e+01  4.98021018e+01  1.09903859e+01  1.02992174e+02
  3.79456490e+01 -1.00882372e+01 -1.10405995e+02 -1.16800182e+01
  1.82555019e+01  5.96388151e+01  2.93399541e+01  1.64277977e-01
  1.06125494e+01  2.94373517e+00  2.67477501e+01  9.58030107e+00
  1.17124007e+01 -1.91810468e+02  9.94875645e+01 -1.21867562e+02
  8.49592964e+00  1.12783757e+01  2.75212212e+01  2.41176348e+00
  8.57071177e+00  5.93637112e+02  3.63712084e+01  1.23216992e+02
 -7.67525432e+01  1.75856083e+01  1.35958021e+01 -1.30503927e+03
 -1.16263504e+00  1.15439588e+01  1.27026867e+02  3.16266676e+02
  9.09551185e+00  5.10668610e-01 -3.04730929e+02  1.10112748e+01
  1.35368741e+01  1.20545403e+01  1.34302744e+01  2.60531553e+01
 -2.22609195e+00  7.35982699e+00  1.04558677e+01  5.90900993e+02
  5.49673508e+01 -3.53711535e+01  2.37389013e+01  1.77671069e+01
 -4.32167748e+01 -2.48223538e+02  1.12733690e+01 -2.51794786e+00
  9.08168174e+00  1.39107750e+01 -7.93813994e+02  2.50566924e+01
 -2.68835239e+02 -7.88716759e+00  1.68801592e+01  1.38963418e+01
 -1.73587805e+01  1.52142645e+03 -2.78919763e+01  2.35302923e+01
  2.04757357e+01  4.65916391e+02  1.72853722e+02  8.97913948e+00
  3.70614942e+01  5.55300243e+00  1.66603528e+01 -3.48718078e+01
 -2.35123460e+00 -1.74597328e+01 -1.95014073e+00 -1.16788332e+00
  2.78547242e+01  9.62879549e+01  3.79757245e+00  3.85253199e+01
  6.19783200e+00 -1.01014968e+02  1.17247193e+02  5.36277677e+00
  2.08457798e+01 -7.41487372e+01  9.11809400e+02  2.03773016e+01
  1.13497126e+01 -1.94653791e+01  1.52104582e+01  3.35862150e+01
 -7.99971257e+01  4.08915976e-01  2.21657524e+01  1.51834931e+01
 -3.84627935e+00  4.46753862e+00  7.89798682e+00  9.48176167e+00
  1.02804659e+01  7.45872141e+00  2.02555366e+02  3.50849626e+00
  4.36302144e+01  2.97564707e+01  1.60047922e+01 -1.99778787e+01
  3.62346226e+00  3.11516140e+01  1.39132845e+01  9.71103680e+00
  2.07088673e+03  1.48331850e+01 -3.79490914e+00  7.61367578e+00
  3.65120870e+01  8.57837445e+00  2.15854249e+01  8.94038887e+00
 -1.98122116e+02 -1.78128303e+01  9.73051636e+00  5.46470337e+02
 -1.13036057e+02  3.53528852e+00  1.23733737e+01  7.89081277e+00
 -8.73366895e+00  1.23391241e+01 -7.59648364e+00 -2.12743422e+02
  2.84688869e+01  1.05493394e+02  5.47701614e+00  1.26191816e+01
 -2.37884810e+01 -2.31043959e+01  8.94439565e+01  1.84517291e+00
 -3.34937096e+02 -9.07577269e-01  4.59332182e+00  2.21494743e+01
  7.60108663e+00 -6.16261628e+01 -2.74873547e+01  4.99472332e+01
  1.75321915e+02 -1.14764867e+02  5.73753418e+04  8.59830196e+01
  2.26726811e+01  6.64287285e+00  1.41107315e+01 -2.87171371e+01
  9.20807223e+01  2.21156680e+01 -2.73015097e+01  1.30211598e+01
 -2.09139165e+01 -1.20091028e+02  4.82083176e+01  6.24005398e+01
 -1.29887562e+01 -7.71772271e+00  2.92624138e+01  1.02829070e+01
 -1.26990326e+01  9.76112615e+00  6.24096248e+00  1.22018939e+01
  1.45031270e+01  1.22118250e+01  2.60646989e+02  5.16235798e-01
  5.38390321e+00 -2.36039461e+00  7.11336786e+00  1.69250989e+01
  2.69153555e+01  9.71045415e+00  1.87460576e+01 -1.96225361e+01
 -2.34470372e+01  1.73632505e+01  1.23179028e+01  4.91385691e+00
 -2.68423939e+01  1.09490925e+01  1.90986292e+01  1.21086129e+00
 -7.80313746e+00 -5.03088799e+02  1.44153457e+01  1.73575994e+01
  3.18553990e+00  2.32264978e+01  2.40734752e+01 -1.39320028e+00
 -3.32531779e+02  1.56663913e+01 -8.43834385e+01 -2.99271233e-02
 -2.73772460e+02 -5.49094789e+00  1.76826093e+01  3.99190046e+01
 -6.26917919e+04 -4.17118156e+01  1.16571132e+01  1.20775989e+01
  3.16768436e+00 -5.97915181e+00 -9.44902483e+00 -4.70286342e+01
 -6.64125276e+00  1.85346728e+01  9.85050790e-01  9.41532388e+00
  3.44680900e+01  1.13943960e+01 -1.26874934e+01 -1.15029010e+00
 -1.99707926e+01  8.57454103e+00  1.22388519e+01  4.15280043e+01
  4.04457133e+01 -3.79847980e+02  6.94149495e+00  1.80826939e+01
  1.61054420e+01 -7.81646100e+00  1.32248054e+01  7.99346776e+00
  1.19914901e+01 -1.17294506e+01 -1.19937596e+01  6.96986199e+01
  1.69300451e+01  9.16839768e+00  9.13605453e+01 -3.46512892e+01
 -1.01951529e+01 -3.68783543e+01  1.26288074e+01 -1.98703495e+01
  1.09448113e+01  4.45836459e+00  9.16228158e+01 -3.75299859e+01
  9.78099587e+01  3.90426889e-01  1.97066733e+01  2.33981277e+01
  2.12625436e+01 -2.96922399e+02  5.10422815e+00  8.71075916e+01
 -1.25668731e+00  1.41146593e+02  4.09566944e+01  1.39023793e+00
  1.15579027e+01  1.68170704e+02  1.34671372e+01  1.45828886e+01
  2.87131749e+01  7.95286536e+01  5.63032029e+01  1.75032820e+01
  9.83031239e+00  4.11344403e+02  4.69470337e+01  1.41491192e+03
 -9.02427942e+01 -3.23445830e+01  2.88392277e+01  1.78671578e+01
 -2.36839219e+01 -3.92830868e+02  4.75584674e+00  7.19719499e+00
 -1.23179100e+03  2.55771609e+02  6.52228588e+00  2.00388341e+01
  2.01824165e+02  3.49628322e-01  1.71114957e+01  3.95663677e+02
  1.97079553e+01  5.61927975e+00  1.37030642e+01 -4.62249585e+01
 -4.98202758e+02  4.32560281e+00  1.56058241e+02 -1.64906860e+02
  1.04384641e+01  1.45598111e+01  1.18816795e+01  1.11660425e+00
  1.40211080e+01  1.90122208e+00  8.08124844e+00  4.01727129e+01
  2.67484825e+01 -3.07651403e+00 -4.83015162e+01  2.14764266e+01
 -4.05236692e+01  1.86364282e+01 -5.30565755e+01  3.05507726e+01
  2.98815812e+00  2.11623064e+01  1.36065298e+01  7.17025293e+00
 -9.19065750e+00  8.15620755e+01  1.17037732e+01  8.74658698e+00
  1.59411597e+01  2.18615159e+01 -5.87937847e+02 -2.92264113e+00
  6.80448643e+02 -1.05595213e+01  3.30796956e+01  4.67832434e+01
 -1.27051223e+01 -3.57169333e+01  5.15972253e+02 -1.22515248e+01
  1.06396085e+02 -1.53791009e+03 -2.05644422e+02  1.78518304e+01
 -2.14880940e+00 -1.94120120e+01  7.30947072e+00 -2.93740788e+02
  3.75251784e+00  1.14471492e+01  1.17831940e+01  2.13887237e+02
  6.31006472e+00 -3.01070023e+02 -2.46561968e+02  7.22667514e+01
 -7.49838787e+02 -1.78332672e+02  2.36703381e+01 -2.23567790e+01
  9.22968508e-01  9.52154896e+00  9.35809802e+01  1.62545188e+01
  2.93290587e+01  2.29756163e+00 -3.63713289e+01  1.72694380e+02
  1.34605936e+01  2.70594142e+01  4.70369445e+00  1.42649345e+01
  8.90223944e+00  1.06593928e+01 -4.62288128e+00 -2.38341112e+01
  4.14761435e+02  1.40186637e+02  1.43395686e+01 -3.27876216e+01
  1.39630843e+02  1.04465021e+01  1.26130961e+01  2.41762302e+00
 -2.05061816e+01  5.56269260e+00  9.89057035e+00  1.47616119e+01
  1.40895560e+01 -2.72251369e+01 -1.64185574e+01 -4.07135623e+02
  8.53670119e+00 -8.36013229e+01  1.73756948e+00  3.10791328e+00
  8.39607816e+00  1.12140592e+03  2.65097307e+02 -1.64266538e+02
  6.38305356e+00  1.92648813e+00  3.74292042e+00  2.98272633e+01
 -4.93081359e-01 -8.77514192e+00  1.32448718e+01  4.46359987e+00
  7.59137100e+00  1.92284771e+00  7.96789054e+00 -1.68738487e+01
 -2.57710326e+01  4.56514835e+00 -3.64187472e+00 -2.09142937e+02
  1.13241640e+01  1.71058564e+00 -3.40027595e+00  1.09884224e+01
 -4.35890457e+01  2.45896473e+01  5.40640603e+00 -7.79649392e+00
 -1.31409416e+01  7.49742950e+00  1.70244226e+01  2.61880993e+01
 -9.79123774e+00 -3.16029936e+01  2.55375685e+01  3.79727572e+02
 -4.49305971e+00  1.83541916e+01  2.66386870e+02 -4.98777806e+01
 -4.05994066e+02 -2.17422979e+01  2.37335329e+01  1.30379780e+01
 -2.69863069e+00  1.19975541e+01  1.33762126e+01  9.27549440e+00
  1.53817111e+01  2.20107967e+01 -7.10272573e+01 -9.42891888e+00
 -1.29291545e+01  1.57473746e+03 -5.06708486e+03  2.43653451e+01
  1.25891089e+02  1.13316980e+01  6.04576687e+00  7.68874383e+01
  1.55644731e+01  2.71370917e+01  1.60712447e+01  1.02282839e+01
  2.91078783e+02  1.22549306e+01 -3.67764401e+01  1.13017172e+01
  7.89711886e+00  5.16442588e+00  1.17493124e+01 -1.36816660e+02
  1.08995528e+01 -1.67577544e+01 -2.54907837e+02  1.75931037e+01
  1.26066139e+01  1.32775496e+02 -1.19892063e+01  3.25915690e+00
 -1.32099540e+01  1.68085590e+01  1.13292575e+01 -3.73840472e+00
 -9.53873062e+00 -2.16058273e+00 -2.03580754e+01  7.16784239e+01
  1.26166270e+01  4.12238637e+01 -1.99575387e+00  2.93007445e+01
  2.45752143e+01 -2.58904318e+01 -3.85438825e+01  4.42855076e+00]