[[ 3.13125948  4.35322226 -4.99767246 -3.44902301 -2.07988264  0.36053555]
 [ 0.91481079  4.76902347  4.43262401 -2.33754616  2.84111742 -1.3954153 ]
 [ 4.16336571 -0.31857115  3.20853482 -4.88608747 -2.85291992 -3.71355554]
 [-1.5955594   0.35017323  0.66161035  0.83708618 -3.43575068 -3.40765067]
 [ 4.34447498 -1.49503135 -1.58419856 -4.04083836  2.84638394  3.39883108]
 [-1.69580985 -3.5288121   1.68926558 -3.93452746 -3.90527082 -1.70514315]
 [-3.03986636  4.53175179 -1.44437017  4.2980477  -4.12162942 -3.75388772]
 [ 1.10232927 -3.98071993 -4.836834    3.26588991  4.06210853  1.05402927]
 [ 1.06208141  3.28261353  2.32294959 -1.60601517  2.52304347 -3.2209904 ]
 [ 2.77133911 -0.46944034  3.27060226  0.21453761 -2.75928361 -4.02167731]
 [ 0.42996509 -0.50373023  1.29546923 -0.60721158 -0.4579003   1.56623515]
 [-0.99189663  3.00336303  2.62433328  2.3703978   0.51372001 -1.99484566]
 [-1.01712738 -1.26342842 -2.72110357 -4.25221205  3.9992804  -4.63276035]
 [-4.21664711  3.4460918   4.89162873  1.81910625  3.59543655  0.76949223]
 [ 3.79375671  1.00580015 -0.86789246  2.22914954  4.42386846  2.86757045]
 [ 3.53714375 -3.64392462 -1.52277929  4.11441635 -2.94615925 -3.32716394]
 [ 1.51350501  1.96434962 -3.13480958 -3.52006788  4.73372554  2.42478384]
 [ 4.88566504 -4.42358555 -0.18635731  3.30432644  0.69616749  3.25304604]
 [-3.38209796 -4.58478417  0.43465608  3.69130953 -2.02579075 -1.29795438]
 [-2.05913482  2.65021379  1.41471563 -1.86270815 -2.06494358 -3.55624186]
 [ 1.23398887 -1.76237026  1.19303278  4.6012748   1.13010688  1.43812431]
 [-1.51646319  0.50810681  0.37370897  2.84701559 -3.12484715 -2.48842336]
 [-0.34106089 -1.92951843 -2.98482834 -0.3330462  -1.68567482  3.47776433]
 [-3.1771688  -2.89637792 -2.73004035 -1.29501241  1.67808776 -4.16014387]
 [-0.06307271  4.63938175  1.38270779 -2.51082218  1.06509013 -2.67380696]
 [ 1.05766824 -3.39598627 -0.01208357  4.24217162 -0.30786046  2.38064895]
 [-3.56867725  3.21883233 -4.28175249 -2.8939491  -0.78453014 -0.40748402]
 [-2.66477761  0.71451235 -0.03934137  2.68618041  2.86560161 -1.53182889]
 [-3.49926393 -3.5853161   4.80181126 -1.00895705  0.76633544 -4.22529399]
 [-2.04206216 -3.54803098 -4.22007063 -3.54383004 -3.04907461  3.969726  ]
 [-2.91117058  1.43081819  1.18625058  3.15222001  4.91281567  4.72676085]
 [ 2.65378761 -3.14027215  1.24537459 -0.35831722  4.86694684 -1.55268585]
 [ 4.03266387  4.34835046  0.39002141 -1.86662587 -3.35562086 -4.59022011]
 [-0.75427782  0.89495084 -4.86280075 -3.46714553  0.22016033  0.49033342]
 [-1.27077102 -0.54357351 -3.20276214  4.60549876  0.84412229  3.10175518]
 [-3.60402387 -0.34722101 -0.90528744  1.71997706 -4.61776387 -4.34195038]
 [-2.34048873 -4.01010813 -4.79157364  4.65318172  0.33829487 -3.69557783]
 [-2.04138099  3.39231527  1.45664093 -4.9891685   3.09977071  0.38355691]
 [ 4.15460031  4.45274942 -0.8800484   1.20332308 -3.33314743 -4.18284695]
 [-2.72084835  3.47393932 -3.30434628 -1.96954024  0.4919719   0.50268733]
 [ 0.83097144 -1.43896001 -4.54943231  1.00005509  3.71088709 -3.99794797]
 [-0.23962396 -1.91144439  4.14642416 -3.07249654 -3.45090084  1.09644451]
 [-3.0158098   1.10098193 -2.69110511  0.89194688 -1.88732048  0.44598442]
 [ 3.29584275 -2.50161409  4.09107025 -4.77004135  1.21658936  4.59158818]
 [-3.6766253   0.46951778  2.75082948  2.95497869 -0.30575094 -1.58275747]
 [ 3.41762743 -3.2942064  -2.27038437  0.82587853 -2.13493187  0.03757628]
 [ 1.29689458  4.82782617 -4.88660603  1.0957528   2.99899689 -2.45306377]
 [-0.57703    -2.64592962  2.91377481 -4.61860081 -4.1529243   2.51545834]
 [-2.88132698  1.60105333 -3.92026102  0.53887272 -1.03289378 -1.38106096]
 [ 2.31105739 -0.0436104  -4.45355606  2.91030346 -0.3076806  -0.84797248]
 [ 2.90603452 -3.4026267   1.10089381  4.13561939 -2.0700736  -2.53430267]
 [ 2.99722783 -2.50622515 -2.15235924  1.7051131   4.74623238  2.54910238]
 [ 4.85353846 -3.26270788 -0.65983084 -4.94244497  4.54214025 -3.64329067]
 [ 3.82434103  3.08834879 -4.57628321  0.03282448 -0.75158031  1.89285659]
 [-4.91422479  1.49418255  0.48584708  4.9860819   3.84512922  4.32718098]
 [ 4.25307173 -0.80058428 -1.14751728 -0.1520121  -4.35970342  3.45518653]
 [-0.4207253  -1.0530239   4.07062321 -1.53147209 -3.0896246   4.45831785]
 [ 0.36841614 -0.45517579  0.63393652 -1.41203288 -0.42975102  3.22245512]
 [-1.89762541 -3.57952718  1.79331602  4.50308766 -1.9588377   4.57562353]
 [-1.82692384 -4.63602175 -2.17615694  0.66956764 -1.13169524 -3.56788379]
 [ 4.29768662  1.50602172  2.12565906  0.7093675   3.97529718 -3.61571017]
 [-0.73886189 -1.79688478  1.23238913  1.90572271 -1.53606144  4.72107752]
 [-1.11908252  1.9212631   1.46846722  2.83316665 -4.72515133  0.89283696]
 [-0.04280643  2.01174175 -4.3553319   2.34457195 -1.54624262 -2.13636629]
 [ 2.87653182 -2.7859294  -2.04927515 -1.94232857 -1.75649038 -3.75298765]
 [-0.83870999 -4.30670543 -3.6493261  -1.27958679 -0.48198983  0.28280272]
 [-2.21642206  1.38740961 -0.25755813 -2.9590984  -2.37359086 -2.2859251 ]
 [ 3.4961652  -1.30962045  1.47881823  3.76959287  1.779488   -1.52843579]
 [ 3.51933085 -4.70298651 -0.15298117 -3.18853957 -0.4416983   3.6632578 ]
 [ 0.57431352 -2.975273   -1.31618017  0.02852899 -1.6735331   4.09307626]
 [ 3.99373617  3.82476906 -2.59314593  0.03266355  2.61367941  1.79753955]
 [ 1.6810002  -2.24907081  2.63032961 -1.50372203 -2.23415082  1.24136911]
 [-1.80389298  2.58274213 -3.07130334  4.09813906 -2.1049534  -2.5765619 ]
 [ 2.43623213 -4.49608371 -4.1742062   2.21428535  2.53465572  1.08166941]
 [-2.49570939 -2.51330113  2.17037466 -3.25699016 -3.16083781  2.92967396]
 [ 4.74405776  0.10007303 -3.75476847  1.04355471  1.59414212 -4.58461133]
 [ 3.27569122  0.4827465  -0.34848281  2.58412606  2.09534995  0.20881199]
 [-0.11222165  2.76719348  4.25744169 -0.51298086 -0.3659918   0.5845435 ]
 [-0.23787362  3.95476598  1.78628833  3.54118787 -2.65269269 -2.64911295]
 [-1.56394249  0.19190282 -1.98669757 -0.89569518 -3.87556248 -0.37162235]
 [ 2.69494409 -0.39016199 -1.52150648  3.10956984 -2.41606905  3.44880779]
 [-2.06252496 -4.01089981 -3.38593279 -3.21457635 -3.00207328  1.60639994]
 [ 0.84748867 -1.52722886  1.72769727  3.84465894 -0.82055589  4.65272264]
 [ 1.28272122  1.1016987   3.64016512  4.1170517  -2.33604324  4.4934252 ]
 [ 4.49693866 -3.00462899  1.27315553  2.31112061 -3.31507759 -1.96729475]
 [ 1.21444834  4.31388337  0.4250405   0.07996656 -4.20038419 -3.30561537]
 [ 2.20680096 -4.96342711 -3.3299767  -4.78736883  3.30200705 -2.65158655]
 [-0.14485068  2.10583176  0.55521365 -0.55539669  2.40666174 -2.21848399]
 [-4.14338769  3.20265843  3.04753742  1.04808085 -0.10945221  2.31117262]
 [-2.6708618   0.99851577 -1.88748503 -4.71162973 -1.16021361 -3.02231843]
 [-4.87547166  4.52528163  0.30175774 -3.22918334 -3.3743237   1.70114443]
 [ 3.53170933 -2.57379728  1.28512066 -4.78150668  1.15797555 -1.41778985]
 [-0.38397021 -2.24147551  2.96829614 -4.56163473 -1.749997   -2.41691841]
 [-4.64946666  4.46836156  0.32455665  0.2517539  -1.46875561  2.47294992]
 [ 0.51926668 -0.61430974 -1.26298055 -4.04190003 -0.96157764  1.86347418]
 [ 2.30215711 -0.74112625 -4.62414984 -0.42030753 -3.21011422 -2.38366094]
 [-1.25552958 -3.2490679   1.78382816 -4.18742542  1.84960518  4.0285918 ]
 [-0.86274782 -1.26186827 -0.61531019 -3.04922809 -4.12319803 -2.40980835]
 [ 3.5261107   3.04279203 -1.92763787  1.6533603   1.89341282 -4.66158223]
 [ 0.94854294 -4.46559776  2.92070699  1.06840027 -4.61982889 -2.55475951]]
