[[ 2.5681401   1.95432508  0.65560557  1.28517948 -4.59486509  0.16773541]
 [ 4.01806722 -0.0281549   3.75993657  4.68783121 -4.99223861  1.33635294]
 [ 1.110089    3.35200197  4.38899458 -3.75226118  1.56114594 -4.9680543 ]
 [-4.45890091  0.62989527  2.09200695 -3.69167159 -3.2230822  -2.16259439]
 [ 3.19128929 -1.88869681  3.35244168  2.93332128 -0.65356668  4.05001656]
 [ 0.62348857 -1.66582262 -1.88958458 -1.53050838 -4.59655723  0.19281249]
 [ 2.40799658 -0.76852664 -4.51548672 -1.64976793 -0.9796185   3.43525712]
 [-1.86530378  1.78523029  3.47872973  2.06675057 -0.12378554 -1.51396713]
 [-3.66682466  3.35496829  3.42188709 -2.61431924 -4.56312259 -0.01153334]
 [ 2.8708014  -0.92413865 -3.9755413  -2.09973998 -4.61328691  4.68718781]
 [ 1.51770211 -1.01784504 -4.10116651 -1.16430325 -4.49687596  2.93054502]
 [ 2.5969397   3.63475678 -2.55410283 -1.83818596 -3.48015791  4.89144084]
 [-1.20260198 -1.43324003 -2.11384941 -3.9235781   1.99118754  3.00342794]
 [-1.18628417  3.37415748 -4.37773413 -1.20035179  2.94298245  2.83145967]
 [-1.463809    0.37871908  1.56331627  3.39475393 -2.83594047 -2.12596616]
 [ 3.78916015 -2.39912324 -1.09673814  0.70002646  0.52586519 -4.52250312]
 [ 0.76912812  2.34847166 -3.25358806  4.6519821   3.33715446  0.52877234]
 [ 3.74639947 -0.55718935  4.76763622  0.48107703 -3.31703149 -4.75725065]
 [ 0.55259725 -3.1149442  -2.26871672  0.75231123  0.92833719  4.17328672]
 [-4.45691736  3.56458952 -0.98286666 -4.76735171  1.96598548  1.40571131]]
