[[ 2.61501924 -2.42987705  4.57334374 -1.93077531  1.34047696 -2.62735541]
 [-2.73361736 -3.09480809  4.88197307 -2.20477637 -1.5386454  -4.31898743]
 [-0.11909324  4.48673378  1.10315543 -1.00395524  2.39552846 -0.8844724 ]
 [-0.35842391 -3.50331392  3.71667438  3.63956806  2.51281424 -4.8651371 ]
 [ 0.26681688  3.84300058 -1.55514853  1.666729    3.43201737 -2.78570261]
 [ 1.36518024  2.02225117 -4.96778788 -1.88369145 -3.81164896 -1.39046516]
 [ 4.01692396 -4.85032169  4.29313876 -4.41014295  3.48354956  0.8659397 ]
 [-1.91018327 -2.91099587  4.47327324  4.08423445  2.2147307  -2.72184967]
 [ 3.29182146  2.56795397 -3.06771499 -3.57768363  1.61899544  3.19325684]
 [ 2.98935372 -2.35110744 -3.96711854 -4.7744034   4.6910364  -1.44620192]
 [ 1.05033319  0.80057201 -1.4993176  -1.9792825   1.04446551 -1.30163709]
 [-0.36851901 -2.4842233   0.72527537 -2.67061233  0.50981455  4.76969435]
 [ 4.85805111 -1.5341395   0.13560065  4.5180103  -0.13827281 -2.84482205]
 [-0.57325574 -4.516937   -0.10703471 -3.07420781 -1.35232214 -3.42485505]
 [ 0.82219355 -2.1416249  -1.66399356  1.00408596  3.05437035  0.25546798]
 [-3.95026958  1.25977865  3.48950799  0.46270076 -3.56902473 -4.90267911]
 [ 3.13187627 -0.46032682 -0.79771564 -3.26068679  1.35198749 -4.92814565]
 [-1.73321467 -0.03405395 -2.71889769  1.29975613  2.82709116  1.12678666]
 [ 4.57632704  2.26237949  1.12469422  3.39345728  0.95047008 -2.46901695]
 [-1.74965567  2.75856584  3.16113203 -2.01123713 -3.41975716 -4.68261781]]
