[[-2.79712609 -1.2077985   2.90897736  4.86204261 -2.05792166  4.82977253]
 [ 2.53478793 -0.15815224 -0.3706509   0.69485132  3.58200769 -0.8742093 ]
 [ 4.77261088  4.09089994  3.0589863   4.73028597  0.50076359 -1.1015819 ]
 [-2.36560548 -1.69571902  1.73859916  0.68865906  2.68696438  3.54497442]
 [ 0.43644145  4.61465449  1.51237058 -1.32760342 -1.56399324 -0.95309408]
 [ 1.36008887 -4.43648928  2.57578941  0.22318276  1.16411145 -0.48175699]
 [-3.90465593  0.16517303 -3.97389483 -2.56769987  4.85845818 -4.04468123]
 [-2.77830975  1.49801524 -4.32738248  0.5249958   1.31092551 -4.37662271]
 [-3.42770782  0.63624378  0.07950083 -2.95710212  3.27045714 -2.89545229]
 [-4.6080238  -2.91630565 -2.17435035 -0.2272517  -4.30329202  1.01280865]
 [-0.29911671  2.28998859 -2.81657529  3.87893979 -2.86297169  1.77641688]
 [ 0.59640044  0.3031195   1.23776044 -3.54896862 -2.62513736 -2.14710807]
 [ 4.5723166  -1.5096216   3.95455855  4.96231518  4.82106038 -0.47478242]
 [-2.50537473 -1.08444827  3.41027576  1.79419476  2.78136177  0.56294339]
 [ 3.92889821  3.35998951 -4.30787624  3.51825602  3.67731403  1.24244359]
 [ 0.04494871 -2.39166326 -1.86371286 -4.02979896  3.361922   -3.79247529]
 [ 0.11386526  2.54167943 -4.7605122  -2.59876794  1.80548212  3.32698456]
 [-3.80400018  4.16416154  3.04516191 -4.29287717  0.05649005  3.44613285]
 [-0.61033768  4.28130262 -4.64452302  3.65481811 -0.15711102 -0.54382152]
 [-2.18849969  2.87319529 -2.78982443  4.00390098 -2.47356472 -3.69857027]
 [-1.6011768   0.60273213  1.87294526 -3.44429479  0.65932542  1.42186073]
 [ 3.6173922   3.36952736  1.9796477  -4.38187208 -4.91679043 -3.30474084]
 [ 2.0239651  -4.72420366  1.58396064 -2.47686155  2.24692142 -1.82546941]
 [-0.29744341  0.71446172  2.32746638  3.41727945 -4.39082042  1.8775836 ]
 [-3.5030345   4.69923098  3.44176568  0.42237516 -1.29374068  0.55731655]
 [ 1.44368478 -0.98830852  3.10589998  3.85338082  2.00131939  3.06264747]
 [-3.99659567  2.8926122   3.33339449  3.64939325 -4.73830183 -0.54243614]
 [ 0.76851586 -3.14051167 -4.81067991 -4.74365547  3.56005316  3.36041545]
 [-3.05660299 -1.58079672 -2.22637402 -0.9339778   3.08138835  2.19753198]
 [-3.38131723  4.05509077  0.79140654  3.55140668 -1.1071373  -3.30529359]
 [-4.68284731  4.788757    1.53582391  2.81508261  2.89806173  4.60949088]
 [-0.69687353  2.11508608 -3.92482601  1.41529383  2.10530659 -3.99135456]
 [ 1.08172761 -4.38062073  4.46648258 -1.19389985  2.68876559  1.99434139]]
