[[1.00000000e+00 3.57574720e-48 6.42582531e-47 ... 6.49195363e-85
  1.96823945e-34 1.00000000e+00]
 [3.57574720e-48 1.00000000e+00 5.24019286e-33 ... 4.24545547e-35
  5.41315993e-48 1.00000000e+00]
 [6.42582531e-47 5.24019286e-33 1.00000000e+00 ... 1.95302523e-64
  1.31558789e-06 1.00000000e+00]
 ...
 [6.49195363e-85 4.24545547e-35 1.95302523e-64 ... 1.00000000e+00
  1.57193053e-76 1.00000000e+00]
 [1.96823945e-34 5.41315993e-48 1.31558789e-06 ... 1.57193053e-76
  1.00000000e+00 1.00000000e+00]
 [1.00000000e+00 1.00000000e+00 1.00000000e+00 ... 1.00000000e+00
  1.00000000e+00 0.00000000e+00]]
