[[ 1.81486569 -1.13707942 -3.12378945  3.21011207 -4.2684508  -3.72041857]
 [ 0.37363465 -4.43892956 -0.23565063 -3.47739727  3.80017043 -0.35197023]
 [ 4.8814671  -0.3366037   3.2898889   0.13419641 -3.77388402 -1.71985646]
 [-0.60140802 -0.83383831  0.77330103  4.40643598  1.91818883  4.99119403]
 [-3.22766063 -2.97984402 -2.2894891   1.16251395 -0.69127772  4.65304043]
 [ 3.10501226 -3.41169078 -3.59309352 -2.86572733 -2.58755396 -1.07230515]
 [ 1.31956576  4.14226163  1.07093166 -1.50473254  2.67633021  4.15933236]
 [-4.92683824  2.64681287  0.53064391  0.08572213 -0.25087331 -0.94362396]
 [-0.40431062  2.95041824 -3.75382     4.21045336  0.48478891 -1.14568496]
 [-2.03449482  1.0501738  -4.28332558 -0.29003003 -1.54183776 -4.3522241 ]
 [ 1.2096273  -4.14129708  4.50046871 -1.90818244 -1.21302469  0.90202916]
 [-4.10555319  0.74950492 -1.81187009  1.65615921  4.25062906 -3.29828801]
 [-1.86211542  0.95596778 -1.85815173 -0.94097277 -4.75101851  1.12609359]
 [ 1.92811465 -2.75308925  3.0038455   4.58277302  0.09935699 -3.15159712]
 [-1.21880316  4.78096979 -2.46875593 -2.26694919  4.10812378 -1.3966963 ]
 [-0.78165757 -4.76393671 -1.29400468  1.0613242   0.01399039 -4.55110705]
 [-1.04192452  3.98684912  2.11892232 -2.08471142 -4.41869751 -2.83372529]
 [ 0.47253233 -2.38668663  0.95617125 -4.02926925 -4.97425335 -2.32683737]
 [-3.33481173 -4.49506712 -0.51436834 -3.69335201 -2.0147682   1.71679278]
 [-1.48774033  2.53926027  1.17086942  3.87184113 -2.91168387 -3.54990409]
 [ 4.67448167 -1.53412929  2.31211734 -0.57836961  3.33819555 -0.17783419]
 [ 3.36188067 -0.77061507  4.6880788   1.76251699  1.12740025  4.31613461]
 [ 2.20244022  0.0120792  -4.33320271 -1.81804636  3.06557931  2.66632583]
 [ 0.18437688 -4.87362728  2.4745116   2.5138326   3.52085228  1.22906354]
 [ 0.89768041  4.97770568 -3.32033024 -1.0994782  -1.34034597  1.64540912]
 [ 2.43448777 -2.09233693 -2.90445706  3.61046072  4.33923967 -0.48353932]
 [-1.72089528  2.26670065 -2.56433226  2.35414066  4.56912458  3.50275612]
 [ 3.52148921 -2.20184399  1.46089745 -2.37458947  0.30882721 -4.98380025]
 [-4.79188417 -2.59193018  3.66279372  2.04982635  0.61648273 -1.8544847 ]
 [-2.49650388 -1.95486495  3.13041162 -1.26680988  0.95010638  4.58844515]
 [-0.15439373  1.48210004  3.89270408  0.6008435   2.19305299 -4.0674534 ]
 [-2.8703024  -3.63345977 -3.94415995  0.27483096  4.97659794  2.36434371]
 [-4.44905492  3.54967413  3.5121073  -3.17295101 -1.67849202  3.01364928]
 [-4.61325399  1.82550742 -4.75495307 -2.60988207  1.59333582  2.47860986]
 [ 4.56418544  1.94721233 -0.03204168  4.74023716  2.46924763  1.37404624]
 [ 1.51420997  3.14503526 -2.82496898 -4.73003215 -3.23685027 -2.65808801]
 [ 3.65661209  0.21847972  1.55170818 -3.39531078 -3.55936349  3.2287442 ]
 [ 4.00792492 -3.80094286 -0.74987555 -1.44803315  1.3467011   4.1069536 ]
 [ 1.03333469  1.63324398  4.37120153 -4.30381376  1.80677256 -0.02102786]
 [-1.65508769 -4.04892849  2.67544241  1.31842438 -4.57591144 -2.10051612]
 [ 4.16791549  2.77590895 -0.999889   -4.2913939   2.15577706 -1.64486474]
 [-3.72272912 -1.48662965 -2.19247889 -4.53149693  1.16404898 -3.04605707]
 [ 4.34176027  3.29301899 -0.86732627  0.88713214 -2.2968181  -2.43479022]
 [ 2.8709613   4.44766173  0.39522027  2.69444102  3.2245611  -4.14418553]
 [ 2.07284997 -3.5736792   0.20512858  2.97021882 -3.3176657   1.98374746]
 [-3.82692966 -1.66713634 -1.53440769  4.91902467 -2.13567633 -0.78727088]
 [-0.81341371  1.3093443  -1.48626202 -4.9469592  -0.39651794  3.62835313]
 [ 3.91436118  0.55078261 -3.95475622 -0.25989891 -2.73201604  3.8538386 ]
 [-2.58757682  4.55739316 -0.26841755  3.39559613 -2.4274664   3.38634405]
 [-3.54600433 -0.44433749  4.15666013  2.79839894 -4.00142507  2.12491775]
 [ 2.96517186  2.174191    1.74734742  4.0021526  -3.6125271   2.79137041]
 [-4.14449313  0.30003053  1.8448304  -2.96727105  4.78689404  0.45016861]
 [ 2.59396075 -0.11772265 -4.64431797 -0.6643879   2.78633382 -3.81611129]
 [-2.95372024 -1.16806476  4.05131787 -3.81576416 -0.95440041 -4.70434746]
 [-2.34829018  3.60845778  2.83698049  3.55629542  3.76891528  0.40434291]
 [ 0.74299403  3.92543187  4.97275607  0.77753896 -0.99875347  0.65515124]
 [ 0.01865429 -3.17297263 -4.99997993  1.94622481 -0.56976741  0.15264635]]
