[[ 2.76683740e+00 -3.90291840e+00 -4.15235376e+00  3.11990202e+00
   1.84068422e+00  1.25504385e+00]
 [-1.96439127e+00 -2.32432073e+00 -2.96787448e+00 -2.00293188e+00
   3.58799160e+00  4.27378034e+00]
 [-2.99015100e+00  4.76654283e+00 -4.80327219e+00  1.17722730e+00
  -9.74683772e-01  7.20004391e-01]
 [ 2.23171437e+00  8.33830096e-01 -2.74607460e+00 -3.77762880e+00
   4.01264109e+00 -4.47995456e+00]
 [ 7.34541979e-02 -2.18448406e-01  4.83744387e+00  9.04028419e-01
  -4.90992736e-01  3.92354768e-01]
 [-1.31050289e+00  3.01027076e+00  3.57764908e+00  4.37196504e+00
   2.03983340e+00 -1.61794986e+00]
 [ 5.62007538e-01  1.91101540e+00 -1.68221969e+00 -4.62387782e+00
   1.69404432e+00  9.12219598e-01]
 [ 1.94967449e+00 -4.89854585e+00 -2.47767111e+00 -2.89227605e+00
   5.54038922e-01 -2.61751238e-01]
 [-3.35721202e+00 -1.65533498e+00 -2.44051542e+00 -2.44547384e+00
  -2.60340546e+00 -4.63962115e+00]
 [ 2.15659982e+00  4.05101029e+00 -4.46468386e+00 -7.65276552e-01
   4.64592055e-01 -2.47472715e+00]
 [-2.31464786e+00  7.59561790e-01  1.29166039e+00  2.12246400e+00
  -4.80011345e+00 -2.36664533e+00]
 [ 3.49299272e+00  2.67283676e+00 -3.99954563e+00 -1.19456673e+00
   3.20559132e+00  3.59524205e+00]
 [ 3.73153705e+00 -2.55531412e+00  4.16884544e-01 -2.73710819e-01
   4.69055820e+00  2.69776582e+00]
 [-4.31318463e+00 -4.23646371e+00 -2.02476432e+00 -1.33866490e-01
   9.52389092e-02  2.35326682e+00]
 [-4.28192298e+00 -2.17940690e+00 -4.71445245e+00  2.81962702e+00
  -8.08195174e-02 -3.26087805e+00]
 [-3.66315871e+00  5.77339480e-01 -4.16086063e+00 -3.95100091e+00
  -2.82983989e+00  1.15465595e+00]
 [ 4.04897647e+00  1.38273013e+00  4.50211288e+00  2.69321215e+00
   1.60281666e+00  3.54036682e+00]
 [ 2.93300880e+00  3.83741369e+00 -1.20140564e+00  1.03223180e+00
  -4.53332054e+00 -1.26848314e+00]
 [-3.89427329e-01  1.05264557e+00 -1.17509980e+00  4.86855282e+00
  -9.06150023e-01 -3.83583850e+00]
 [-3.83270770e+00 -8.10516277e-01 -4.42464166e+00  3.27207445e+00
  -1.30424679e+00  3.11411842e+00]
 [ 3.97055523e+00  2.21479436e+00  3.66569379e+00  3.37269665e+00
  -1.18732082e+00 -3.11987347e+00]
 [-1.82239011e+00 -2.90198786e+00  4.59281954e+00  5.76546677e-01
   4.46780743e+00  1.82615632e+00]
 [-4.94126451e+00 -1.42818216e-01  8.70291385e-01  6.59719747e-01
   3.12725591e+00 -4.25133583e+00]
 [ 1.84119557e+00  4.87019534e+00 -6.68625978e-01  3.78402015e+00
   2.93241434e-01  3.02109944e+00]
 [-4.68951377e+00 -1.89878207e+00  1.95463721e+00  4.07844723e+00
  -7.37983789e-01 -8.18685302e-02]
 [ 4.18478312e+00  2.03939466e-01 -3.65096359e-01  2.22708026e+00
   4.02210274e+00 -1.90569074e+00]
 [ 1.71305913e+00 -4.59463135e+00  2.62713685e+00 -3.61694075e-01
  -1.78773166e+00  3.20522103e+00]
 [-4.55769198e+00  1.86382289e+00 -1.58792826e+00  3.95515175e+00
   2.68225495e+00 -4.59949002e-01]
 [ 4.82622696e+00 -9.76218107e-01 -3.65153273e+00 -5.03548173e-01
  -2.22372891e+00  2.10801127e+00]
 [-2.18029857e+00  4.63783364e+00  1.86917672e-01  4.29062932e-01
  -2.23154035e-01 -2.85393986e+00]
 [-1.56336942e-01 -3.85492555e+00  1.52723186e+00 -1.21875651e+00
   4.43090624e+00 -3.97273040e+00]
 [ 2.29717865e-01  3.47084589e+00 -2.21776392e+00  1.86913858e+00
   4.83436759e+00 -3.51607093e+00]
 [ 6.78203493e-01 -3.72487851e+00  1.42562245e+00 -1.86859517e+00
  -4.65953453e+00 -3.43134159e+00]
 [-2.65242485e-01 -1.60457829e+00 -3.49374646e+00  7.25378846e-02
   3.85385158e+00 -1.12868379e+00]
 [-9.70939512e-01 -2.75359306e+00  2.77775340e+00 -4.44108992e+00
   2.49769946e+00  3.90195862e+00]
 [ 1.09656004e+00 -4.31061878e+00 -2.82395604e+00  2.39430763e+00
   7.74704511e-01 -4.31293768e+00]
 [-2.61924232e+00 -4.03737667e+00  2.13921313e+00 -3.53321419e+00
  -2.33343726e+00  1.17192053e-01]
 [-4.83292110e+00 -1.34263714e+00  4.19680724e+00 -9.17096316e-01
  -5.13973017e-02  2.31121627e+00]
 [ 3.39891596e+00 -3.06676085e+00  2.26655097e+00  3.52698019e+00
  -4.01565337e+00 -1.74347275e+00]
 [ 3.75498524e+00  3.25280379e-01  4.11974259e+00 -2.65955705e+00
  -3.84343266e+00 -8.63368423e-01]
 [ 7.82240743e-01  2.16548756e+00 -3.04460478e+00  1.74012647e+00
  -3.64939359e+00  3.82995461e+00]
 [-6.85955281e-01 -1.08042523e+00 -4.99998389e+00  1.39862638e+00
  -4.19832717e+00 -1.37410903e+00]
 [ 1.31894076e+00 -4.54956317e+00  3.93547948e+00  2.55164578e+00
   1.25100039e+00 -2.10720689e+00]
 [ 2.67828972e+00  4.26740905e+00 -3.31766271e+00 -3.71172837e+00
  -2.93472655e+00  2.74962400e+00]
 [-6.06558552e-01 -3.37818463e+00 -2.17911176e+00 -2.19394021e+00
  -3.32346452e+00  4.40900858e+00]
 [-3.57713600e+00  3.14846696e+00  2.59822064e-01 -2.80586062e+00
  -1.54088493e+00  4.47423550e+00]
 [ 4.58894000e+00  4.79632721e-01  4.86173699e+00  3.43677110e-01
   3.00938145e+00 -2.30644071e+00]
 [-1.48062517e-02 -1.25614663e+00  1.00066424e+00  2.96316065e+00
   2.06492555e+00  4.67560570e+00]
 [-1.61344340e+00  1.65777581e+00  3.73667601e+00 -4.95741795e+00
  -1.95975222e+00  6.06670497e-01]
 [ 3.28163595e+00  6.52482434e-02 -4.59217371e-02  4.77869983e+00
  -1.44333440e+00  1.00395439e+00]
 [-8.37894617e-01 -1.92365762e+00  2.52335897e+00  3.61062365e+00
  -4.41269994e+00  3.44936222e+00]
 [ 1.50684083e+00  2.85232786e+00  7.15191157e-01 -3.28656983e+00
  -2.06196789e+00 -4.76264514e+00]
 [-2.36747931e+00  3.66846068e+00 -5.59905590e-01 -3.08117293e+00
  -4.97933016e+00 -6.24512522e-01]
 [ 2.36015751e+00 -5.43737904e-01 -1.39885909e+00 -4.78326525e+00
  -3.58451360e+00 -6.61302174e-01]
 [-3.97458535e+00 -3.19614207e+00 -1.01163910e+00 -4.43111904e+00
   2.31215571e+00 -1.00279702e+00]
 [ 4.87935536e+00 -7.45045914e-01 -1.78864329e+00 -5.26296451e-02
  -1.75212427e+00 -3.63383685e+00]
 [-3.06326590e+00  3.17388327e+00  4.95145532e-01  4.57007732e+00
  -2.70047255e+00  1.73269874e+00]
 [-2.87116254e+00 -4.81048440e+00 -2.18285054e-01  1.59121673e+00
  -3.17922414e+00 -2.94060624e+00]
 [-1.63893777e+00 -3.53323155e+00 -8.21234804e-01  4.66673053e+00
   4.92374420e+00  7.97488124e-04]
 [-4.05823931e+00  2.58474252e+00 -3.25384833e+00 -2.51783660e+00
   2.42656136e+00 -2.67224534e+00]
 [-1.46873602e+00 -3.84200278e-01  4.36776641e+00 -1.45024039e+00
  -5.96718765e-01 -4.98699456e+00]
 [ 9.68532439e-01  2.33956216e+00  2.35112151e+00 -2.14842098e+00
   3.42010555e+00  4.80654875e+00]
 [ 4.44117226e+00  4.53653342e+00  1.16197490e+00 -1.51929733e+00
   1.47518339e+00  3.35046758e-01]
 [ 4.34943889e+00 -2.66567895e+00  3.00629713e+00 -4.04927545e+00
   7.44778765e-01  1.43349308e+00]
 [-3.29024277e+00  3.35849260e+00 -1.26153453e-01 -8.78180344e-01
   4.23851161e+00  2.47915032e+00]
 [ 2.49972304e+00  1.24263113e+00  1.65526292e+00 -1.74134433e+00
  -3.06324754e+00  4.87511858e+00]
 [ 4.71089359e-01  1.13899061e+00 -3.87051170e+00  4.15881775e+00
   2.85708395e+00  1.60617492e+00]
 [ 3.14456437e+00 -2.21754042e+00  1.83366361e+00 -4.22068095e+00
   1.16268763e+00 -4.04955413e+00]
 [ 1.39457459e+00  4.40138849e+00  3.42205474e+00  1.26068647e+00
  -3.88611331e+00  1.92698773e+00]
 [-2.48085323e+00  3.89980800e+00  3.27749841e+00  1.91262339e+00
   9.96438240e-01  4.08570651e+00]
 [-1.10986539e+00  1.53897197e+00  3.04207654e+00 -3.36809084e+00
   3.64164862e+00 -1.84678019e+00]]
