[[-0.25602847  0.90550753 -0.31837763  3.67236124  1.44796929 -0.74348102]
 [ 1.57614361  3.83616    -4.76655119  2.46469986  1.07570203  3.75468578]
 [-2.09542729  2.77442327 -4.81913971 -0.16406569 -4.89795497  0.33304784]
 [ 4.45350418  0.27142733  3.54968199 -1.60004424 -1.15974161 -1.05970394]
 [-0.80232353  4.66257715 -1.51826456  3.77384467  4.50201114 -1.19971568]
 [ 3.484406    4.68463172  1.70907696  3.39597252 -1.15997322  2.01092899]
 [-2.72256926  3.2305937   2.15194467 -1.67925738  4.87400954 -3.55779472]
 [ 1.06552817 -3.09025491 -0.08326903 -2.42225868 -0.31473005  2.52119591]
 [-4.08191561 -2.10631595  0.99812005  1.47951848  4.77687575 -2.60347021]
 [-2.31601768 -1.95693679  1.93191308 -4.55947873  1.64734252  4.73555188]
 [ 0.62184525  2.65264276 -4.45562071 -4.24194682 -3.57954049 -2.34503202]
 [ 0.11005629 -0.5979951   1.32493148  4.41914443  0.80587605 -2.34058939]
 [-4.43195874  1.47399587  2.71399924  2.01557397 -4.95404797  3.70575001]
 [ 2.99787319  0.44437228 -3.76220817 -1.48836782 -3.08585463 -2.89939757]
 [ 4.20918117  0.78525551  2.78091733  1.1207131   2.71069765  3.90202573]
 [-0.93191936  1.7932768   4.23350215  4.72146121  0.01911764 -1.59440616]
 [ 2.499598   -2.8921889  -3.78704391  1.12727021 -1.11598811  0.96153923]
 [ 1.50142818  3.74023673  2.28828698 -4.12821356 -1.35432742 -1.85764413]
 [ 0.35757558  3.9693959  -0.08745981 -1.10368837  1.54952434 -3.81091165]
 [-0.69680449 -3.10513281  1.72126469 -2.36622106  3.36938369  0.7435148 ]]
