[[-2.76727954e+00  3.08115130e+00 -2.66015907e+00  7.26971672e-01
  -4.78520524e+00  3.72783911e+00]
 [-1.00294034e+00  2.55945492e+00 -2.93162842e+00  4.09466573e+00
   1.08215697e+00 -1.88541739e+00]
 [ 5.88077476e-01 -2.26412440e+00  4.32762229e+00 -1.54489388e+00
   5.84230245e-01 -6.21289384e-01]
 [ 3.43395553e+00 -1.03247270e+00  2.09389652e+00 -3.95713198e+00
  -2.43115701e-01 -6.69909969e-01]
 [-3.61405795e+00 -1.79034661e+00  3.38136893e-01  2.50889680e+00
   1.87342991e+00  2.00953052e+00]
 [-1.42015665e-01 -9.51879823e-01 -2.07661075e-01 -3.54431041e+00
  -1.95535018e+00  1.74738151e+00]
 [-2.70957342e+00  3.67097549e+00 -4.29922078e+00  1.90795153e+00
  -3.36845219e+00  4.16725123e+00]
 [-4.32343626e+00 -2.15323494e+00  4.22919232e+00 -4.30043099e+00
  -2.43632703e+00  4.80589672e+00]
 [ 4.07458246e-01 -4.08378285e+00  1.55748414e+00 -3.95336694e+00
   2.19100337e+00 -1.05049996e+00]
 [ 2.57506405e+00  5.83332982e-01  4.50200367e+00 -2.34503223e+00
  -2.23932919e+00 -1.94147890e-03]
 [ 2.19521002e-01  2.76197742e+00  3.75052826e+00  1.29604802e+00
  -2.59109009e+00  4.93609886e+00]
 [ 4.37601171e+00 -1.48979379e-01 -4.70815316e+00  3.75126138e+00
   3.74380288e+00 -6.55682886e-02]
 [ 8.27700842e-01 -2.69442979e-01  3.61364583e-01  4.39572959e+00
   1.70291105e+00  6.61466421e-01]
 [-1.00735589e-01 -4.88469065e+00 -4.45998751e+00 -4.92991214e+00
  -3.89781308e+00 -4.15980099e+00]
 [-1.72853575e+00  3.19893077e+00 -9.63286907e-01 -3.00077038e+00
  -3.50586994e-01  1.26226670e+00]
 [-1.74846806e+00  1.67227022e+00 -4.03998894e+00 -4.66398073e+00
   3.22256320e-02  3.00188464e+00]
 [-2.02282255e+00 -1.37522619e-01 -3.46981038e-01  1.64170523e+00
  -1.55288767e+00 -2.54543197e+00]
 [-3.99011099e+00 -2.60645716e+00  3.44320296e+00  3.85833266e+00
   1.46321414e+00  4.04126414e+00]
 [-3.05115745e+00 -4.36068380e+00 -7.66217806e-01 -1.26852935e+00
  -2.62162013e+00 -2.11268959e+00]
 [ 1.99947713e+00  1.49377418e+00 -1.74637083e+00 -2.07214857e+00
   3.30323199e+00 -3.18510736e+00]
 [-2.27295750e+00  1.05040954e+00  2.05626564e+00  8.89470442e-01
   2.61805650e+00  3.40949039e+00]
 [ 4.36308301e+00  2.49283020e-01  6.36928526e-01 -2.78075652e-01
   4.38830870e+00 -7.56954393e-01]
 [-1.67923396e+00 -1.75939740e+00  1.30351159e+00  4.43316607e+00
  -2.55914200e+00  2.52720779e+00]
 [-3.88709330e+00 -4.94900794e+00 -3.09902441e+00 -3.78883478e+00
  -3.18054368e-01  4.88417574e+00]
 [-4.73585817e+00 -3.55223332e+00  4.92449921e+00  1.98850651e+00
   4.16524824e+00 -4.30271347e+00]
 [-3.55349830e-01  1.60551419e+00 -1.71062464e+00  2.30577690e+00
  -4.57986274e-01  4.23560930e-01]
 [-1.27731613e+00 -2.54231401e+00  1.41329262e+00 -3.65756643e+00
  -4.10893614e+00 -3.23288670e+00]
 [-4.17245965e+00  2.34963848e+00  3.42984826e-01 -1.60865062e+00
  -2.66829895e+00 -2.86519948e-01]
 [-1.73706116e+00 -1.27927119e+00 -9.41499003e-01  2.12656612e+00
  -4.53507982e+00  2.42234597e+00]
 [ 2.97938424e-01  3.57329085e+00  9.60225963e-01  7.90049276e-01
   3.41239386e+00 -3.47050153e+00]
 [-2.79213125e+00 -3.37323741e+00 -3.43849509e+00  2.43976897e+00
   1.20887844e+00 -3.85951795e+00]
 [ 4.19583192e+00  2.39513866e+00 -7.92231673e-01 -1.19961412e+00
   4.42188916e+00  1.30618379e+00]
 [-1.50620341e-01 -1.65428591e+00 -2.07562192e+00  3.33860737e+00
   4.21831159e+00  4.65671382e+00]
 [-4.43233437e+00  4.47698265e-01 -4.21925811e+00  1.98421561e+00
  -1.93426879e+00 -3.39228046e+00]
 [ 2.99639010e+00  4.59523270e+00  3.63168988e+00 -2.59853439e+00
  -3.78662597e+00 -1.34630335e+00]
 [ 4.17500431e+00 -4.49211838e-01  3.43852754e+00  1.27140986e+00
  -3.75287216e+00  9.49088526e-01]
 [-2.41076813e+00  3.81884058e+00 -4.04337521e+00 -5.42549177e-01
  -4.52972272e+00  4.84020632e+00]
 [ 2.63454859e+00  1.73975300e+00 -4.43536325e+00  4.62365984e+00
   1.70400788e+00  2.31498172e+00]
 [ 2.80803693e+00 -2.04739073e-01 -2.99790223e+00 -9.35786078e-01
  -2.71758233e+00 -1.44002297e+00]
 [-2.00837394e+00  4.05514566e-01  3.58621367e+00 -3.32571331e-01
   3.44918211e+00 -4.15354015e+00]
 [ 4.19633739e+00 -1.13798871e+00  1.91385791e+00  4.90370267e+00
   3.70840841e+00  1.50606134e+00]
 [ 4.01667771e+00  4.96148423e+00  4.40118986e+00 -5.23391008e-01
  -3.69673174e+00 -1.61629731e+00]
 [-2.80623148e+00 -4.98749867e+00  4.78483431e+00  3.86578620e+00
   3.47180016e+00  1.49239330e+00]
 [ 4.55184277e+00  3.69639220e+00  1.90935488e+00  3.35395036e+00
  -2.62882283e+00 -2.75937742e+00]
 [ 4.92732044e-01 -1.77250282e+00  4.11739345e+00 -1.94294865e+00
   3.32968612e+00 -1.02079795e+00]
 [-2.01408707e+00  1.18484468e+00  5.92369069e-01 -1.82457668e+00
  -3.00263935e+00  3.15919569e+00]
 [ 2.37589390e+00 -4.23265576e+00 -4.75635078e+00  2.86493986e+00
  -2.67819442e+00  2.49377803e+00]
 [-4.83025483e+00 -1.42462782e+00  1.23682426e+00 -1.76805651e+00
   1.41430018e-01 -3.67892674e+00]
 [ 2.05411368e-01 -7.73239031e-01  5.78467855e-01 -4.93013536e+00
  -3.30140148e+00  2.67717315e+00]
 [-4.12708320e-01 -2.83742526e-01 -6.21481506e-01  3.72046367e+00
   3.18968613e+00 -1.74558539e+00]
 [-1.50439410e+00  2.17637972e+00  6.70151545e-01  1.02457268e+00
   3.80483658e+00  6.17836465e-01]
 [ 3.59949503e+00  4.69710031e+00 -3.45632218e+00 -4.98185614e+00
  -8.76369289e-01  3.58762280e+00]
 [ 7.36151334e-01 -2.92591162e+00 -3.66183868e+00 -1.45319426e+00
   4.74474423e+00  9.90259664e-01]
 [ 2.23131031e+00 -4.71889631e-01  2.20379866e+00 -4.01288360e+00
   3.01670709e+00 -6.58019684e-03]
 [ 3.29558900e+00  3.37296340e+00  4.39525278e+00 -4.24480667e+00
  -1.49092560e+00  8.94953239e-01]
 [ 4.23829432e+00  1.06679688e-01 -3.70294915e+00 -3.53544389e+00
  -3.05500471e+00 -2.54694174e+00]
 [-6.59332452e-01  4.89705427e+00  2.96844762e+00  4.46301280e+00
  -3.00009132e+00  2.26233239e+00]
 [-3.13866030e-01  4.45089561e-01  4.24173781e+00  6.86349578e-01
   2.99708759e+00 -3.65742669e-02]
 [ 2.03828813e+00 -2.11606370e+00 -7.30954053e-01 -1.12442186e+00
   3.71473939e-01  4.99785256e-01]
 [ 4.98045457e-01 -2.60972051e+00  3.30530717e+00 -4.75723451e-01
  -1.35601707e+00 -4.32369221e+00]
 [ 2.92827875e+00  3.60715707e+00 -3.48833109e+00 -3.66543763e-01
   9.43101655e-02  2.68235338e-01]
 [-3.55494600e+00  3.22446503e-01 -4.56480030e+00  1.33275114e+00
  -2.74330483e+00 -3.63885962e+00]
 [-5.78351079e-01  2.50405548e-01 -1.99062805e+00  2.89012629e+00
   3.09398403e-01  2.97671704e+00]
 [ 4.82200384e+00  1.70686939e+00 -8.05060016e-01 -8.52215754e-02
  -3.64169668e+00 -2.97954533e+00]
 [ 1.09130123e+00  4.83721152e+00  9.24200957e-01 -1.04756480e+00
   1.59550488e+00 -7.06849725e-02]
 [ 3.72128533e+00  4.29917299e+00 -4.66040317e+00 -3.59944638e-01
   4.23163980e+00  4.24441512e+00]
 [-4.38306333e+00 -3.90069638e+00  4.91561006e+00 -3.49242960e-02
   1.66450413e+00 -9.79464440e-01]
 [-1.18636786e+00  9.38227705e-01 -4.81866556e+00 -3.13437673e+00
   8.43247345e-01  1.52127490e+00]
 [ 5.63713840e-01 -3.65329797e+00  3.03531726e+00  1.22647334e+00
  -2.89599058e-01  1.73798725e-01]
 [ 4.02761325e+00  1.61055314e+00  3.25754957e+00  1.11745094e+00
  -4.45730726e-01  1.70207324e+00]
 [ 9.54663837e-01 -2.96839654e+00 -2.69977493e+00  3.29120487e+00
  -2.68056800e+00 -2.99964300e+00]
 [-1.14999080e+00  4.79616620e+00  3.20752001e+00 -4.90997469e+00
   3.31324734e+00  1.21296368e+00]
 [ 1.11072108e+00 -1.31247811e+00  1.12217081e+00  2.29345475e+00
   4.44343564e+00 -2.74694664e+00]
 [-4.84159384e+00 -2.06356656e+00 -3.72785371e+00  2.52461253e+00
  -2.23864035e+00 -2.05068896e+00]
 [ 3.06116003e+00 -3.01307202e+00  5.90674446e-01  1.97251440e+00
  -1.36065799e+00 -4.87502145e+00]
 [-2.04116548e+00 -4.15261565e-01  3.32009173e+00  4.40866547e+00
  -3.02103664e+00 -1.16997139e+00]
 [-1.91959362e+00 -1.03901806e+00  2.09952402e+00 -4.45928709e+00
  -5.20193823e-01  7.36454810e-01]
 [ 1.73953880e+00  4.74780400e+00  2.91971274e+00 -1.70359957e+00
  -3.96992996e+00  1.48823738e+00]
 [-2.54040054e+00  3.69657495e+00  7.58840551e-02 -4.37732725e+00
   4.55774490e+00 -1.90416664e+00]
 [ 3.90952592e+00 -1.99915383e+00 -2.02563493e+00  3.90904914e+00
  -4.95194750e+00 -7.10057006e-01]
 [ 4.49391091e+00  5.80472750e-01  3.39111033e+00 -1.75036037e+00
   4.78203632e+00 -3.45158650e+00]
 [ 4.89943741e+00  4.59961751e+00  2.90040810e+00  8.09299837e-01
  -4.34213883e+00 -4.24454986e+00]
 [ 3.90108003e+00  2.26926741e+00  2.13839995e+00  4.02258580e+00
   3.61839538e+00 -3.31988504e+00]
 [-3.77250606e+00 -3.56805980e+00 -3.54682789e+00 -4.61122386e-01
  -2.26593350e+00 -3.72131310e+00]
 [ 6.42600780e-01  1.90900236e+00 -3.76322396e+00 -4.51681397e+00
   6.50537013e-01  2.10816212e+00]
 [-1.52386902e+00  8.01904702e-01 -2.45285237e+00 -2.45407458e+00
  -6.20861494e-01 -2.35521551e+00]
 [ 2.79741021e+00 -3.34943561e+00  3.90469621e+00  4.46463061e+00
   2.28503550e+00  4.94532502e+00]
 [ 2.30846392e+00 -3.58441699e+00  3.60323044e+00 -3.01275618e+00
  -4.06920867e+00 -1.69557808e+00]
 [-3.12586698e+00 -3.20623006e+00 -1.61886881e+00  3.75403618e+00
  -3.84148295e+00 -4.42484688e+00]
 [ 3.29742649e+00 -1.14317213e+00  1.69968236e+00  2.79766206e+00
  -3.19826925e-01 -3.95058621e+00]
 [-8.30875964e-02 -3.34615277e+00 -1.97637284e+00 -2.83131569e+00
   4.96764757e+00 -2.62302279e+00]
 [-2.10385835e+00  2.69127919e-01  4.77973784e+00 -1.50639316e-01
   2.12867180e+00  3.13756576e+00]
 [ 1.26728937e+00  2.82327652e+00 -8.50784371e-01  3.05358076e+00
   9.58680132e-01 -3.48540988e+00]
 [-2.14614970e+00 -2.83485000e+00 -2.45740186e+00 -2.96191979e+00
   4.35344649e+00 -4.54360012e+00]
 [ 3.87587381e-02  4.46627470e+00  1.86489500e+00  6.15037052e-01
   8.51764772e-01  3.62904041e+00]
 [ 1.26719225e-01 -2.02465404e+00 -3.41002443e+00 -1.83902682e+00
   2.77684825e-02 -1.50021826e+00]
 [ 4.15830865e+00 -9.51397411e-03 -9.37807897e-01  1.90646447e+00
  -2.74650646e+00  1.81827145e+00]
 [-8.71551340e-01  3.02473114e+00 -3.44993861e+00 -4.60007865e-01
   4.43556807e+00 -3.52726541e+00]
 [ 1.68016748e+00 -3.48429245e+00  7.41561237e-01 -1.35841736e+00
   4.76391247e+00  3.74221621e+00]
 [-7.48787215e-01 -2.22078465e+00  2.13955230e+00  1.18362705e+00
   4.26189206e+00 -7.30107289e-01]]
