[[ 1.73455907  4.27224774 -2.17564267  4.08604678  3.37411516  0.24918399]
 [ 4.151811   -3.47492237 -4.00747042  2.46475832 -4.24330025 -1.7611181 ]
 [-3.22732551 -4.89190377 -0.09548408 -3.87316789  3.73564229  4.81322654]
 [-2.07449561  4.91338829  1.02735017 -2.75417802 -1.66700359  3.22579993]
 [ 4.19702667 -3.92911369  1.55607469  1.17353637 -2.60895114 -4.67624834]
 [ 3.49522089 -0.45570558  4.49911372 -1.95324496  2.65302034 -2.21393782]
 [ 1.24995193 -0.63975153  1.27099363  3.4654781  -0.31667407  0.419801  ]
 [ 2.5098541  -2.73433662  1.37088009  2.75312063 -3.21214873 -4.13490744]
 [ 4.51835203  0.74118433  3.61577261 -0.43675271  3.8816465   1.27348343]
 [ 0.46814399  0.77395371 -0.22504173  0.40192482  3.46033919 -2.65855444]
 [ 2.17782708 -4.25617563  0.76286386  4.45595331  1.90320081 -3.84866311]
 [-1.85482274  1.36886625  1.58692843 -0.16104788  0.75946246 -1.35137238]
 [-0.7432466  -3.44851734  0.0845743   3.18891274  3.80693343  2.59732277]
 [ 3.94374035 -4.76582197 -0.05249719  4.68980865 -4.3857795   0.34027991]
 [ 0.14400221  3.68215364  0.90417705  3.49492126  4.97673414  2.26827048]
 [ 3.07017606  1.01985758  4.39628883  2.92464173 -2.74725475  3.13995034]
 [ 0.02870863 -1.82828477 -0.16491676  0.02183428 -0.82325913  0.28762407]
 [-3.027364    0.83635217 -1.24789053  2.37408866 -1.86958933 -1.35191291]
 [-0.52059728  4.30587076  0.54578788  1.12594973 -3.46143471  1.17262327]
 [ 3.59931197  1.68823591  1.30433722 -0.42700875  4.35342011 -4.03637338]]
