[[ 3.52324636e+00 -3.91138033e+00  1.14858041e+00 -5.27328521e-01
   3.33649629e+00 -2.97974032e+00]
 [-1.53498439e+00 -4.26554461e+00  6.33332835e-01  2.82322763e+00
   2.06658402e+00 -1.56964340e+00]
 [ 1.08953901e+00 -6.46152001e-01  3.23273964e+00 -3.02485388e+00
  -1.70114086e+00  4.79958407e+00]
 [-6.69401366e-01  3.14083677e+00  4.28081937e+00 -1.28625332e+00
   3.15472933e+00 -3.96186942e+00]
 [-3.99349368e+00 -7.26631550e-01 -1.13440762e+00 -1.89529146e+00
  -1.73878633e+00 -2.37699254e+00]
 [-8.26108370e-01 -1.82275955e+00 -2.12299446e-01 -4.89512421e+00
  -4.05823453e+00  1.85720039e+00]
 [ 3.78249089e+00  3.52140482e+00  4.94544590e-01 -2.26525659e+00
  -3.23722354e+00  3.05651636e+00]
 [-3.25155494e+00  6.91769035e-01  2.41126010e+00 -2.07335459e+00
   1.66367257e+00  1.98881593e+00]
 [ 1.19317965e+00 -1.72482024e+00 -1.33740650e+00  4.10541668e+00
  -4.40714623e+00  4.45372236e+00]
 [-3.90769627e-01  4.55547372e+00  3.55555685e+00  9.21851303e-01
  -1.13412127e+00 -4.85620151e-01]
 [-2.16047600e-01  1.29434871e+00  4.69202600e+00 -5.46797270e-01
  -2.83670857e+00 -3.36984513e+00]
 [ 1.28485530e+00  4.68078357e+00  1.19042094e+00  3.97861804e+00
  -4.82520903e+00  4.67513401e+00]
 [ 1.15028606e+00  2.45838536e+00  1.12685148e+00  1.75247069e+00
  -2.73156391e+00 -7.03836527e-01]
 [-3.22888969e+00 -3.12275649e+00  2.68425340e+00 -4.90979986e+00
   3.42839994e+00  8.39063051e-01]
 [-4.17971831e+00 -4.75866119e+00 -2.17893294e+00 -4.79652602e-01
   3.70569289e+00  4.97057663e+00]
 [ 2.25860340e+00  2.42205609e-01 -3.27431420e+00 -4.26875460e+00
   3.53502886e+00 -4.72955792e+00]
 [ 1.74707206e+00 -2.79860476e+00 -2.23289904e+00 -1.76000066e+00
  -3.04873254e+00  4.97968946e+00]
 [ 2.82842209e+00 -4.37596922e+00 -8.41939452e-01 -1.00433439e+00
   6.72797097e-01  2.96128139e+00]
 [-4.95697201e+00 -1.23688503e+00  1.42047466e+00 -4.29879261e-01
   2.34135892e+00  2.74849714e+00]
 [ 4.76224471e+00 -1.22748416e+00 -3.86833552e+00 -2.20265033e-01
  -1.49882985e+00 -1.15180534e+00]
 [ 8.52273995e-01  5.13811297e-01  1.29098497e+00 -2.85526612e+00
   1.87886484e-01 -2.38260082e+00]
 [ 4.75326865e+00  1.06643292e-01  7.07966724e-01  2.73086099e+00
  -1.14672715e+00  6.77290579e-01]
 [-4.97029826e-01 -3.72499750e+00  1.28137985e+00  4.33849984e+00
   1.43842242e+00 -1.12095145e+00]
 [ 3.79549454e+00 -4.60493948e-02 -4.32299158e+00  2.87701922e-01
   1.58537190e+00  3.10435688e-01]
 [-4.27024590e+00  1.85931443e+00 -4.36108650e+00  1.66968451e+00
   4.03479966e+00  3.27028341e+00]
 [-7.66818588e-01  1.39347470e+00  3.34533432e+00  1.25787959e-01
  -2.11488090e+00  2.40195966e+00]
 [ 1.22766980e+00  1.28253104e+00 -6.38474373e-01  1.19415376e-01
  -2.13199339e+00 -2.90074152e+00]
 [ 3.48196604e+00 -4.21238068e+00 -3.73247532e+00  4.19259449e+00
   1.62012866e+00  9.42358012e-01]
 [-1.85821859e+00  1.42364854e+00  1.82592911e+00  3.09950712e+00
  -7.79118174e-01  4.27128523e+00]
 [ 3.30387122e+00 -3.38080696e+00  3.21271150e+00 -3.12176446e+00
   2.33060918e+00  2.34416964e+00]
 [ 4.64364988e+00 -3.55450080e+00 -4.46698963e+00  1.85824973e+00
   1.84956314e+00 -3.55537386e+00]
 [ 1.32811843e+00 -1.96987987e+00  1.78599847e+00 -4.01671815e+00
  -2.27269474e+00 -2.70439466e+00]
 [-2.18458796e+00  4.98853870e+00  2.91677184e+00  2.68987369e+00
   1.44067788e-01  4.47759734e+00]
 [ 2.59014523e+00 -4.88786570e+00 -1.49345990e+00  1.47272474e+00
  -2.73736399e+00 -4.44637052e+00]
 [-3.14117228e+00 -5.38371822e-02  2.80063996e+00  2.83711643e+00
  -4.18304701e+00  2.69021340e+00]
 [-2.55827428e+00 -5.81337836e-01  3.99910616e+00  1.17247937e+00
   4.46330879e+00 -3.22228074e+00]
 [ 3.23569558e+00 -1.30649637e+00 -1.82215632e+00  3.42284606e+00
  -1.63090374e+00 -3.28536710e+00]
 [-2.70620596e+00 -1.35366898e+00 -3.71404046e+00 -2.64022410e+00
   5.19772260e-01 -1.99739392e+00]
 [ 1.61553294e+00 -2.12895664e+00  3.90034083e+00  4.76975502e-01
   4.34125272e+00 -1.46300142e+00]
 [-1.94812241e+00  3.66619107e+00  2.48706280e+00 -4.75114558e+00
   4.08774417e+00 -1.01544987e+00]
 [-1.39902363e-01 -1.47714335e+00 -4.30015857e-01 -1.84493846e+00
  -4.70745525e+00 -1.00822976e+00]
 [ 1.28356387e+00 -3.02663421e+00 -4.70775753e+00 -1.70505209e+00
  -2.09444914e+00 -2.40145692e+00]
 [-2.96128267e+00 -6.96443682e-01 -3.11047454e+00 -1.41782982e+00
   3.61544219e+00  2.51248337e+00]
 [-4.28326193e+00  4.00101793e+00 -1.81651051e+00 -3.67676581e+00
  -3.92203163e+00  2.74287405e+00]
 [ 9.03925126e-01  4.21099846e+00 -6.77000099e-01 -3.70218901e+00
  -2.95492446e+00  4.69210837e+00]
 [-4.95892807e+00  3.68819173e-01  4.58314140e+00 -3.69090690e+00
  -3.81057262e+00 -2.31541463e+00]
 [ 1.87597594e+00 -3.29047042e+00  4.20619427e+00 -9.06201062e-01
  -1.39275260e+00  3.32279764e+00]
 [ 2.84907608e+00 -4.15240852e+00 -1.22270629e+00 -4.19073086e+00
  -1.23716149e+00  9.91514054e-01]
 [ 9.42701720e-01 -1.45909565e+00  3.73554163e+00  1.26168147e+00
   1.20280131e+00  3.09582761e+00]
 [ 2.33806428e+00 -3.66129205e+00  3.41192326e+00  3.95893380e+00
  -3.03106409e+00  1.65461100e+00]
 [-3.09202888e+00  4.19602450e+00 -4.93662577e+00  4.61456905e+00
  -4.60190810e+00  1.74358593e+00]
 [-2.24164584e+00  4.57008747e+00  4.93825395e+00  1.33946726e+00
   2.86929619e-01 -4.90253935e+00]
 [-7.40091200e-01 -9.80799816e-01  2.97882918e+00 -4.93652794e+00
  -1.33960584e+00 -3.82192964e-01]
 [ 2.55987303e+00 -9.47806481e-01  2.81956692e+00 -2.20285664e+00
   1.39105315e+00  4.00127683e+00]
 [-4.72540726e+00  3.32331260e+00  3.07341873e+00 -1.72463907e+00
  -8.67030985e-01 -4.58868234e+00]
 [ 4.95823666e+00  1.27352036e+00 -8.88941177e-01  1.93401513e+00
  -1.83614564e+00 -2.43146559e+00]
 [ 2.81186613e+00 -1.07475075e+00 -2.18124380e-01  1.24698622e+00
  -2.26332830e+00 -1.16581633e+00]
 [ 4.93463281e+00  4.73970860e+00 -1.08606042e+00  4.06485060e+00
  -3.19515230e+00 -1.66684746e+00]
 [-1.42086043e+00 -3.10077007e+00  2.81754986e+00 -2.34234425e+00
   1.64443372e+00  4.99232514e-01]
 [-4.23277690e+00  1.04305599e+00 -1.32933341e+00 -2.82778903e+00
   2.71215882e+00 -7.47006887e-01]
 [ 4.70541914e+00  3.39378151e+00 -2.75620758e+00  2.82666670e-01
   4.68938401e+00 -7.43599210e-01]
 [ 4.06558646e-01  4.32582470e+00  2.08256690e+00 -2.54584156e+00
  -1.91163577e+00 -1.28927595e+00]
 [ 1.12026489e+00 -8.47729277e-01 -4.59601933e-01 -4.27366949e+00
  -6.16509655e-01  9.93364728e-01]
 [-4.89300101e+00  3.12057180e-01  1.82432965e+00  4.61605985e+00
   2.74214631e+00 -2.03755759e+00]
 [-1.02479166e+00  3.12130621e+00  9.89538885e-01  2.08132198e+00
   4.66073861e+00  3.03818531e+00]
 [ 4.10374690e+00  4.31891261e-01  2.74144060e-01  3.71634897e+00
  -4.72799070e+00 -3.02624090e+00]
 [ 4.65070007e+00 -5.38250222e-01  4.38530430e+00  1.57325350e+00
   3.46957772e+00  3.33600519e+00]
 [-4.63434422e+00  2.36332566e+00  4.49286891e-01  3.20122336e-01
   2.10114925e+00  2.97829757e+00]
 [ 3.36119748e+00 -2.08165114e+00 -4.58300489e+00  4.28296469e+00
   1.38712764e+00  1.26531262e+00]
 [ 1.54144253e+00  1.93791228e+00  1.20528522e+00  8.84226279e-01
   5.24609086e-01 -1.07141401e-01]
 [ 9.15716132e-01  3.47825145e+00 -2.91285741e+00 -1.58694908e+00
   1.33252032e+00  1.77599112e+00]
 [ 1.02789940e+00  1.55930430e+00  3.23670294e+00 -4.07353760e+00
  -1.23113133e+00  4.33690681e+00]
 [-3.31560113e+00  1.73018403e+00 -8.80152284e-01  7.06906144e-01
  -1.24012153e+00  3.56627613e+00]
 [ 3.82347062e+00  1.89474531e+00 -1.87557913e+00  4.70781447e+00
  -3.05077318e+00 -1.13724605e+00]
 [ 4.05692872e-02  2.54828529e+00 -3.82806037e+00 -2.15104400e+00
  -5.06003255e-01  2.73998682e+00]
 [ 2.64156673e+00 -6.76137790e-01  4.19921688e+00 -2.56238185e+00
  -2.22694810e+00  2.17092441e+00]
 [ 1.64628475e+00  4.97561567e+00  1.90356968e+00  4.45994470e+00
  -3.95706497e+00  1.14048363e+00]
 [-1.77925958e+00 -2.29590769e+00 -5.01584921e-01 -1.70358538e+00
  -8.02600684e-01 -3.63714457e+00]
 [-1.78155641e+00 -4.68497385e+00 -1.18908595e-01  2.18232406e+00
  -2.31366906e+00 -1.56069428e+00]
 [-1.87554542e+00  5.89438741e-01 -2.37738147e+00 -1.71910996e-01
  -3.35630554e-01 -4.29895108e+00]
 [ 2.18099570e+00 -2.26680386e+00  6.18638182e-01  2.75481235e+00
   2.18370796e+00 -3.57641445e+00]
 [-3.72872407e+00 -2.73196949e+00  9.71352154e-02 -9.20834221e-01
  -3.83223189e+00  1.72033152e+00]
 [ 1.53046011e+00  4.31590876e+00  1.85193798e+00  2.23585236e+00
  -4.16891971e+00 -3.08875444e+00]
 [-4.52752862e-01  9.98553049e-01 -1.76616575e+00 -1.32982345e+00
  -3.68455925e+00  2.77502188e+00]
 [-7.64901118e-01 -1.65400719e+00  4.34527874e+00 -8.77460161e-02
   2.98039763e+00 -1.13202441e+00]
 [-2.01598571e+00 -1.02806254e+00  2.55446938e+00 -3.38339922e+00
   3.06450465e+00 -2.74965212e+00]
 [-1.68562716e+00 -2.81991956e+00  3.04971427e+00  4.41409863e+00
   4.32252304e+00 -1.87625075e+00]
 [-3.44723952e+00 -4.68562910e+00 -2.84607969e-01  3.06678289e+00
  -1.04473908e+00 -3.70268643e+00]
 [ 1.49100313e+00 -2.43472126e+00 -4.66520432e+00  4.52159649e+00
   1.59504818e+00  8.98082787e-01]
 [ 4.79325965e+00  3.39602668e+00 -1.40602152e+00  7.27326231e-01
   3.49648606e+00 -4.66436809e+00]
 [-4.81780149e+00  1.55704761e+00 -3.10708019e+00  8.31205947e-01
  -2.02494866e+00 -9.61093441e-01]
 [-3.27002665e+00 -4.96083631e+00  2.76078367e-01  2.28893225e+00
  -1.61300698e+00  2.52654251e+00]
 [-1.36669727e+00  2.20933439e+00 -1.10483690e+00  3.30874229e+00
  -1.95989522e+00  4.65801904e+00]
 [ 1.15053938e+00  3.50784689e+00  2.53337034e+00  8.52735911e-01
  -1.57761590e+00 -2.63076481e+00]
 [-1.96958760e+00 -6.41580922e-01 -6.04600833e-01 -3.50385211e+00
   3.83091650e+00 -6.61559482e-01]
 [-1.12525093e+00  1.43510634e+00 -3.80034108e+00 -8.08244732e-01
   3.18232293e+00 -2.62147308e-01]
 [ 7.24819332e-01  1.27469304e-01 -1.51281909e+00 -3.35438327e+00
   4.03119670e+00  3.58318525e+00]
 [ 1.85184863e+00 -1.46389917e+00  4.20846721e+00  1.10112709e+00
   2.21497543e+00 -2.83475398e+00]
 [ 1.01447469e+00  3.89666865e-03 -2.38866963e+00 -4.55023404e+00
   1.96597264e+00 -4.62420350e+00]
 [ 2.17181773e+00  3.16283217e+00 -6.36130845e-01 -5.50107140e-01
  -4.05785287e+00 -4.00237668e+00]]
