[[ 0.80784391  3.09117365 -1.78040375  1.93547519  3.7036694   0.31080498]
 [-2.32623822 -1.03218015 -2.93150068  4.23123044 -3.46838412 -1.00925927]
 [ 4.14482864 -4.56625698 -1.26657176  0.69879275  2.61844563 -2.03446151]
 [ 4.19573761 -3.27314385 -4.7035354   0.724094   -4.14429819 -4.99715712]
 [ 3.83768333 -4.1759543   3.15522549 -4.96805372  2.23395164  4.72211618]
 [ 2.81842312  0.4740661  -1.07357922 -4.87487695  2.98090911  4.87504853]
 [ 2.14953072 -4.48189257 -2.61468652 -2.03273753  3.59696249  1.67702185]
 [-2.47522608  0.07952164 -3.85167428 -4.69776635  4.86682426 -0.93907069]
 [ 2.99620925 -0.84056729  0.61700549  0.54694113 -1.41896957  2.90718362]
 [-0.60605632  1.53786538  0.57809411  0.08636706 -1.10328678  2.89125243]
 [ 4.59624135  0.92829255  4.70249006 -2.19999106 -1.02818064  0.21077912]
 [-1.71068436  2.14365513 -2.59393682 -3.05311286 -3.83559832  4.14141132]
 [-1.49680151 -3.04509685  1.79198815 -3.96979016  4.35862285  0.8856109 ]
 [ 4.49335593  4.35031565  4.36928886 -1.97713146  4.72741644  4.31799784]
 [-3.18014465  2.21176685  0.17130547  2.2649302   4.42951495  3.97792026]
 [-3.96424087  0.32471842 -4.01894527 -0.5114338  -3.75961078  3.90283971]
 [-4.9690742  -1.21253653  0.27375835 -3.72741263 -3.13657215  1.05423975]
 [-3.99200811 -1.65621063 -1.37452106 -4.08343198  0.02435176  2.04125145]
 [-1.53202051 -4.08961555 -1.37023375  0.07870698 -2.64560207 -3.91709305]
 [ 3.8529351   1.55335092  3.63494793 -3.95166394 -2.36604994 -0.42253944]]
