[[-1.2228459   2.2331786  -1.14190428 -1.51442343 -0.97338916 -1.71200733]
 [-0.10128676  1.08694862 -2.99153371 -3.09258848 -2.42110538 -1.24373175]
 [ 1.46402357 -0.60874009 -2.60154378  0.55635384 -3.79002659  4.96815389]
 [-1.82433049 -3.44706503  0.94196263  3.73927182  1.32378614  0.65756482]
 [ 0.41359491 -4.13700944  2.96689733 -1.89920877  3.154026    4.73620892]
 [ 1.86343615 -2.82711673 -4.46865388  1.45841906 -4.34045273 -4.9173374 ]
 [-3.20611949 -4.94279254 -3.04777245 -0.40177987  4.39970634 -4.83129838]
 [-3.31080367 -4.15835125  4.88735273  0.80836836  0.12831595  3.82056979]
 [ 0.1408861  -2.2052936   1.21154401  1.62601148 -3.20918177  4.91508659]
 [ 3.18945354  1.47734007 -2.70026521 -2.97031691 -2.12594618 -4.94898987]
 [-2.87174618 -0.4541463   3.09753662  1.51931434 -0.04670352 -3.99333606]
 [ 4.28182322  3.30653844  4.88715303  4.9064325   3.00481967 -2.52590799]
 [ 4.91205166  3.8956829   2.72982637 -4.77398746 -0.5004264   0.39010937]
 [-4.36170676 -4.48641948 -4.76786391  2.31261727 -4.36826352  0.56339251]
 [-3.65200474 -0.48066558 -3.27648383 -0.94343104 -3.14582371 -4.45029594]
 [ 4.35431534 -1.87330926  3.38407636  2.82901404 -2.70346764 -0.36701291]
 [-4.59270497  2.9320038   4.23406966 -2.40096182  0.06259212  1.23263102]
 [-3.60152268  4.1049731   2.17333856 -0.86466572 -3.31104554 -0.81608368]
 [-4.49186029 -0.27288408 -0.68525281 -0.05094826 -4.02466844 -0.36454067]
 [ 3.13737108 -0.27392236 -0.60565027 -2.31837811 -4.8224014  -0.56179596]]
