[[ 1.993235   -4.82374154 -4.58166073  1.94837339 -1.13468757 -2.32895473]
 [ 1.76229312 -2.10352823 -1.98129953  1.25248878  3.24813585  3.32493768]
 [-1.24896732 -4.07716452 -3.53460439 -0.72397898  2.66397244 -1.70193272]
 [-2.48835096 -0.38053964 -1.31103834  0.35448393  0.56066266 -3.46770221]
 [-3.03746975  3.11302164  3.72942054 -4.92074745  3.19565603 -4.68765064]
 [ 0.92664456  2.4744237   1.15524995  4.85709753  3.0138824  -2.57059536]
 [-4.47120254 -2.43349956  4.45485863  1.79302077  4.12933649  1.14564473]
 [ 0.15719247  4.32588415 -2.88061098 -3.06122082 -3.28613106  2.01646837]
 [-3.71859948 -1.17849934 -4.12491035  2.9991596  -2.97288712  2.39549344]
 [-4.63629031 -0.23812418 -4.51743211  3.01895165  2.60138172  2.30328954]
 [ 3.37373169 -4.65928261 -0.77453196  4.82881817  1.10117204 -4.42574646]
 [ 1.84249306 -3.4585119  -4.71841116 -1.77959122 -4.06163051  1.00579156]
 [-1.38481697  1.54570565  2.82476941  3.70506831 -3.65089074  0.74067926]
 [-4.89800792 -0.8665478  -4.85732423 -2.20029646  2.89076666  4.01176456]
 [ 0.82294167  0.01916106 -0.98339782 -1.02897509  0.02528887  2.98455692]
 [ 2.8018107  -3.52465654 -4.10726687 -4.17574476  3.09633854 -4.23122727]
 [ 2.78189639 -1.21568412  1.55427413 -2.79700098  4.27418446 -2.58402574]
 [-2.35868276 -3.21746434  0.53269971  2.10218077  3.05496026  0.2480594 ]
 [-0.37660052 -0.50761746  3.0688538  -0.97820853 -3.41956812  3.36538879]
 [-2.54154288 -4.21077432 -2.87869021 -0.58722347  1.04822484 -1.65528527]
 [-4.2830121  -2.01355955 -0.76876188 -3.80909469  4.37307595 -1.22910551]
 [ 1.19387058 -3.08845693  4.90236775  0.82775604  0.43160633  1.38769182]
 [-2.89110344  0.71825381 -2.76042811 -2.98816138  0.41363136 -1.13544733]
 [-4.97769366 -0.90541583  2.87649633  3.01201164 -2.82576479 -3.35052555]
 [ 4.05644627  4.37605896 -2.97381273 -1.81695051 -1.1910734   2.57149071]
 [-3.89698735  1.64209361 -1.57094028 -3.49068917  1.94297712 -1.08310518]
 [-1.53358796 -0.61922111  2.00956401 -2.091316   -0.77625218  0.16388887]
 [-1.88927145 -2.2607481  -1.69261638 -4.56091021 -0.78104338 -4.99363143]
 [-2.89915133  3.71181025  2.25077772  3.88256997 -1.61207531  4.22316372]
 [-4.10786399  2.70773574  0.54406616  1.46731697  3.23303493  4.3020216 ]
 [-4.57721936  0.762329   -3.37939099 -1.10977913 -4.46661114 -1.55983448]
 [ 0.01941887  1.36083228  4.55338259  3.42006426  0.65796218  0.53690558]
 [-1.59974836  1.77424349 -1.40357854 -0.29316356  1.95365202 -0.57319417]
 [-0.84360727 -2.11715042 -4.17327415 -4.07609981 -1.86727018  0.2049982 ]
 [-0.93950869  0.80547017 -4.42882443 -0.20935861  0.02665588  2.30521775]
 [ 2.26050412 -3.63652868  2.39698231  2.16791669  4.62029907 -2.57802873]
 [-0.91192972  0.01302631 -1.48527895  2.65330099 -4.28769324  0.82920981]
 [-0.15232028 -0.75879334  0.07719431 -1.89600533  3.5097445  -2.17162169]
 [ 2.82429926 -2.1308788  -0.05386944 -4.68622437  4.06684642  1.63571719]
 [ 1.45149698  4.18951554 -4.15025947  2.77359762 -2.32137654  4.55165905]
 [ 3.81577948 -0.09663776  2.34948161  0.1989095   3.91772573 -3.20703201]
 [-3.24253912 -3.69232051 -3.7704622  -0.31107925  3.32244446 -3.78198694]
 [-3.01291051  4.17577145  1.80017717  2.87109655 -3.42471941 -2.73302169]
 [ 3.33303954  4.43473901  4.06572856  0.86327447  1.20872981  2.05769248]
 [-2.8922629  -4.88241031  4.29483997 -3.83222243 -4.03482171  0.48999498]
 [ 3.19480708  2.95454015  4.66334302 -2.4184814  -0.15173349  1.84542085]
 [ 0.40942955  4.7395024   2.61712386  4.66764224  2.08837478 -0.01445622]
 [-2.23596557  0.42077822  3.09572319  1.92838908 -1.01194191 -3.83476746]
 [ 3.46515528 -2.66932098  4.46037364 -1.20087072 -3.54811701 -1.26235716]
 [-2.04536754  0.21818674 -0.99184256  3.26766545 -2.66438244 -4.85619514]
 [ 1.00958242 -2.03291688 -3.26136591  1.806677    4.71848331  2.33105059]]
