[[ 51454.77078998]
 [-29101.55417869]
 [  7836.06967687]
 [-31748.59389346]
 [ 15209.27799853]
 [  8775.50049177]
 [ 14316.29242636]
 [ 28214.69789861]
 [  3599.91131736]
 [ 17291.19851107]
 [ 89378.15448297]
 [  1457.95358815]
 [ -6066.57611623]
 [ 29047.74248477]
 [-36061.63488218]
 [ 24566.12615487]
 [-27012.2786116 ]
 [-18744.90981861]
 [-33557.7726623 ]
 [ 17569.80626255]
 [ 17790.69846691]
 [-32103.57368747]
 [-22104.83670852]
 [ 44269.87012415]
 [ 29268.50485052]
 [ -5551.02790312]
 [-32495.76588238]
 [ 18346.50777917]
 [  7050.19024756]
 [-11490.54548851]
 [  9295.51526263]
 [-23206.11105837]
 [-33822.51960593]
 [  6175.31754768]
 [-33729.54594856]
 [-16915.42734948]
 [-23186.93955336]
 [-36214.00867904]
 [  8078.01740226]
 [ 21261.07324417]
 [-12769.91490588]
 [ 15238.48708839]
 [  4184.12356606]
 [ -7480.43094735]
 [ 54549.22390219]
 [-25779.65349083]
 [ 43992.87873147]
 [-31115.75838809]
 [-11548.54936793]
 [-16817.2283503 ]
 [-29592.75281883]
 [ 36313.64448363]]
