[[-3.3184865  -4.75161224 -2.55061172  1.87000846 -0.54223842  3.28019172]
 [ 3.29122479  0.49982388 -0.72493902  0.16028967  3.46886792  4.47805004]
 [-0.81404264 -4.00754571 -0.21265307  2.97808801  4.85508456 -1.36693227]
 [ 4.03290672 -0.26689725  1.17535695 -2.00729809  2.95169576 -4.96815911]
 [-0.25834065  4.59620031 -2.92472818  2.66654285  1.7970775  -3.3178819 ]
 [ 3.22880754 -2.31404161 -0.88117422 -1.4089037  -3.85743994  3.87718133]
 [-2.69431002 -3.13065254 -3.59136407 -0.80505028 -0.25829571 -4.11769316]
 [-0.97800185 -1.40894621  4.30000689 -2.43176085  4.33449039  1.59457619]
 [-2.14214643 -1.87815085 -2.23470105 -4.89574739  0.86752457  2.97287705]
 [-4.59094475  0.71506189 -1.69858014  4.31675041 -3.56212744 -1.15949148]
 [ 0.21198137  3.31292901  3.12284146  0.37185849 -2.5900479  -4.41888983]
 [ 1.90340694 -3.3122046  -0.02479614  2.33764954 -4.16644662 -3.7267853 ]
 [ 1.16756624  4.85132808  0.51823115 -3.63163394  4.04822337 -0.39693161]
 [ 4.86425154  4.16598584 -1.31227581  0.73004997 -2.2728981   0.25414723]
 [-1.5164364   2.53173479 -4.51835604  1.07702073 -3.03728375  4.13578266]
 [ 1.44513687 -1.02934858 -3.68939842  4.99607454  0.31315062  0.69898555]
 [ 3.64550837 -4.53601354 -2.94555533 -1.84595566  2.86451903 -0.7421497 ]
 [-0.07933521 -0.58365818  2.86228713  3.52172034 -4.51062258  2.08235554]
 [-3.24194937  0.98526543 -4.99996056 -0.302182    3.70769853  1.44717868]
 [-4.85619931  0.13651249  1.90631258 -1.00463619 -1.53449881  4.78625558]
 [-4.23984405  1.90559     1.26632431 -3.09201197  1.52848119 -3.16706358]
 [ 1.57448282  1.81222864 -4.30090083 -4.07914913 -0.89537865 -2.48496064]
 [ 2.77966559  2.592637    4.36441083 -2.67236403 -1.69334292  2.57572267]
 [ 0.82875156 -2.64323253  2.28419769 -4.46937354 -2.1684041  -2.67304633]
 [ 2.43200758  1.55080098  3.35369288  4.25752717  2.44336527 -2.1498115 ]
 [-1.72704374  3.18866264  0.32755591 -3.60722249 -4.94939452  0.04196404]
 [ 4.52412266 -3.89720638  3.81658637  1.25418474  0.62987755  1.18256456]
 [-3.91710795 -2.19654187  4.76460773  1.98145209  0.05635914 -1.65525574]
 [-2.48950207  3.95423322  1.81168144  3.69079077  2.19311309  2.71995195]]
