[[ -8796.94790904]
 [  9329.32084404]
 [-25894.86188178]
 [ 86839.55220957]
 [-36405.51900947]
 [ 11121.97837965]
 [  7842.49135369]
 [  3773.2058127 ]
 [ 91796.12281804]
 [-19269.44937036]
 [  2000.77529464]
 [ 33804.91596951]
 [-38290.47437735]
 [ 54102.16364019]
 [  -763.53966867]
 [ 15624.02593576]
 [-28036.2151971 ]
 [-30621.07579544]
 [-26104.69772233]
 [ 34397.19828171]
 [-39236.42086622]
 [-12866.24980692]
 [  4495.98541061]
 [ 70035.89814783]
 [-38443.02356134]
 [-28471.53186332]
 [  9179.51995612]
 [  1973.21207087]
 [-15506.22713418]
 [-27300.27144391]
 [-31293.97165873]
 [-24904.67957313]
 [-24942.05314134]
 [  9471.45788156]
 [-12139.80231834]
 [  1535.86354671]
 [ 21963.32474579]
 [ 42969.38658093]]
