[[ 0.95463027  4.72886457 -1.26155869  3.07882753 -1.87693985  2.15000484]
 [ 1.10227967 -4.58865079  0.8897486  -3.48985177 -4.92676089  0.03494686]
 [ 2.0405018   2.33721372  3.59880121  0.57576829  0.84110296  3.01455603]
 [-4.11996521 -3.8606323   0.58902725  4.13567102  3.93079183 -1.3429344 ]
 [ 0.60843865  1.6652586  -1.6531289  -4.77147049 -0.65818217 -2.45615314]
 [-2.74977545  4.49394149  0.39340483  3.70301469 -4.28486028  1.18395488]
 [-4.81255054  0.20642382  3.08538991  1.69897288  2.82318505  3.91113786]
 [-2.88549909 -0.56608577 -2.24870081 -1.20687202  3.81318758 -4.73043674]
 [ 4.18157353 -2.57653609 -0.67333842  0.10214111  3.01420403  4.31096633]
 [-2.5832455  -0.40928086  2.72781145  2.1702045  -2.79926639  1.77946525]
 [-1.74335165 -3.8816138   0.51899236  3.98043824  0.90670477 -3.28051859]
 [-2.30971664 -2.38356931 -3.39788765 -1.69005451 -4.19871886  0.62446787]
 [-2.7694511  -3.14242303 -4.82545108  4.92856797 -2.11956893  3.74732287]
 [ 3.52099942  2.61668375 -4.07953346 -4.77510191  1.84784744  0.84862718]
 [-0.70228306 -1.78420008 -4.41709248 -0.56085352  2.12200347  3.56673716]
 [ 4.06369059 -4.83094554 -2.75892217  2.60005031  1.49443258 -0.99705754]
 [ 0.8186796  -4.43171574  1.83315638  4.32784826  0.91929063  4.26775804]
 [-1.67661957  1.57569121  3.37145049  0.41594965  3.90477913 -3.85664292]
 [ 0.19156706  4.0898616   2.61162187  2.01178046  4.60406145  2.30624552]
 [-4.14092283 -0.21522361 -4.152269   -1.70689079 -2.84465342  2.43597791]]
