[[ 2.36700764 -3.3703785  -2.37068648 -3.90692622 -0.72163284 -4.65363566]
 [ 1.75072888 -0.80414347 -4.93046688 -1.52956022  4.86577462 -0.80576526]
 [ 2.28904598 -3.97496245  2.54519328  1.39230456 -2.43483795  1.69556044]
 [-0.88497547  4.86813822 -1.06892299  2.70362275 -2.90188967  3.35812456]
 [-4.44916544  4.16187188  3.74195585  2.11773119  2.63614629  2.92242001]
 [-3.08263807 -1.36285862 -1.33813709  4.9419964   2.46389655 -3.39370403]
 [-4.74233945 -2.6404746  -3.51507704 -2.21430096  1.32780413  2.39760694]
 [-4.47021845 -4.93673173 -0.09852761 -1.15698329  1.43345143  4.95485249]
 [ 4.43754117  0.85679694 -2.01258108  3.39138409  1.50820867 -0.54682879]
 [-4.46998488 -3.06516363  1.05273815 -2.26563481 -4.57009165 -2.36947179]
 [ 1.40254457  4.4201169   4.0849111   2.37059548  1.79749504  0.09217303]
 [ 3.09393688 -0.09930728 -3.04544934 -3.42909436  2.94992323 -1.41317702]
 [ 2.52124589  2.35542328 -3.85100203  0.69254601  3.26821071 -2.52342588]
 [ 1.18174445  1.96756343  0.78443943 -2.66585897  4.62416396 -1.38484336]
 [-0.36404606 -0.23513451  0.02341164  1.17849711 -1.42541299 -1.53618833]
 [ 1.37737127 -3.37217543  3.50970107 -0.13527436 -4.74446729  2.52747413]
 [ 0.63061217  3.58522755 -4.8082448  -3.41876311 -0.99361061  2.12631994]
 [-4.44787141 -0.8794545  -2.29416022 -0.1000725  -4.17907649  2.52110994]
 [-2.80082026  0.06312342 -0.64867678  3.5839301   4.69289241  3.53373497]
 [ 0.91292775  2.97047513  2.26433128  4.31613601  3.45239016  1.38078079]]
