[[-1.88261866 -1.37834204  3.73234348 -1.96590188  2.79776555  3.67332921]
 [-4.49235773 -2.7078634   2.66485792  3.3649136  -2.52253407  3.19838735]
 [ 0.01802392 -3.84506778  3.6659626  -3.41223886 -3.76256689 -3.58137608]
 [ 1.01847442 -0.569612   -3.38769492  4.71671891  3.14698057  4.14004721]
 [-3.50665258 -3.87531097  2.65432182 -3.11755979 -3.66280065 -3.80377161]
 [-4.05638211  3.69690767 -3.81743885 -1.7636865   1.73746926  0.8036417 ]
 [-0.68687967  4.52878784  1.75743007 -3.4346183   1.57337113 -2.85739918]
 [-1.41709419  3.59490616  4.45141332 -2.16273844 -2.40471555 -4.74749199]
 [-4.16370058 -1.33387584 -1.76922753 -0.48171072 -4.91682742 -4.89611383]
 [-2.30476414 -2.61296543 -3.00374544  3.14758574  3.8293674  -1.17264333]
 [-1.98128861 -0.2007468  -2.00171261  1.50582359  3.96079195 -1.35806286]
 [-4.64644324  0.28464609 -3.38915962 -0.17018257 -4.4894372  -0.14023975]
 [-0.09692616  3.78300901  2.68093505  4.8762682  -1.06349159 -2.55372089]
 [ 3.47141723 -1.47879059 -0.12206835  3.86036123  2.18223683  2.67765424]
 [-2.14076981 -1.16062632  2.49578033  3.26386876  2.28497803  2.81795895]
 [-4.32405736 -1.5595482  -2.04910191  0.42888898  3.19165998  4.50197721]
 [ 3.84914591  3.40826518 -0.55731032  4.84220285  3.90546044  0.37389633]
 [ 1.7605211  -1.23946219  4.63178558 -1.6733062   4.07550869  2.47179676]
 [ 1.67267015  3.64504481 -1.37274787  1.91523351 -4.49728012  0.03723928]
 [-3.79124262  2.81190238 -4.98179812  3.682462   -0.40979963  2.45824179]]
