[[-0.97125267 -1.4985202  -0.75142806  0.01886585 -1.48201605 -2.29845279]
 [-4.01889253 -3.22277563 -1.278691   -1.97365352 -0.98147134 -4.19262147]
 [-4.30944725 -3.0604853  -0.02443129 -2.8016083   3.44013672  2.15194023]
 [ 0.11464831 -4.05537511 -4.18922692 -3.35943907 -4.29125751 -2.3435764 ]
 [ 4.29118412 -4.04033266  1.75617792  4.60570674  0.97275719 -4.85236541]
 [-0.65178124  1.67916897 -0.28340829 -3.59335096 -2.80077776 -1.1055625 ]
 [-1.66080058 -2.92703603  1.72155563  1.42697422 -1.31669168  2.10571842]
 [ 2.37094969  4.79544719 -0.83147088 -2.51220991  0.08208515  2.62944975]
 [-1.08638443  2.16554539  1.88555313 -1.23330945 -0.37685538 -4.13479874]
 [-3.95359368  3.78886403  0.78899927  2.58725825  1.30105945  0.31146536]
 [-4.44831219 -1.34515367  2.76140946  4.84985191 -0.02994647 -0.55442492]
 [ 3.26387794  0.75653552 -2.11765378 -0.17699443 -2.17881686  2.43195073]
 [-4.8561704  -1.40426358  0.46803809 -2.9052314  -0.10795009  1.09429465]
 [ 4.22659947  2.32527629  2.03913695 -4.57088596  4.90207922  3.90610987]
 [ 3.81704668  0.91466664  2.50668299  3.70657181  0.78454746  1.98303575]
 [-2.78482849  0.87226153  2.47452042  1.29678555  0.7343183  -3.54530106]
 [ 2.62631965 -1.52809581 -0.16050808  3.29704762  2.29386719 -4.33627466]
 [-3.20014126  1.65017316  2.45338446 -3.74059987  3.46532047  2.25039938]
 [-3.93724274 -3.065055   -4.47211562  1.37750014  4.17390903  2.43094605]
 [-2.29474432 -3.42288385  1.10065275 -4.4687289   1.53065468 -0.5594794 ]]
