[[-1.6082624   1.43824652 -2.27973297  4.15727073  2.03103079 -2.27758968]
 [ 3.89453841 -4.19786074  2.13300088  0.14830163 -3.35590238 -0.45393033]
 [-2.02154645 -4.91821988 -1.47025834 -1.7760092  -0.49324455 -4.23745054]
 [ 0.19114538  4.81300811 -3.34191371 -2.33694549  3.42867935 -2.57036213]
 [ 4.00151094  2.76898363  0.30023146 -1.3678099  -4.63784152 -4.13764401]
 [ 3.51889162 -3.3207055   1.52227658  2.88721934  2.09458302 -4.89675084]
 [ 4.8915606   3.74785855 -3.0180676  -4.13103505 -3.4740656   4.69264983]
 [ 0.43624204  0.94565691 -2.9565223   3.15256627  4.41171177 -0.51365789]
 [ 0.37793231  3.27940946 -2.17818397 -2.42394315 -0.19462231 -3.41406922]
 [-2.03176944 -2.90501576  4.24090191  0.20777034 -2.79508104 -4.92097503]
 [-2.05511898  0.57200697 -2.35097715 -1.52484203 -3.54054855 -2.07985554]
 [ 0.86052033  1.29176327  4.73631998  4.73491806  4.20066272  2.08157182]
 [-1.0951467   4.96879888 -3.14381808 -3.34140699 -4.97040007  3.00060536]
 [ 3.56738763 -4.42654412 -2.86623482 -1.15714969 -1.70438281  0.86438433]
 [ 3.61453176  0.9062051  -3.65297493 -3.43647445  4.50653725 -3.47251098]
 [-2.67964559  3.62504522 -2.60459274  1.91651806 -1.07167568 -0.65151266]
 [ 4.42590393 -1.61485172 -0.15745201 -0.61072945  2.08820149  0.49857958]
 [-0.57548201 -4.30133808  0.15482671  3.29839752  1.62570321 -0.89765991]
 [-2.91181064  1.06265515 -0.59818641 -0.82716422 -4.69249447 -1.53748358]
 [ 1.08959076 -4.91451093 -0.39676445 -0.22725302  3.97098071  4.0952074 ]
 [ 3.17825737  4.98442835  4.50840553  3.98582891  2.03420389  0.53537263]
 [ 0.74811617 -4.50321928 -0.28461852 -3.77034569  3.93265009 -1.15751489]
 [ 1.53358434  4.07037691  0.07072037 -1.3584092   1.07007213 -3.37629733]
 [ 0.08264083  3.17657011 -4.97595251 -1.05853655 -3.70701647 -4.39939985]
 [-4.73088448 -3.44345597 -0.20322734  0.34537483 -3.49149433  1.94791133]
 [-1.7602112  -0.13400476 -4.32180541  2.69655836 -1.69589838  2.77946483]
 [-3.42165547  3.46895351 -1.31618505 -1.27056622  0.73502482 -1.53802396]
 [-1.74353085  1.25733411 -3.17484065  3.7167488  -3.30823865 -2.99801917]
 [ 2.45396996 -4.15310582  3.9920528  -0.02681657  1.50751831  1.49108003]
 [-2.84803732 -4.24349956 -2.65743456  1.91260541  3.86176168 -1.71073491]
 [ 1.57953832 -3.42343841 -3.7048073   0.64978635 -0.79839054  2.09590097]
 [ 3.41613937 -3.62671702 -1.18919418 -4.81376841 -3.31306508  0.43308423]
 [-2.13883259  3.48015559  4.16879005  4.37675674  4.54772746 -1.39153586]
 [-4.76134694 -4.06911514 -2.19388789  0.63377697 -0.80776607  0.52821622]
 [ 4.69738634  2.14062295 -0.23866287  1.24694117  2.99139107 -2.19926592]
 [ 1.71993062  1.425221   -0.57712344  0.35808706 -2.43021009 -3.00971658]
 [ 1.8364271   1.08196316 -2.91577338 -3.13300908 -3.03119626  4.0257178 ]
 [ 2.73715646 -1.06748594  4.79765708 -2.11462076  1.66651765 -3.4358539 ]
 [ 1.54071023  0.6426498  -2.70438647 -0.12145183 -0.65298196 -2.60653208]
 [ 4.21658856  2.90122104  4.04058185 -4.67831517  4.36824139  3.79211994]
 [-3.40628508 -4.84376919 -0.45069203 -3.93523827  4.35743018  0.72026813]
 [ 0.67885822 -1.11487348  0.41057647 -1.30625047 -3.55020648  0.30586405]
 [ 2.71012061  1.77158219 -1.98595873 -0.41908048  2.0530237   4.60685718]
 [ 1.68426657  4.87059591 -4.45140926  1.72906558  3.55649294  1.91894222]
 [-2.52332985  4.46340615 -3.54261664  1.57247041 -3.22644738  0.45457567]
 [ 4.84208824  0.22287489 -1.14832038 -4.52425013  0.18687094  2.68243525]
 [-3.77120649 -0.22462268  0.99158103  2.92531115  2.10464945  3.57379415]
 [-0.69390043 -4.40416392  3.72978864 -4.25301142  4.38324186 -3.60165561]
 [ 3.85156533  3.33315404  2.23647852 -4.25748867  3.1922148   2.45457773]
 [ 1.6823227   1.58509511 -4.19340934 -0.02793302 -1.74847804 -4.28746871]
 [-2.19017011  1.74989662 -0.86763577  1.30909479  4.26865648 -2.09734319]
 [-2.2810204   2.12425561  4.15026921 -0.1747026  -2.87704123 -4.60910481]
 [ 3.18286664 -3.60389852  2.55328656  2.00829314 -0.46096652  4.20451477]
 [ 3.17538028  2.04070743 -0.68400153 -0.30025967  1.74872496  3.7602595 ]
 [-1.07897499  0.03921601 -0.35797884  0.85111811  3.86436966 -3.09054777]
 [-2.50930455 -1.79661023 -1.23037449  1.97458534 -0.20185667 -1.59252713]
 [ 1.35407677 -1.30644094  0.53235203  2.59758316 -0.68216804  2.15988986]
 [-3.41594994  1.21448431  0.96912026  2.25343114 -3.07158441  2.03962121]
 [ 0.22071352 -3.92487011 -0.71688374  3.64229437  3.42911624 -0.57771068]
 [ 2.30889516  2.65201811  3.62458612  3.5819394   4.11919566 -1.60983105]
 [-0.18609604 -4.40077874  1.46124404  1.79998337 -2.26100317 -3.91757185]
 [-1.61064883  3.2479324   0.60204474 -1.43335412 -1.86819637  4.83398177]
 [ 0.89718925 -1.62677921  2.94800529 -2.79641896 -4.950392   -1.28475923]
 [-0.6442173   2.58582841 -1.50329262 -2.86328263  1.48714322 -4.05533331]
 [-0.65673369 -4.45206027  0.32674237  3.310734    4.43760002  2.89244816]
 [-3.94138382  2.86733472 -1.73646551  0.02610955 -0.2702884   3.18108655]
 [-3.93320202 -4.72991217 -3.97650027  0.97850454 -4.65938169  1.4132108 ]
 [ 0.95348022 -1.97462617 -0.13197225  2.29454267 -3.64254759  1.88156891]
 [-4.49917033 -3.33956018 -1.40261722 -0.70575529 -1.43216034 -2.56929944]
 [ 4.25188418  2.58070423 -2.15694818  1.08171682  4.35968069 -3.65453447]
 [-0.51440443 -3.76717638  0.08839917 -0.19475846 -4.17824775  1.86078371]
 [ 1.81574559  3.78339182 -1.17074123 -3.26909223 -2.68996823 -3.35492231]
 [ 1.36901723  3.4701372   0.2654829   2.77827273  0.44811459 -1.64459514]
 [ 3.89244067 -0.88312288  4.84517015  1.4927358   0.05177401  3.89828804]
 [ 2.7854457  -2.49150228 -3.23154503 -2.2182381   2.07837564  1.9705971 ]
 [-3.52576952  3.29236665  4.71280561  0.93902357 -2.18670606  2.1673675 ]
 [ 0.51475089 -4.82563832 -2.91420174  2.04025558  3.53331487 -4.41332118]
 [-2.04632949 -3.0971883   1.81892033 -2.75320607  1.38404946  3.51209739]
 [-1.79734584  1.94213242 -0.03544967  4.62363072 -3.48451979  1.54565374]
 [-4.91274802 -2.4416982   0.89890726 -1.16464524 -1.93611173 -0.02731681]
 [ 2.99150777  1.95832734 -4.60349448  1.42949765 -0.96889826  0.1686391 ]
 [-4.47603983  0.77831764 -2.24750053 -0.25173718  2.7671694   0.85181895]
 [-1.43467264  4.4641864   3.56649105  4.12085376  3.54172298 -4.16353332]
 [-0.33432629 -3.36107097 -3.39337581 -2.04715442 -0.92242015 -3.56022095]
 [-0.76770694 -3.85775794  1.29607669  3.67090686  4.67307263  1.45998431]
 [ 3.04729252  2.57985747  4.51272235 -1.38209984 -4.6950901  -3.62135082]
 [-1.44794656 -0.99963183 -0.69402118  1.89318736 -2.70176397 -1.6819613 ]
 [ 3.03392662 -0.62680897 -3.7251176   0.023502    0.92437389  4.82161866]
 [ 1.78426868  4.31584939 -1.70786681 -1.84615185  3.69286531 -0.6971726 ]
 [-3.34392061  2.73285527  0.29133891  3.88548341 -2.65283718 -3.36029405]
 [ 1.17448655 -0.7963185   0.96412285 -0.80173314 -4.18653576 -1.02505596]
 [ 2.72304762  0.05181974 -4.17044042  1.09953601 -3.96823543 -4.21844414]
 [ 1.56884728 -1.5640819   3.50786553  2.10812669  4.80265885 -2.66864468]
 [-4.25131409  2.05683958 -0.10033717  0.06736985  4.76042088  1.15220959]
 [-2.23648932  2.83694557 -1.80520795  3.3809923  -0.92032899 -0.4911219 ]
 [ 3.82481125 -4.82975324 -3.74071747  4.54292681 -0.05284223 -3.47783118]
 [ 4.54449391 -2.22038133  2.98985789 -4.15668983 -3.75108327 -3.24026638]
 [ 2.99904037  3.79513584 -3.63497088  4.46078762  2.92936749  4.61353954]
 [ 3.27433144 -1.44503887 -4.95531447 -2.18073555 -0.36901272  4.88002949]
 [ 4.72656165 -4.20385686  2.58526931  1.03765321  4.49113213  3.04035756]]
