[[1.00000000e+00 1.09054235e-49 1.31152747e-52 1.02883311e-53
  6.64419132e-59 3.77499032e-50 1.32640507e-58 1.00000000e+00]
 [1.09054235e-49 1.00000000e+00 3.30764597e-53 2.32396304e-59
  6.42648340e-61 2.59245771e-55 9.68634045e-59 1.00000000e+00]
 [1.31152747e-52 3.30764597e-53 1.00000000e+00 2.03899155e-56
  2.92984411e-54 1.34167663e-62 2.32186995e-50 1.00000000e+00]
 [1.02883311e-53 2.32396304e-59 2.03899155e-56 1.00000000e+00
  4.87187217e-56 7.72988020e-56 4.01000328e-57 1.00000000e+00]
 [6.64419132e-59 6.42648340e-61 2.92984411e-54 4.87187217e-56
  1.00000000e+00 7.61058915e-61 1.69254870e-54 1.00000000e+00]
 [3.77499032e-50 2.59245771e-55 1.34167663e-62 7.72988020e-56
  7.61058915e-61 1.00000000e+00 3.28073464e-61 1.00000000e+00]
 [1.32640507e-58 9.68634045e-59 2.32186995e-50 4.01000328e-57
  1.69254870e-54 3.28073464e-61 1.00000000e+00 1.00000000e+00]
 [1.00000000e+00 1.00000000e+00 1.00000000e+00 1.00000000e+00
  1.00000000e+00 1.00000000e+00 1.00000000e+00 0.00000000e+00]]
