[[ 2.74478312  3.94427464 -1.42330338 -1.06922321  1.82786885  2.3289189 ]
 [-4.98695127  3.10307372 -3.70717187 -0.67142162  1.20864345  4.88748444]
 [-1.65195244  4.71597509  0.62150082 -2.64252438  1.4039607  -3.03367916]
 [-0.63511371  3.13139631  0.12224716  4.74147358  4.59182758 -2.7621356 ]
 [ 3.04445207 -1.00282955 -2.70564353  3.20366878 -1.04715329 -1.5287953 ]
 [ 0.10729899  3.22122801 -1.8652953  -3.93070439  4.23305668  3.00632395]
 [-1.28643977  2.01641745  3.96817845  2.07387314  2.69254022  3.0883036 ]
 [ 3.51936995 -0.75131161  1.90968552 -3.28201266  2.83244735  0.09397439]
 [-3.79929663  4.63616428  1.02432681 -4.68103277  2.98695529  2.1409943 ]
 [ 0.42787489  1.91504404  2.03461004 -1.5569887  -1.17251096  1.33636311]
 [ 2.90679629  1.55285816  1.60319842 -4.81319524 -0.93567468  4.94050299]
 [ 4.25702763 -4.03773444  1.13905141 -3.75598453  3.78813784  3.17023593]
 [-2.44489509 -3.77339534 -4.65513588 -2.54135279 -4.47589247 -2.41398614]
 [-4.82748077  3.55103297  4.82179504  1.00884955 -2.63580321 -3.54299921]
 [ 2.46654177  3.6810903  -0.04986139  1.69365636 -1.61683903  1.09934587]
 [ 0.46076341  4.08847736 -4.85741985 -2.63119105  3.12504111  2.88907531]
 [-2.518026    1.95810615  1.05595717  1.63620735  3.07255232  3.51986751]
 [ 0.96736582  1.56903746  3.24587638  4.90137057 -2.77512368  1.63305979]
 [-0.72596052  2.76804841  4.15929302 -4.7328547   1.88146752  3.0574453 ]
 [ 4.87651372 -0.56871484  2.53595403 -4.56365516 -0.48511885 -1.9934015 ]
 [-4.58568191 -1.38721676  1.04450488  0.48790152 -0.02706074  4.95013594]
 [-3.69419001  3.14160223 -0.7622885   4.9180736  -2.10427605  3.84326221]
 [ 1.49985653  0.66527094  1.87486365  3.53420751 -2.18459884  4.89357928]
 [-1.57931064  3.76068215  0.52143068 -3.42353548  4.28560759  3.43365329]
 [-4.07766291  0.37183033  1.78882016 -0.2568365   4.58912976  4.0492962 ]
 [-3.97304367 -3.09244691  0.45090608  3.31014284  1.09097858  1.66894755]
 [-0.09313788  3.89954389  1.09359518  2.08796615 -0.22370871  4.17468911]
 [-2.58686016 -2.31000736 -0.75271671  1.33174789 -3.6691096  -2.76618511]
 [ 1.34208235  2.01058615  1.2995305  -3.27211512 -2.33258025 -0.65669727]
 [-3.59104173  3.83696528  2.58883652 -2.65468161 -0.73229158  1.6994259 ]
 [ 2.86749145 -4.24383272 -3.78247671  2.16588667 -2.56489488 -1.0814538 ]
 [ 3.51728278  2.74870007 -1.42989152 -1.31607924  0.63585668  2.81570904]
 [ 0.30902278  0.4120638  -1.02394141  2.30632742  1.60331206 -2.41324415]
 [ 4.76961656  2.67560571  3.06100381 -1.23814981 -1.62347661 -3.66542886]
 [-1.78756128 -1.99181048  3.25719553  1.03092382  1.69444378 -1.18471088]
 [ 1.7681472   2.40513347  3.76782388  4.41523247 -4.26982865 -3.52830162]
 [-4.36407626  4.9266406   4.2083107  -3.85148189  2.24586915  2.10135017]
 [-2.12765345  4.87908464  3.28421058 -1.25108147 -0.54298153 -1.74541094]
 [-2.04484331 -1.18109618 -3.18491431 -3.26749676  2.23986687  2.23448153]
 [ 2.86817877 -2.57550613 -0.24157291 -0.71554431  4.37035558  4.34856132]
 [-1.4678824  -2.13078997 -3.15580481 -2.09394478  0.27323712 -3.99589439]
 [ 3.10386331 -0.81513109 -1.34345473 -1.04784783 -1.19552482 -4.3820469 ]
 [-3.80448585  1.12025329  0.4913786   4.00437942  4.00531921  4.56491264]
 [-1.50387173 -3.9825213  -2.53873654  0.6488663   3.0135347  -2.56701212]
 [-0.76568737  2.52833516  0.94699794  1.75533245 -0.64814404 -3.38930375]
 [-1.07924978 -0.43476451 -4.71879064 -3.40744019  3.04583083  3.21024019]
 [-2.09748438  3.85810586 -2.09131913  2.2422095  -0.07181928  1.85469091]
 [-4.9831554   1.95512713 -2.4754149   1.89673869 -3.64154282  2.49207855]
 [ 2.54518298 -2.62205191 -0.81666851 -1.7044971   3.07910843 -2.34477384]
 [ 3.9512136  -3.42409063 -1.71096419  4.07502096 -3.26262334  3.74934821]
 [ 4.12276173 -0.61433819 -1.43640624  4.36214175 -2.07392941  3.12670308]
 [ 2.83559261 -0.90543603 -1.20932227  0.01767359  3.89901839 -4.85338804]
 [ 1.87209834  3.33748468  3.58328364 -4.36420953  0.71999319 -2.64366107]
 [ 4.68299092 -1.32666439  3.76814818 -4.29985719 -0.00929626  1.42480579]
 [-0.54399951  1.28249744 -2.69283248 -3.28172084 -2.57939087 -2.13571756]
 [ 0.41414437 -3.63714478  3.64075565 -4.62441499 -1.51158542 -1.23342454]
 [ 0.61852908 -0.4868071   2.55388427  4.09929609 -1.58582467  4.07773218]
 [ 0.58282341 -0.63383848 -3.50867725 -1.99981082  1.93011785  0.57550403]
 [-3.10141617  0.55363149 -3.34160388  1.84956908 -2.07366743  0.5861423 ]
 [ 1.3407095   0.47759275  0.35161219  4.8191022  -0.43385756  4.49053961]
 [ 1.21720787  0.94815643 -1.13830065 -2.27392769  1.23620104 -2.4813758 ]
 [ 1.37122294  4.13763738 -1.62357394 -3.76580231  0.39333777  4.35163533]
 [ 1.14559954  1.50232571 -4.9574555   2.46323523 -4.36489956  0.56053127]
 [-1.50824543  4.59095933 -1.73163743 -4.10747489 -1.5027713  -4.49855471]
 [ 2.51896685 -2.7985024  -4.01309423 -3.99567064 -3.15850793  3.85154488]
 [ 2.4547212  -3.02531213 -0.01744652 -0.2930564  -3.6359552   1.3443648 ]
 [-3.34797076  4.22692249  4.44517127  2.18070731 -3.68853428 -3.65941177]
 [ 1.45224435  3.82064744  2.86931618 -2.80332924  0.37071298  4.60759437]
 [-3.4839692   4.81118505 -0.99562244  3.35708957 -1.11883732  2.33826974]
 [-3.83255781  3.32952388 -3.90615483 -1.22561615  0.30552285 -3.79767199]
 [ 1.42677777 -2.32721739 -4.26041397  4.26609166  3.92822138  4.46285487]
 [ 3.10779246  2.60221349 -3.23518624  4.16388282 -2.29427139 -4.21032069]
 [ 2.46569097 -3.36970892  0.50402616  0.73668538 -3.55940147  4.01898789]
 [-0.42514822  0.36031477 -1.48767746  1.36056196 -0.78201443 -4.40293658]
 [-2.04734161 -1.24667717 -0.50163757  0.94981967 -2.55222946 -3.76576297]
 [-0.49430858 -3.39722248 -2.74132112 -3.93883297  1.09718101  4.65791485]
 [-4.08305202 -4.584117    2.27453204 -2.5482477   2.24396209  1.54795751]
 [-4.4309501   0.35450089  2.64660282  0.55883818 -2.72045064 -3.90831566]
 [-2.63988116  3.38669823  0.39310218  4.16131269 -1.8525614  -4.89867083]
 [ 3.15810825  1.88112449 -1.24198497  4.53936026  4.91802795 -4.65977268]
 [-0.15538855 -4.31847428 -2.94619108  3.39393333  2.86212811  4.18695521]
 [ 1.56223449  2.90391544 -2.52748646  2.67411883  2.8961243  -4.86172909]
 [-2.72570992  0.73316552 -3.6907079  -1.93311476  4.58940035 -0.41761821]
 [-2.60002038 -0.1039766   4.21716689  3.25258002 -0.28989068 -1.37653733]
 [ 0.24079909 -0.45268426  1.94054805 -4.22671774  0.9246235  -3.37535255]
 [-0.6396053   1.37275046 -3.67829389  0.07375829  0.67361992 -1.63702893]
 [ 2.40507278 -4.87781282 -2.58902008  3.5248865   4.94979764  0.35842684]
 [ 2.36595298 -1.25067045  4.3941883  -1.46296283  2.58165388 -4.61106067]
 [ 3.5950207   4.01189398 -4.86216031 -1.01905164 -1.55608898  2.89257126]
 [-3.94383302  4.96722267 -0.16331     1.71466766  3.71771317 -1.27569594]
 [ 3.38582212 -1.46435704  1.16856113 -2.29487482  1.49209224 -1.30025647]
 [-0.47024662  1.04362903  3.69686544 -2.35643334  1.85216523  0.40708496]
 [ 4.82195427  0.87229783  3.48471332 -3.49818234  3.39797044 -2.00909814]
 [ 2.91032991 -0.22420098 -1.55518647  3.01692783 -1.44184457  3.97327396]
 [-0.61685682  1.25807603  0.506337   -4.63785627  2.84212858  0.65297222]
 [ 1.92864599  4.97481376  0.09856809  0.52891085 -1.47191431 -2.54832605]
 [-2.55852116 -3.62728807  3.99707482  2.37680907 -0.54000327 -2.1563146 ]
 [-4.75189315 -1.12682598  3.57719243 -4.09929624  4.1876172   1.69601504]
 [-2.53654978  4.66612166  4.56363473 -2.46259743 -0.6464556  -1.39510535]
 [ 4.50181866  3.51869217  3.88163099 -3.12994184 -4.60970244 -4.34771399]]
