[[1.00000000e+000 2.65052610e-047 1.63622746e-049 9.11413583e-061
  6.72385577e-016 5.99056913e-021 1.31570021e-032 5.84287246e-028
  4.36449907e-061 4.70533169e-030 1.05300129e-057 1.16132565e-044
  3.47306977e-066 2.77551659e-029 1.17746843e-036 3.30432547e-038
  8.13580747e-046 1.36272425e-058 4.04974181e-058 7.00579917e-036
  2.45425097e-028 2.46583741e-033 2.40249989e-041 1.97534341e-026
  5.80899811e-015 4.27595069e-040 6.07044682e-041 3.22437440e-021
  1.00000000e+000]
 [2.65052610e-047 1.00000000e+000 1.76831269e-017 8.34858957e-048
  1.01889442e-016 2.40266140e-046 8.87183650e-045 2.73343760e-062
  2.60825586e-026 4.18919868e-068 4.66531203e-051 6.75188204e-016
  7.97440418e-035 1.94887042e-029 1.12877890e-049 6.77919749e-037
  1.64916203e-050 5.13499958e-040 3.89258866e-052 3.22296705e-051
  2.83430926e-095 7.26081517e-070 5.78774043e-015 3.19022912e-085
  1.15415783e-027 1.84751139e-018 7.95942990e-047 2.48998331e-041
  1.00000000e+000]
 [1.63622746e-049 1.76831269e-017 1.00000000e+000 1.21110334e-083
  3.05609016e-028 1.14030029e-062 4.94178711e-045 9.41183125e-074
  5.39832642e-045 3.53068736e-063 5.05639601e-059 7.94909516e-033
  7.54172564e-035 1.08469923e-030 3.99722436e-064 3.28703035e-068
  8.96890450e-028 1.75788894e-031 3.62276566e-072 7.23405201e-060
  7.13538876e-092 7.12053590e-053 4.62303628e-029 9.71656961e-078
  1.89590929e-040 2.43371462e-035 8.20661012e-052 3.43114971e-017
  1.00000000e+000]
 [9.11413583e-061 8.34858957e-048 1.21110334e-083 1.00000000e+000
  1.81682075e-053 4.37210631e-050 6.40778079e-070 2.31368813e-034
  4.03742849e-013 6.91595286e-041 2.97010479e-023 1.29307187e-034
  2.04169551e-048 1.21823659e-055 1.04546307e-055 5.41041301e-033
  2.33329117e-064 1.24515466e-035 5.22110736e-013 2.92556614e-018
  1.35847656e-064 8.44562874e-073 1.19586138e-027 3.34130161e-056
  1.31366008e-043 2.61839337e-039 4.02801071e-037 1.83646048e-077
  1.00000000e+000]
 [6.72385577e-016 1.01889442e-016 3.05609016e-028 1.81682075e-053
  1.00000000e+000 3.38963668e-021 1.82253981e-039 1.69223717e-045
  5.29670719e-042 2.87522075e-046 3.16127507e-048 9.60166918e-020
  2.50754811e-058 1.51695046e-036 2.51071114e-043 2.89851407e-038
  2.06763998e-052 1.89082952e-048 1.03563007e-063 4.96980116e-045
  2.26402102e-053 7.50038985e-046 4.02739467e-026 6.34322639e-048
  1.00251149e-014 7.01100494e-033 1.66315401e-037 3.10781324e-030
  1.00000000e+000]
 [5.99056913e-021 2.40266140e-046 1.14030029e-062 4.37210631e-050
  3.38963668e-021 1.00000000e+000 3.58646772e-085 1.47767023e-014
  8.77597223e-043 1.85677519e-049 1.57859812e-051 1.18646476e-057
  2.48740115e-095 1.53931652e-059 7.14616230e-069 2.77234653e-066
  8.09568513e-083 2.27780666e-069 7.01682091e-052 1.58490274e-056
  2.53366860e-066 1.87470790e-027 1.70763171e-060 2.66126025e-030
  8.59974310e-036 2.00760976e-032 3.07316201e-016 1.56464232e-049
  1.00000000e+000]
 [1.31570021e-032 8.87183650e-045 4.94178711e-045 6.40778079e-070
  1.82253981e-039 3.58646772e-085 1.00000000e+000 3.25099706e-080
  2.15412504e-072 1.33385757e-045 4.50366245e-072 1.59424535e-031
  5.37297733e-027 3.73439648e-015 6.51445357e-026 6.27073272e-019
  2.83779200e-024 2.98988275e-048 2.07045238e-067 9.62069175e-031
  2.58285803e-042 3.97696105e-087 2.24360079e-019 1.50235220e-076
  1.54188895e-021 7.46058227e-056 5.53038501e-092 2.63388632e-028
  1.00000000e+000]
 [5.84287246e-028 2.73343760e-062 9.41183125e-074 2.31368813e-034
  1.69223717e-045 1.47767023e-014 3.25099706e-080 1.00000000e+000
  5.52601433e-034 3.28464669e-034 4.14016844e-042 8.58551089e-069
  2.28618947e-076 1.35107614e-047 5.44896822e-064 2.85910534e-060
  3.70033573e-064 1.43532358e-054 6.34452049e-023 1.19336530e-035
  5.01348786e-058 3.67714245e-024 6.87480570e-058 9.54206529e-022
  1.54223215e-042 2.53836288e-028 3.69518562e-014 4.59100252e-046
  1.00000000e+000]
 [4.36449907e-061 2.60825586e-026 5.39832642e-045 4.03742849e-013
  5.29670719e-042 8.77597223e-043 2.15412504e-072 5.52601433e-034
  1.00000000e+000 1.15711418e-041 2.19936055e-015 5.47044906e-027
  4.93487005e-035 5.56473114e-048 8.52387076e-060 3.26557802e-050
  1.97638813e-047 8.59265455e-019 5.31269570e-017 1.03396388e-026
  2.25448168e-080 7.92899689e-050 1.63225442e-022 1.29905582e-057
  2.00371917e-042 3.46619986e-023 3.11259015e-019 1.13839250e-054
  1.00000000e+000]
 [4.70533169e-030 4.18919868e-068 3.53068736e-063 6.91595286e-041
  2.87522075e-046 1.85677519e-049 1.33385757e-045 3.28464669e-034
  1.15711418e-041 1.00000000e+000 3.30348267e-016 1.30114143e-038
  2.27064213e-041 8.86418742e-050 1.59881233e-029 2.82264090e-056
  1.27810295e-025 2.01330006e-027 4.16395343e-046 1.28221290e-011
  4.57488949e-013 1.51942935e-024 1.32938829e-037 9.87267509e-030
  5.42763483e-024 1.26402164e-055 1.69687150e-031 3.63742150e-031
  1.00000000e+000]
 [1.05300129e-057 4.66531203e-051 5.05639601e-059 2.97010479e-023
  3.16127507e-048 1.57859812e-051 4.50366245e-072 4.14016844e-042
  2.19936055e-015 3.30348267e-016 1.00000000e+000 1.21146036e-026
  2.87498032e-039 2.26188856e-067 7.58804724e-047 4.53542344e-066
  4.40813508e-040 3.07849008e-017 1.85680909e-038 9.38878449e-019
  1.41943598e-045 1.88469980e-035 1.01686082e-031 9.68475169e-049
  1.49014467e-036 2.69035645e-049 9.18956138e-021 4.57393746e-053
  1.00000000e+000]
 [1.16132565e-044 6.75188204e-016 7.94909516e-033 1.29307187e-034
  9.60166918e-020 1.18646476e-057 1.59424535e-031 8.58551089e-069
  5.47044906e-027 1.30114143e-038 1.21146036e-026 1.00000000e+000
  6.79845321e-025 4.12969951e-040 2.48425860e-029 1.39782158e-029
  3.12188484e-037 2.27240407e-026 3.06242998e-055 5.28606523e-027
  1.52650369e-053 4.66078486e-068 7.59190129e-007 1.30986950e-074
  1.60182827e-016 3.19191213e-040 2.05052371e-050 4.90510549e-044
  1.00000000e+000]
 [3.47306977e-066 7.97440418e-035 7.54172564e-035 2.04169551e-048
  2.50754811e-058 2.48740115e-095 5.37297733e-027 2.28618947e-076
  4.93487005e-035 2.27064213e-041 2.87498032e-039 6.79845321e-025
  1.00000000e+000 6.67733421e-024 1.93264649e-029 2.55918016e-038
  8.22226567e-016 2.31951786e-021 1.67817880e-044 4.89096193e-025
  5.01932040e-071 1.13965847e-075 3.05771096e-012 1.10718320e-094
  2.04588056e-033 1.68455537e-037 3.87466888e-067 5.17564896e-037
  1.00000000e+000]
 [2.77551659e-029 1.94887042e-029 1.08469923e-030 1.21823659e-055
  1.51695046e-036 1.53931652e-059 3.73439648e-015 1.35107614e-047
  5.56473114e-048 8.86418742e-050 2.26188856e-067 4.12969951e-040
  6.67733421e-024 1.00000000e+000 2.52783460e-035 4.17874065e-021
  1.46717107e-024 1.12275101e-041 1.01703689e-036 4.22597268e-032
  1.50345158e-065 1.91621428e-065 1.41635879e-019 1.35727203e-064
  1.14522157e-025 6.27308437e-022 2.51062514e-062 1.22043615e-019
  1.00000000e+000]
 [1.17746843e-036 1.12877890e-049 3.99722436e-064 1.04546307e-055
  2.51071114e-043 7.14616230e-069 6.51445357e-026 5.44896822e-064
  8.52387076e-060 1.59881233e-029 7.58804724e-047 2.48425860e-029
  1.93264649e-029 2.52783460e-035 1.00000000e+000 2.14899141e-032
  1.97026950e-043 1.10348291e-059 4.15258925e-068 1.34462172e-030
  4.07169447e-041 2.60307504e-063 2.53463007e-028 5.94626778e-088
  9.30778667e-009 8.75421431e-042 8.04117427e-066 6.00684762e-046
  1.00000000e+000]
 [3.30432547e-038 6.77919749e-037 3.28703035e-068 5.41041301e-033
  2.89851407e-038 2.77234653e-066 6.27073272e-019 2.85910534e-060
  3.26557802e-050 2.82264090e-056 4.53542344e-066 1.39782158e-029
  2.55918016e-038 4.17874065e-021 2.14899141e-032 1.00000000e+000
  2.68603976e-053 1.40291645e-056 9.42308847e-039 1.12240876e-026
  2.11217690e-057 7.14017055e-101 3.19107819e-016 6.77213510e-076
  1.57380028e-024 1.46090237e-040 2.80868755e-080 1.87756799e-057
  1.00000000e+000]
 [8.13580747e-046 1.64916203e-050 8.96890450e-028 2.33329117e-064
  2.06763998e-052 8.09568513e-083 2.83779200e-024 3.70033573e-064
  1.97638813e-047 1.27810295e-025 4.40813508e-040 3.12188484e-037
  8.22226567e-016 1.46717107e-024 1.97026950e-043 2.68603976e-053
  1.00000000e+000 8.27913954e-014 1.17013496e-050 7.18121966e-022
  6.39113773e-044 1.70836138e-049 3.62791427e-024 4.71182471e-055
  7.71022888e-037 8.08193256e-053 1.89938507e-058 5.55564873e-013
  1.00000000e+000]
 [1.36272425e-058 5.13499958e-040 1.75788894e-031 1.24515466e-035
  1.89082952e-048 2.27780666e-069 2.98988275e-048 1.43532358e-054
  8.59265455e-019 2.01330006e-027 3.07849008e-017 2.27240407e-026
  2.31951786e-021 1.12275101e-041 1.10348291e-059 1.40291645e-056
  8.27913954e-014 1.00000000e+000 9.20785751e-033 1.47357145e-017
  1.03795217e-054 8.57963580e-049 2.60779278e-019 3.28683390e-048
  8.67411541e-045 1.22321173e-048 1.01987828e-037 6.40602919e-031
  1.00000000e+000]
 [4.04974181e-058 3.89258866e-052 3.62276566e-072 5.22110736e-013
  1.03563007e-063 7.01682091e-052 2.07045238e-067 6.34452049e-023
  5.31269570e-017 4.16395343e-046 1.85680909e-038 3.06242998e-055
  1.67817880e-044 1.01703689e-036 4.15258925e-068 9.42308847e-039
  1.17013496e-050 9.20785751e-033 1.00000000e+000 1.24393881e-021
  1.32737347e-076 3.70175007e-064 3.72038488e-034 2.06035258e-047
  1.37959398e-054 5.61686014e-029 4.18636050e-036 3.03945482e-059
  1.00000000e+000]
 [7.00579917e-036 3.22296705e-051 7.23405201e-060 2.92556614e-018
  4.96980116e-045 1.58490274e-056 9.62069175e-031 1.19336530e-035
  1.03396388e-026 1.28221290e-011 9.38878449e-019 5.28606523e-027
  4.89096193e-025 4.22597268e-032 1.34462172e-030 1.12240876e-026
  7.18121966e-022 1.47357145e-017 1.24393881e-021 1.00000000e+000
  1.08807370e-023 2.29776487e-050 1.96098974e-017 2.54487638e-036
  5.61861705e-025 1.09373254e-044 4.91320161e-041 4.92106640e-037
  1.00000000e+000]
 [2.45425097e-028 2.83430926e-095 7.13538876e-092 1.35847656e-064
  2.26402102e-053 2.53366860e-066 2.58285803e-042 5.01348786e-058
  2.25448168e-080 4.57488949e-013 1.41943598e-045 1.52650369e-053
  5.01932040e-071 1.50345158e-065 4.07169447e-041 2.11217690e-057
  6.39113773e-044 1.03795217e-054 1.32737347e-076 1.08807370e-023
  1.00000000e+000 9.88269753e-053 9.96764583e-055 6.74314733e-033
  2.03392032e-032 9.44509295e-093 4.44098136e-067 5.08154615e-046
  1.00000000e+000]
 [2.46583741e-033 7.26081517e-070 7.12053590e-053 8.44562874e-073
  7.50038985e-046 1.87470790e-027 3.97696105e-087 3.67714245e-024
  7.92899689e-050 1.51942935e-024 1.88469980e-035 4.66078486e-068
  1.13965847e-075 1.91621428e-065 2.60307504e-063 7.14017055e-101
  1.70836138e-049 8.57963580e-049 3.70175007e-064 2.29776487e-050
  9.88269753e-053 1.00000000e+000 1.12185812e-069 3.47878108e-030
  5.33451098e-043 8.22277463e-047 1.07395293e-012 5.95746343e-029
  1.00000000e+000]
 [2.40249989e-041 5.78774043e-015 4.62303628e-029 1.19586138e-027
  4.02739467e-026 1.70763171e-060 2.24360079e-019 6.87480570e-058
  1.63225442e-022 1.32938829e-037 1.01686082e-031 7.59190129e-007
  3.05771096e-012 1.41635879e-019 2.53463007e-028 3.19107819e-016
  3.62791427e-024 2.60779278e-019 3.72038488e-034 1.96098974e-017
  9.96764583e-055 1.12185812e-069 1.00000000e+000 5.65280457e-068
  2.23156546e-018 5.56606005e-029 7.63620623e-052 2.31910139e-034
  1.00000000e+000]
 [1.97534341e-026 3.19022912e-085 9.71656961e-078 3.34130161e-056
  6.34322639e-048 2.66126025e-030 1.50235220e-076 9.54206529e-022
  1.29905582e-057 9.87267509e-030 9.68475169e-049 1.30986950e-074
  1.10718320e-094 1.35727203e-064 5.94626778e-088 6.77213510e-076
  4.71182471e-055 3.28683390e-048 2.06035258e-047 2.54487638e-036
  6.74314733e-033 3.47878108e-030 5.65280457e-068 1.00000000e+000
  5.44268985e-056 1.56507154e-071 1.12029506e-032 6.34935171e-040
  1.00000000e+000]
 [5.80899811e-015 1.15415783e-027 1.89590929e-040 1.31366008e-043
  1.00251149e-014 8.59974310e-036 1.54188895e-021 1.54223215e-042
  2.00371917e-042 5.42763483e-024 1.49014467e-036 1.60182827e-016
  2.04588056e-033 1.14522157e-025 9.30778667e-009 1.57380028e-024
  7.71022888e-037 8.67411541e-045 1.37959398e-054 5.61861705e-025
  2.03392032e-032 5.33451098e-043 2.23156546e-018 5.44268985e-056
  1.00000000e+000 2.29107081e-028 7.84058217e-042 4.44389718e-028
  1.00000000e+000]
 [4.27595069e-040 1.84751139e-018 2.43371462e-035 2.61839337e-039
  7.01100494e-033 2.00760976e-032 7.46058227e-056 2.53836288e-028
  3.46619986e-023 1.26402164e-055 2.69035645e-049 3.19191213e-040
  1.68455537e-037 6.27308437e-022 8.75421431e-042 1.46090237e-040
  8.08193256e-053 1.22321173e-048 5.61686014e-029 1.09373254e-044
  9.44509295e-093 8.22277463e-047 5.56606005e-029 1.56507154e-071
  2.29107081e-028 1.00000000e+000 1.09384993e-028 2.50789121e-039
  1.00000000e+000]
 [6.07044682e-041 7.95942990e-047 8.20661012e-052 4.02801071e-037
  1.66315401e-037 3.07316201e-016 5.53038501e-092 3.69518562e-014
  3.11259015e-019 1.69687150e-031 9.18956138e-021 2.05052371e-050
  3.87466888e-067 2.51062514e-062 8.04117427e-066 2.80868755e-080
  1.89938507e-058 1.01987828e-037 4.18636050e-036 4.91320161e-041
  4.44098136e-067 1.07395293e-012 7.63620623e-052 1.12029506e-032
  7.84058217e-042 1.09384993e-028 1.00000000e+000 4.98219678e-044
  1.00000000e+000]
 [3.22437440e-021 2.48998331e-041 3.43114971e-017 1.83646048e-077
  3.10781324e-030 1.56464232e-049 2.63388632e-028 4.59100252e-046
  1.13839250e-054 3.63742150e-031 4.57393746e-053 4.90510549e-044
  5.17564896e-037 1.22043615e-019 6.00684762e-046 1.87756799e-057
  5.55564873e-013 6.40602919e-031 3.03945482e-059 4.92106640e-037
  5.08154615e-046 5.95746343e-029 2.31910139e-034 6.34935171e-040
  4.44389718e-028 2.50789121e-039 4.98219678e-044 1.00000000e+000
  1.00000000e+000]
 [1.00000000e+000 1.00000000e+000 1.00000000e+000 1.00000000e+000
  1.00000000e+000 1.00000000e+000 1.00000000e+000 1.00000000e+000
  1.00000000e+000 1.00000000e+000 1.00000000e+000 1.00000000e+000
  1.00000000e+000 1.00000000e+000 1.00000000e+000 1.00000000e+000
  1.00000000e+000 1.00000000e+000 1.00000000e+000 1.00000000e+000
  1.00000000e+000 1.00000000e+000 1.00000000e+000 1.00000000e+000
  1.00000000e+000 1.00000000e+000 1.00000000e+000 1.00000000e+000
  0.00000000e+000]]
