[[ 4.65734278 -0.42854538  1.91290173 -0.45235122 -2.64721793  4.29884788]
 [ 3.14819656 -4.08420945 -4.74167345 -3.48326753 -2.35698597  2.8219657 ]
 [ 3.10090856 -0.45670097  1.04359088  4.71443156  3.53339867  1.90218122]
 [ 1.06990665  3.59120134 -4.80766397  1.51750594  2.02712934 -1.92365668]
 [-4.20028102 -1.82857141  4.74870056 -2.13842609 -3.4345841  -0.34606395]
 [ 4.56447232  3.33429124  2.59649339 -0.97960319  3.12551098 -4.58668603]
 [-4.0886294  -1.04078793 -4.01483268 -0.88515682  1.94061925 -3.5471753 ]
 [-1.28581047  1.69506195 -4.84025197  0.44317065  4.93532478  0.91761959]
 [ 1.3125758  -3.68580399  4.53120268 -3.69986383 -0.02706237  0.12621596]
 [-3.22021771 -1.18966825 -3.97166155 -3.01140125 -1.22266016 -1.13072612]
 [-3.69798639  3.97444664 -1.25006576 -2.75272593 -1.39304157 -1.96842197]
 [ 3.05177793  0.42500633  1.57235114  3.18932521 -4.62304881  2.93308835]
 [ 4.85084516 -3.73567581  4.9730288  -1.34902301  4.29259715 -1.01750874]
 [-0.56445774 -2.75361758  0.79339986  2.9111369  -1.34806305  1.73438537]
 [-0.65138789  4.456376    1.04284416 -2.80477834  4.18023755 -4.47544966]
 [-0.15877249  0.15433108  0.88233309 -3.17159665  3.99957205  4.93061117]
 [ 3.68551736 -1.63404659  3.06229024  3.9819289   0.81344992  1.82392864]
 [ 4.85458971  3.45886838 -1.5313309   1.00212227  1.36517858 -3.95391204]
 [ 4.79281505  4.98104021 -2.13674857  2.33824395  0.2980827   1.01200523]
 [ 2.77631889  0.04571827 -3.13863112 -3.24866033  1.07441211 -0.50476968]]
