[[-3.53150558e+00 -3.73640727e+00 -1.37554030e+00  4.55582019e+00
  -2.34654177e+00 -1.52834815e+00]
 [-3.17836412e+00 -3.24305684e+00  3.84193129e+00  3.22679751e+00
  -9.87018903e-01  1.78845680e+00]
 [ 4.17793591e+00 -2.42951484e+00  4.87743048e+00  1.06009201e+00
  -4.27661933e+00  2.52082449e+00]
 [-2.88971063e+00  3.62545209e-03  2.89972033e+00 -1.23112714e+00
  -3.29477538e+00 -1.83831223e+00]
 [ 5.08114613e-01 -1.95402727e+00 -2.20258555e+00 -4.07410255e+00
  -2.03657476e+00  4.33061918e+00]
 [-1.35421375e+00 -2.05098918e+00 -3.07426546e+00  1.78639524e-01
   3.87985026e+00 -2.25794441e+00]
 [-3.20990220e+00 -2.25114350e+00  5.73968884e-01  1.26373945e+00
   2.09339937e+00 -3.31621545e+00]
 [-1.43596790e+00  3.86862065e+00  5.13757453e-01  4.03141436e+00
  -4.74293095e+00 -1.97025980e+00]
 [-3.05486140e+00 -9.47533368e-01  1.66428654e+00  3.07714872e+00
  -2.99241782e+00  2.48306086e+00]
 [-1.33582587e+00 -4.14374984e+00 -1.97799488e+00 -2.58419079e+00
  -2.69023647e-01 -6.86552794e-02]
 [-1.56895254e+00  7.99765355e-01 -1.09621508e-01  3.97233064e+00
  -2.59917107e+00 -3.59822642e+00]
 [-4.00707045e+00  1.70768798e+00 -2.01560546e-02 -6.54275601e-01
   1.47548493e+00 -3.52787792e+00]
 [-4.86674082e+00 -4.44993356e+00 -1.62379101e+00 -3.87255877e+00
   3.05890795e+00 -1.76785956e-01]
 [-3.61551380e+00  2.03731109e+00 -3.01063117e-01  6.85026990e-01
   4.99999598e+00 -2.50744471e+00]
 [ 2.18389927e+00 -4.61977281e+00  3.78178782e+00 -2.28833077e+00
   4.51528179e-01 -4.32673084e+00]
 [ 2.95709794e+00  2.05391523e+00 -4.88843390e+00 -4.87747053e-01
   1.90298329e+00  4.92067338e+00]
 [-3.89577691e-01 -2.71031086e+00  2.96318393e+00 -3.46560242e+00
  -1.65488347e+00  2.71043521e+00]
 [ 2.05002405e+00  9.82225926e-02  3.15574929e+00  4.53090269e+00
   6.03425241e-02  1.36100471e+00]
 [-4.98126405e+00 -2.09262873e+00  1.46973283e+00 -3.01539648e+00
  -1.14691003e+00 -1.66963960e+00]
 [ 1.45761150e+00 -2.16632646e+00 -4.07587736e+00 -9.27261119e-02
  -3.22108389e+00 -4.33766557e+00]
 [ 3.39087734e+00  2.20719595e+00 -4.53905421e+00 -1.38427786e+00
   3.62356360e+00  2.41544666e+00]
 [ 9.28228297e-01 -2.95939531e+00  1.84156378e+00 -2.75683428e-01
   5.20045865e-01 -1.29192666e-01]
 [-2.19667876e+00  4.19586877e+00  4.12340570e-02 -3.26397376e+00
  -3.16230024e+00 -4.27240942e+00]
 [ 1.71946407e+00 -3.05662736e+00 -3.11590582e+00 -4.59047115e+00
  -4.52204237e+00  2.75439596e+00]
 [-2.25212989e+00 -4.07568398e+00 -2.40205751e+00  4.08724991e+00
   2.65417283e+00  2.16191619e+00]
 [ 2.42397172e+00 -3.46727869e+00  2.83638114e+00  2.78916449e+00
   3.90158630e-01 -3.90707479e+00]
 [-2.43038058e+00 -3.96995952e-01 -4.41751922e+00 -3.05116396e+00
  -7.07735881e-01  4.14169696e+00]
 [ 8.44112474e-01 -9.93999749e-01 -1.91441884e+00  2.48072722e+00
   4.17263570e+00 -1.04727208e-02]
 [-3.08077846e+00  1.34952780e+00  1.13541253e+00 -1.61648679e+00
  -2.04003748e+00 -1.90620166e-02]
 [ 9.33204874e-02 -2.40290990e+00 -2.91375723e+00  3.20566927e+00
   1.15319131e+00  1.10385008e+00]
 [ 3.38120225e+00  3.74036735e+00 -4.73399185e+00  2.30369790e+00
   2.07171811e+00  9.64111203e-01]
 [-1.27233064e+00 -4.33105295e+00 -4.19994414e+00  2.87588498e+00
  -6.37799023e-01  1.21276497e+00]
 [-4.35673818e+00  4.30368991e+00  3.77557882e+00 -2.17250782e+00
  -3.42435373e-01 -2.33082397e+00]
 [ 4.37972928e+00  2.23684608e+00  2.41840787e+00 -4.02584726e+00
   2.76622104e+00 -1.31282561e+00]
 [ 4.09248115e+00 -1.14995383e-01 -3.21918838e+00  2.74516613e+00
  -4.81699427e+00 -1.03654073e-02]
 [-3.89272474e+00 -4.61962973e+00 -2.16509767e+00  4.54017639e+00
  -4.39761362e+00 -3.86560469e+00]
 [-3.67741751e+00  2.26563994e+00  3.92560833e+00 -2.66790597e+00
   1.14954205e+00  4.37060082e+00]
 [ 8.05653858e-01  3.48534283e+00  2.25713221e+00  6.33594960e-01
   2.29152817e+00  3.10068045e+00]
 [ 4.44735193e+00 -4.59673126e+00 -1.47726463e+00 -4.52324307e+00
  -2.16852963e+00 -4.60471315e+00]
 [-4.07158566e+00  3.89075717e+00  2.99284675e+00 -3.98985430e+00
  -2.14035215e+00 -4.69732489e+00]
 [ 4.46764988e+00 -3.81197527e+00 -4.89352826e+00  2.88097878e+00
   3.39919855e+00  3.40215981e-01]
 [ 4.26115104e+00  4.91722913e+00 -1.50139580e+00 -3.11218279e+00
  -3.85172498e+00  2.07372434e+00]
 [ 2.73767638e+00  2.46051652e+00 -2.14565666e+00  3.33901965e+00
   1.57453018e+00 -2.70880961e+00]
 [-1.11671861e+00 -1.54777047e+00  1.50732974e+00 -1.38624923e+00
   5.63933375e-01  4.57141438e+00]
 [ 1.90774428e+00 -1.12751787e+00 -1.01431923e+00  2.65172995e+00
   4.65680662e-02  1.21417824e+00]
 [-3.36412036e+00  3.52886321e+00 -4.77210894e+00  1.32965005e+00
  -3.48580348e+00  1.65061908e+00]
 [-1.44963980e+00 -1.71093023e+00 -2.88028677e+00 -2.51481757e+00
  -1.18529935e+00  3.27221075e+00]
 [-6.72311856e-01  3.66031031e+00  8.39678016e-01 -2.60103671e+00
   6.52696196e-01 -4.26571205e+00]
 [-2.64184866e+00 -1.60257518e+00 -4.58778607e+00  4.89587884e+00
  -4.72861984e+00  4.55534095e-01]
 [ 4.29068143e+00  1.66716068e+00 -6.60900180e-02 -1.55953035e+00
  -1.75156973e+00  2.07944707e+00]
 [ 4.83385725e+00  4.33555002e+00  2.33831150e+00  3.27054779e+00
  -5.21858231e-01 -2.13153312e+00]
 [ 9.07198282e-01  1.99987366e+00 -2.61626147e+00  1.17944131e+00
   4.17962164e+00 -4.08998890e+00]
 [ 2.11919893e+00  1.26768039e+00 -1.24781400e+00  4.84279267e+00
   2.99301882e-01 -3.49355041e+00]
 [ 3.44982317e+00 -1.03172564e+00 -3.58998703e+00  2.90553253e+00
  -4.93939662e+00  2.92293515e+00]
 [ 3.55105848e+00  1.66714697e-01  2.95316368e+00  9.24948860e-01
  -6.13532915e-01 -3.93855861e+00]
 [ 8.89109587e-02 -3.23175537e+00  9.40399429e-01  4.51387830e+00
   2.27929391e+00  4.19350652e+00]
 [ 3.45389443e+00  1.10672183e+00 -5.52377466e-02  4.74483624e+00
  -1.51119703e+00 -3.87687477e-02]
 [-2.66451956e+00  1.81426540e+00 -1.14381567e+00 -3.14992137e+00
   2.57594833e+00  4.11431361e+00]
 [-2.95689294e-01  3.39411997e-01 -3.61650024e+00 -6.11865592e-01
  -2.93456193e+00  5.22058105e-01]
 [-3.08615252e+00 -3.33704807e+00 -4.72760087e+00  4.19165146e-01
   2.14247829e+00  2.08907742e+00]
 [ 2.01977351e-01 -4.71691646e+00 -2.84786822e+00 -1.88491949e+00
  -2.46156831e+00 -3.95678652e+00]
 [-1.45605520e+00 -1.12529561e+00 -3.33165762e+00 -1.33077995e-01
   1.09112591e+00 -3.88680783e+00]
 [ 4.78496824e+00 -4.25209255e-01  2.78160466e+00  2.19211653e-01
   3.66992043e+00 -1.15470108e+00]
 [-1.24370590e+00 -4.50685417e+00  4.33861866e+00  1.23113340e+00
  -3.19704317e+00 -3.31064737e+00]
 [ 4.82210668e+00  3.18140493e+00 -3.45352876e+00 -3.07582330e+00
  -4.55490876e+00 -5.89775959e-02]
 [-3.20060840e+00  3.24574662e+00 -4.70983384e-01 -3.40984764e+00
  -3.68026707e+00 -1.45769357e-01]
 [ 2.89400357e+00 -3.62363117e+00  1.99371875e+00  3.25744993e+00
   4.20169175e+00  8.22483981e-01]
 [-3.63693668e+00  4.15871725e+00  1.09876611e+00  1.96768243e+00
  -3.17664577e+00 -2.02065974e+00]
 [-3.92450222e-01  3.98071597e+00 -3.04663439e-01 -4.97449276e-01
  -1.75418350e+00 -1.46260255e+00]
 [ 6.15614263e-02 -4.86844084e+00 -8.38852892e-02 -4.09496853e+00
  -4.19808820e+00 -2.69440145e+00]
 [-3.64187104e+00  1.93903537e+00 -4.16336517e+00  1.63645037e-01
   4.59999417e+00 -3.00219201e+00]
 [ 4.03518597e+00  5.62626819e-01 -1.42412700e+00 -6.21047063e-01
  -2.63250354e+00 -4.29950139e+00]
 [-2.16926329e+00 -1.58509803e-01 -1.76574411e+00 -8.65463906e-01
   2.74213667e+00  7.34830026e-01]
 [ 6.59447162e-01  3.38907350e+00  3.52335892e+00 -2.18237828e-01
  -8.34340750e-01 -3.66796945e+00]
 [-4.60747408e+00 -2.69539827e+00  1.88377903e+00  2.74560252e+00
  -1.23311222e+00  3.42574622e+00]
 [-8.22238260e-01  2.53237538e+00  4.87879973e+00 -1.47570264e+00
   1.26259224e-01  4.52099152e+00]
 [-4.82239377e+00  1.61879875e+00 -1.61352061e-01  1.04032629e+00
   2.61348905e-02 -2.35924116e+00]
 [ 6.55750969e-01 -4.56792437e+00  2.04769654e+00 -4.73651597e+00
   3.21471947e+00 -3.21957818e+00]
 [-4.99278582e+00  2.19848745e-01 -3.65333988e+00  2.97332184e+00
  -1.87628155e+00 -3.52453537e+00]
 [ 2.74231267e+00  4.64349337e+00  1.09486788e+00 -1.40304884e+00
  -1.18943522e+00 -4.91092331e+00]
 [-1.68699827e+00  3.85967249e+00 -1.30476743e+00 -3.25314928e+00
  -1.57594379e+00  5.33762223e-01]
 [ 7.10561908e-01 -1.76713780e+00 -3.84790509e-02  1.43966693e+00
  -3.89635582e-01 -3.02012889e+00]
 [-3.90256424e-01 -3.75064094e+00 -4.77311397e+00  2.34319746e-01
  -1.61548496e+00  2.73257561e-01]
 [-3.46942238e+00 -4.25978331e+00 -2.67229842e+00  1.48324941e-01
  -2.87870741e+00  4.72270059e+00]
 [ 3.01175307e+00  4.36968805e+00 -4.04824196e+00 -2.35700838e+00
  -4.55512633e+00 -2.82242288e+00]
 [-3.27989048e+00 -3.53525185e+00  6.94628757e-01 -2.60976172e+00
  -4.84007288e+00  3.95685538e+00]
 [ 2.49040696e+00 -4.13916562e+00  1.18687220e-01 -3.33595649e+00
  -3.60300412e+00  2.16913913e+00]
 [-4.46723822e-02 -3.02203116e+00  1.31526460e+00 -1.50484723e-01
  -3.53875876e+00  4.72565807e+00]
 [ 4.08528301e+00  3.46442240e+00  4.62024752e+00  1.21323663e+00
  -4.22441266e-01 -1.46373099e-01]
 [-8.64227807e-01  3.98907211e+00 -1.46545206e+00 -3.03140628e+00
  -4.05470113e+00  1.72844927e+00]
 [-2.57542547e+00  4.03823141e+00 -3.83108073e+00 -4.15637845e+00
   1.51903161e+00  3.15202200e+00]
 [ 1.75635864e+00 -2.25151134e+00 -2.26682900e+00 -3.71173907e+00
  -3.91529469e+00  3.17763914e+00]
 [-2.88067501e+00  3.72385193e+00 -1.61579130e+00 -4.75746266e-01
   5.52062274e-01  1.51634056e-01]
 [-4.71185701e+00 -6.18468091e-01 -3.88874970e+00  4.46452143e-01
  -4.64569218e+00  4.27033671e+00]
 [ 6.09477707e-01 -1.84135584e-01  3.10103633e+00 -4.51989209e+00
  -2.17408403e+00  4.25496237e+00]
 [ 3.66177000e+00  5.46092782e-01  3.74833749e+00  1.86086586e-01
   2.34700594e+00 -6.89952547e-01]
 [-3.99182331e+00 -4.94252746e+00  3.80167832e+00  4.93126020e-01
  -1.82716148e+00 -2.55373834e+00]
 [ 1.68757003e+00 -3.17772089e+00 -3.48696711e+00 -3.43474773e+00
  -5.88223864e-01  3.03567670e+00]
 [ 9.19553236e-01 -4.84769554e+00 -4.67431320e+00  2.53097472e+00
   1.37113178e+00  1.92140682e+00]
 [ 1.20889845e+00 -3.67553892e+00  3.66398529e-01  1.60127113e+00
   2.96770854e+00  3.92329181e+00]]
