[[ 2.52004926  4.74693523 -4.88447982 -4.92903622  0.62159064  0.42265986]
 [ 0.90029093  3.79338636  1.17683532  1.60879098  3.10975075  2.00357332]
 [ 0.39881852  3.73962083 -4.30635025 -4.11724251  0.98178985 -3.61572985]
 [-2.91296664  4.16105027  0.1320404  -2.74888298 -4.89955977 -2.17862177]
 [ 3.66485869  2.64543557 -0.42288609 -3.82732002  4.57075534 -1.74762571]
 [-0.62072831 -0.66425178 -2.19540659  3.85536887 -1.51414465  1.90361147]
 [ 0.67137185  4.95996253  2.43292929  0.11916649  0.23699733  2.63473775]
 [ 4.23932856  0.71571881  4.88567084  3.51189323  3.74045015  0.35817084]
 [ 3.73903163 -1.63867242 -1.71409567  1.03780473  4.3414803   3.26740659]
 [-4.55056609  0.83090531 -3.54415844 -4.25464837  2.0918999   4.94131491]
 [ 4.66135825 -1.12970077  2.78328434  0.66508765  4.42451563  2.71734995]
 [ 0.96881041 -1.51171283  3.77146718  4.02627935 -1.54016576  3.21275373]
 [-2.19673364 -4.18597596 -3.59385528  3.19676211 -2.73590135 -1.03406207]
 [ 2.59112344 -3.33992499 -3.60025341  2.25854394  0.69225912 -2.00898815]
 [-0.68652765  3.55227154 -0.87231387 -3.30901476 -0.30126269  2.52774293]
 [ 0.70967644  3.03949845 -4.28723872  1.18086791  0.22444706  3.48797238]
 [-3.44527662 -3.25558052  2.97362584 -0.17800795 -0.57349699 -4.95211679]
 [ 4.02932041 -1.9850656   3.74033503  4.485026    4.19731593  3.46900056]
 [-1.45283534  0.21371439 -4.85364625  3.2641623   4.17984526  3.34129522]
 [ 4.19042634  4.11303934 -1.80126441  1.36758726  0.08476371 -4.99650191]]
