[[-1.72918189 -2.37004929  4.27773684  4.23860686  0.88985585 -3.69829304]
 [-2.41251429 -0.1964564   0.91077761 -0.93753595  4.31860409 -4.80104399]
 [-0.64965296  1.66522091  0.61922847  0.57965257 -0.32266489 -4.39534935]
 [-4.06022177  0.92514949  2.99085716  0.42557502  0.68134477 -3.43882957]
 [-0.23008817  2.65235083  3.31416146 -3.24524759 -3.33378925  0.80576476]
 [ 1.13197873  0.04259734  0.18077307 -2.73410126  3.69363903 -3.21110845]
 [ 3.03731239  3.15964984  2.73827955 -3.23932402  1.47632713  3.0660763 ]
 [ 0.90943209  3.46649704 -1.01722082  2.54224405  2.29652597 -3.01944444]
 [-1.10418646 -3.7348671  -0.57089772  0.30990456 -0.46379673  3.32995809]
 [ 3.31593703 -0.83712977 -1.94904104 -0.97793463  2.77428397 -2.72417148]
 [-0.70583387  0.62935342 -1.4340917  -3.93441191  3.90215455  0.10583106]
 [ 0.66243422 -3.03562295  3.88726094  0.08892861 -1.16855353  3.65946707]
 [-3.30258428  3.66817567 -4.7417896  -0.31848698 -4.10739203  0.77043429]
 [ 4.62097812  3.36276657  1.91737394  3.70340713 -1.04812404 -1.94917053]
 [-1.10764282 -2.65614172  3.08780179 -1.7229273  -2.49303343  0.60614632]
 [-1.76679672  3.08146456 -1.82143056  4.59836647  4.54147178 -3.5668096 ]
 [-0.28450932  0.64281814 -1.5455727  -1.26311426 -1.0120012   2.87248707]
 [ 3.78210388  2.20358481 -3.70858344  1.84784091  1.59685292 -0.47657359]
 [ 3.75206483  3.33496651 -0.83275307  0.89953593  3.1949809  -2.07633321]
 [-4.73963201  3.89476571  2.04916512 -2.33562727  3.99807084  0.08997179]
 [ 1.80096034 -4.51444347 -2.70549795 -4.39723784 -1.12666059  3.90690088]]
