[[-21041.45575321]
 [ 64079.53019432]
 [ 39076.19876497]
 [-38347.71673136]
 [-36049.65318932]
 [-43835.08311643]
 [-41519.52763172]
 [-24117.65064371]
 [-31279.91613804]
 [ 22597.55807407]
 [ -7221.2499698 ]
 [-33782.68791325]
 [  7170.41991792]
 [  4972.26985934]
 [-14815.29112617]
 [  -685.23199916]
 [ 18596.38949865]
 [ 60258.27564393]
 [ 32147.16566767]
 [102492.26495821]
 [-25751.71142113]
 [  1816.56473438]
 [-25679.82768899]
 [ 42789.93259795]
 [-46146.08440158]
 [-43756.35208714]
 [  1315.9337279 ]
 [-33105.4505202 ]
 [-43765.92237188]
 [-32657.15376705]
 [ 91380.36160391]
 [  6127.74427175]
 [ -4477.92752393]
 [-20992.03433561]
 [ 46953.41442902]
 [-47850.44644062]
 [ 20814.6074571 ]
 [ 21126.74545055]
 [ 33162.99791866]
 [ 49635.86555196]]
