[[ 2.95014210e+00  2.30474422e+00 -6.49813001e-01 -1.01913104e+00
   4.57407785e+00 -1.20308122e-02]
 [-1.06370125e+00  4.50758062e+00 -1.83167663e+00 -3.36049433e+00
  -7.48064726e-01 -2.68216887e+00]
 [-2.07074592e+00 -4.95404311e+00  4.63561717e+00 -2.79954006e+00
   2.13452469e+00  3.26339486e+00]
 [ 3.46468573e+00  8.32893080e-01  3.58736819e+00 -1.72408673e+00
  -1.65571683e+00 -9.30324730e-02]
 [-3.22726340e+00  3.83714097e+00  1.52015982e+00  1.25260821e+00
   3.65801784e-01 -2.94520264e+00]
 [ 4.93604967e+00  8.20251006e-01 -1.66300482e+00  3.44378634e+00
   3.17815415e+00  1.03789567e-01]
 [-3.87896025e+00 -3.99273077e-01 -3.72362932e-01 -3.51133414e+00
  -9.18392380e-01 -3.13976496e+00]
 [ 2.65973183e+00 -1.49077128e-01  3.44195551e+00 -2.82220203e+00
   2.22483000e+00  1.04185918e+00]
 [-6.42026661e-01 -7.35548313e-01 -4.06996349e+00  3.04249731e+00
   1.53662802e+00 -4.92873623e+00]
 [ 4.33603809e+00 -2.20181350e+00  2.39057601e+00  2.54792639e+00
   4.46596067e+00  1.66992959e+00]
 [-1.79917894e+00 -3.35920450e-01  3.47795813e+00  3.11362049e+00
  -4.69613240e+00  3.93546685e+00]
 [ 7.38270415e-01 -3.92161489e+00  3.42589042e+00 -3.79800120e-01
  -2.19537942e+00 -2.75394858e+00]
 [ 2.73510403e+00  4.92091579e+00 -1.99803860e+00 -3.97371168e+00
   3.85892151e+00 -5.20615421e-01]
 [ 2.17473262e+00  1.09043290e+00  3.21111227e+00 -3.60135551e+00
  -1.25444106e+00  1.85667345e+00]
 [-4.89626263e+00  4.59893843e+00  1.06008779e+00  4.95463252e+00
  -4.24178766e+00  3.89015591e+00]
 [-4.33660277e+00  2.15047033e+00  4.11505033e+00  4.51733913e+00
   1.94656230e+00 -4.84485752e+00]
 [-3.54690133e+00 -2.59678833e+00 -2.45479884e+00  4.85932198e+00
   3.31251980e+00  3.15299693e-04]
 [-3.13277266e+00 -3.43770034e+00 -1.98555228e+00  2.88540609e+00
  -2.39540310e+00 -4.82658717e+00]
 [-4.25954620e-01  4.11561169e+00 -1.89648820e+00  6.56937541e-01
  -2.67571867e-01  4.96204655e+00]
 [ 2.55054704e+00 -3.37017998e+00 -3.90175269e+00 -2.55452153e-01
  -4.85137153e+00  3.78832844e+00]
 [ 2.69613651e+00  4.03351232e+00 -3.94201072e-01  1.30392392e+00
  -4.54999389e+00 -4.11057301e+00]
 [ 1.74547015e+00 -1.38363285e+00 -2.50496690e+00  3.15598685e+00
   3.20564640e+00 -4.88485481e+00]
 [ 1.07530133e+00  2.26795536e-01  1.93777396e+00 -1.12028297e+00
  -1.89205041e-01 -4.60274757e+00]
 [ 1.63323049e+00  3.28839699e+00 -3.83283460e+00  1.61836452e+00
   2.08186721e+00 -2.85635799e+00]
 [ 4.71646796e+00 -2.12247606e+00 -1.83850288e+00  4.15478863e-01
   4.33607483e+00  4.44884672e+00]
 [-3.91031938e+00 -1.55408733e+00  4.29007553e+00 -8.70160166e-01
   3.95035459e+00 -9.72361217e-01]
 [ 9.40731239e-02  3.05916126e+00  1.76754967e+00  3.86363478e+00
  -2.65701950e+00 -1.17862690e+00]
 [-1.23150378e+00 -2.86214777e+00  1.49294354e-01 -2.33184924e+00
  -2.94033227e+00  3.82635514e+00]
 [ 1.17920856e+00  4.32636366e+00 -2.21978440e+00 -1.45417951e+00
  -7.28394727e-01 -2.06064809e+00]
 [-2.17128562e-01 -2.68928556e-01 -1.77254038e+00  6.97974564e-02
  -4.44735916e+00  4.00837128e+00]
 [ 4.22161107e+00  3.04924525e+00 -4.60515459e+00 -3.92357331e+00
   7.64679649e-01 -1.47670609e+00]
 [ 1.73089622e+00  3.53170969e+00 -1.39627945e+00 -3.05075269e+00
   5.58602978e-01 -1.30013170e+00]
 [ 1.50467405e+00 -3.59733004e-01 -6.12571244e-01 -1.82523786e+00
  -4.92598763e+00 -2.59324710e+00]
 [ 2.52198449e+00 -2.05022709e+00  2.84257607e+00  4.41953175e+00
  -4.18459874e+00  3.40469827e+00]
 [ 2.33260553e-01  3.54079545e+00  2.99955687e+00  1.65961447e+00
   4.85229398e+00  3.93662285e+00]
 [-1.01210476e+00 -3.57606670e+00  4.98465410e+00 -4.27972844e+00
  -1.87087909e+00 -4.73977027e-01]
 [ 3.99616469e-01 -4.66594432e+00 -4.11989982e+00 -2.98621885e+00
   1.46989175e+00  1.37046338e+00]
 [ 3.28997087e+00  3.84828439e+00 -4.79253353e+00 -4.84168424e+00
   3.79465758e+00  8.73782243e-02]
 [ 4.17683259e+00  1.35241337e+00 -3.66517548e+00 -2.62932278e+00
   3.36011657e+00 -1.61563216e+00]
 [-2.13307530e+00  2.85490279e+00 -1.34605662e+00 -5.35759824e-01
  -1.50571588e+00  2.72795775e+00]
 [-2.80413442e+00 -2.66685806e+00  4.26931405e+00 -3.68647514e-02
   9.17051652e-01 -5.64891349e-01]
 [-1.00628484e+00 -1.26907516e+00 -4.25395364e+00 -1.05873891e+00
  -3.89877758e-02  2.86133833e+00]
 [-2.67215884e+00  3.64658748e+00  4.10259621e+00 -1.84203573e+00
   3.20679724e-01 -9.63077234e-01]
 [-2.27763712e+00  4.40003025e+00 -2.74617312e-01 -3.98244784e+00
  -1.07046379e+00 -4.10074885e+00]
 [-3.55362104e+00 -2.40850628e+00  2.06414982e+00 -2.78181958e+00
  -2.96484333e+00  1.69051459e+00]
 [-9.07450890e-01 -3.97281744e+00 -4.66958580e-01  3.75851390e+00
   5.74938991e-01  3.73001287e+00]
 [-1.49848494e+00  2.25939625e+00 -7.04650496e-01 -3.88040576e-01
   4.66858370e+00 -1.57111638e+00]
 [-3.59833711e-01  9.30390599e-01 -4.16083707e+00 -3.48955901e+00
   8.31325279e-01 -3.28796707e+00]
 [-4.44701695e+00 -4.77307589e+00  2.35786369e+00 -9.82629693e-01
  -1.65056754e+00 -2.84558037e+00]
 [-2.60412942e+00 -1.13777756e+00  1.97420089e+00  9.19510411e-02
  -1.67805424e+00 -3.39205508e+00]
 [ 1.51171704e+00 -3.31031778e+00  1.71448525e+00 -4.96295553e+00
  -4.09104056e+00 -2.63235800e+00]
 [-3.45053529e+00 -2.62229836e+00 -1.30594106e+00 -9.41124209e-01
  -2.06535482e+00 -1.17576397e+00]
 [ 4.04651668e+00  2.32076381e+00  3.24293891e+00 -4.20729910e+00
  -1.63667469e+00 -2.62799165e-01]
 [-4.82615970e+00 -3.05037766e+00 -4.39938914e+00 -2.92432206e+00
  -3.86543727e+00 -8.31383293e-01]
 [-3.12323054e+00 -1.89121787e+00  9.81163150e-02  2.53459581e+00
   4.85972521e+00  4.92728877e+00]
 [-2.29120210e+00  2.11652868e+00 -1.06722367e+00  1.28407360e+00
   4.39221561e+00  7.63778585e-01]
 [-4.83577533e+00 -3.53895317e+00  2.45126291e+00  1.66101622e+00
   4.11942886e+00  3.42945287e+00]
 [ 1.49621871e+00  4.23642500e+00  4.88448815e+00  4.55475613e+00
   2.01347657e+00 -4.97998611e+00]
 [ 2.02953901e+00 -4.52762662e+00 -4.41461406e+00 -1.08963285e+00
  -6.88635087e-01  2.38254853e+00]
 [-7.70515997e-01 -2.57884125e+00  2.85575697e+00 -1.37523962e+00
   2.87553066e+00 -2.44814871e+00]
 [-9.50701994e-01  3.34066916e+00 -4.37595769e+00 -1.89706900e+00
   2.41561597e+00  7.76343985e-01]
 [ 2.31676651e+00  4.10513941e+00 -2.79705626e+00  6.07883239e-02
   1.94349953e+00 -6.70518650e-01]
 [-3.26511854e+00 -2.30931228e+00 -3.52446997e+00 -4.29069683e+00
  -1.21835067e+00  2.99985996e+00]
 [ 4.16720622e-01 -1.53773945e+00  3.73253175e+00 -2.75137594e+00
  -1.25711081e+00 -2.47477424e+00]
 [ 9.57506172e-01 -2.61601234e+00  4.04965993e+00  6.92120519e-01
  -2.86151983e+00  3.26069883e+00]
 [ 1.02424920e+00  1.01185102e+00  4.65880473e+00 -2.56771164e+00
  -3.77019508e+00 -7.92756100e-01]
 [ 9.01715793e-01 -1.25342450e+00  4.65157762e+00  4.03535746e+00
  -2.60631111e+00 -7.16585323e-01]
 [ 2.36744887e+00  9.19625134e-01  1.06389150e+00 -1.68958746e+00
   2.28006806e-01  4.85107186e+00]
 [ 2.29143130e+00 -3.27891040e-01  1.80703572e+00  1.75871360e+00
  -2.25973701e+00  2.40336195e+00]
 [ 2.04687106e+00 -4.66357701e+00  1.08103267e+00  4.69476599e+00
   2.12193315e+00  2.38168740e+00]
 [ 4.97552341e+00  2.48770660e+00 -3.12591551e+00  1.05868543e+00
  -4.30944573e+00  2.24233352e+00]]
