[[-1.37872085  4.39184323 -2.18217022  4.1592037   4.53941516 -4.4758864 ]
 [-1.83232019 -0.87365926  4.97141157 -3.35529353 -2.96972005 -2.22389031]
 [-0.86811885  0.29864849 -4.0664847   1.08069716  4.17596136  2.45702649]
 [-0.04782867  1.8645533  -1.30885936  0.6864308  -1.95210526 -3.95413101]
 [ 4.88519378  1.79580792  1.76434018  4.63564059 -4.55184818  3.89550282]
 [-1.572611   -0.1261105  -4.47638455 -4.5835249  -3.79487984  4.27428998]
 [-1.22710274  2.66114294  0.53468386 -3.60218839 -4.87984122 -4.21171239]
 [ 1.30604606 -3.45994808 -0.40682846 -2.98627435  0.64947927 -1.98220893]
 [ 1.15904131 -3.87626628 -1.00754844  0.3457969   3.0947455  -2.48625584]
 [-4.30242894  2.81275109 -4.60823127  1.69143146  1.6866801   2.50556369]
 [ 4.36710869  1.45714571 -4.45850057 -0.26389588  0.31898969  2.76319879]
 [-3.7247914   4.06061562 -2.71169521 -4.69028389 -4.0946624  -3.20100209]
 [ 3.02368328 -2.50916558 -4.89117129 -1.53311746  3.29578255  3.41702225]
 [-4.11951531 -2.88524573  2.2351171  -0.70163316 -0.53444108  3.61534727]
 [-2.4726697  -4.07396196 -0.46196948 -0.13505645  1.06335889 -4.31990909]
 [-4.29803346 -3.93554746  0.78914212 -2.99870958 -2.98616672  3.2314397 ]
 [-1.05406637  3.61468291 -3.37517535  3.05497777  4.09448875 -1.77253016]
 [ 3.59796659 -1.28061795 -2.6652352   0.71685723 -1.06493881  2.73550123]
 [-3.8746089  -3.06993977 -3.18709883  1.65181857  3.98029214 -3.09337513]
 [-3.85818505  4.83118332  3.04314365  2.28323729 -3.0083999  -0.30509593]]
