[[-0.50963011 -3.01298007  4.73491305  4.07939952 -0.72817031 -1.43502948]
 [ 4.34218388  2.43394316  1.92902188 -1.27041755  1.61378316  0.98946083]
 [-3.58120103 -4.31883673  1.19441601 -1.58528354 -4.55162167 -4.95889351]
 [-1.81359765  3.42308717  4.85231606 -1.22627736  2.19178253 -1.06704965]
 [-4.39813971  3.74071682  3.92492779 -0.98050526 -1.42723744  3.54388845]
 [-4.53531298 -1.98707847 -1.15282877  0.93068649  0.96057958 -1.00949776]
 [-0.39256676  2.14955093 -3.72974866 -3.55773536  2.2313307  -4.54716405]
 [-1.50462386  3.1989768  -4.06935372  4.4649883   3.14675702 -0.21114743]
 [-0.27474582  1.3617118   4.79334779 -3.14035863 -1.18748478  4.03567066]
 [ 4.24574607 -1.35017854  2.59404892 -4.38194873 -4.26837081 -1.88086212]
 [-3.82117502 -4.33673794  1.95940196 -0.92257664 -1.14570516  3.55129967]
 [ 4.39875965  2.26885534 -0.52590517 -2.60421287  4.24777667  3.59933701]
 [-1.13333281  0.49830014  1.33377207 -3.74605561  0.63986641 -4.23596454]
 [-2.54392304 -4.10486874  2.64003117 -2.00883271 -3.41183343  1.43293463]
 [-1.36997483  0.41907187 -3.98416621 -0.59588461 -3.04027673 -2.68260587]
 [-0.39171751  3.30853753  4.09228462  1.5421041   3.12796594  2.17084214]
 [ 3.56220138 -4.45290499  2.50587053  4.44117111 -3.06886211  4.76890888]
 [ 2.6776324   4.82521883  1.84815049 -4.89907083 -3.6061014   1.92789367]
 [-2.8185502   1.95409435  4.62956125 -1.67167236 -0.15725254  3.98372756]
 [-4.8057654   3.16014544  2.39435608 -0.04027824 -2.19436333 -3.32266606]]
