[[-3.9236746   3.20064334 -0.95082418 -3.71492093  4.94340749 -0.59154996]
 [-3.45219894 -1.42014846 -4.76283149  0.44669672 -1.1173339  -2.12688887]
 [-1.68993232 -4.42932325 -1.55825189 -3.34998868 -0.61847282 -1.3159627 ]
 [ 0.37596848  0.73023867  4.01141387  2.61773535  4.53653782  0.67274618]
 [-3.26598324 -2.33097513  1.11117756 -3.88582518 -4.1753117   3.33724239]
 [ 2.36959305 -4.13569451  2.9783801   4.88625538  0.82920029 -3.37087823]
 [-0.52064718  3.82106737  3.74649121  3.16919909  0.918011   -1.03463621]
 [ 1.21684528 -1.71618679  1.2006409  -2.25875925 -3.52666979 -2.61791765]
 [-4.40256968  1.59592892 -0.79682698  0.78978767 -3.10603582  4.17578722]
 [ 0.88658047 -2.93122243 -2.40063398  1.56670525  3.55703349 -1.39674911]
 [-1.10611574  4.33323061  0.64758987  1.73037469 -2.74451647 -2.02695221]
 [-3.89838161  0.48284099 -2.10461011 -0.59217922 -0.62524105  3.31047691]
 [-0.90405932 -1.67186377  4.6631206   4.08213962  3.98181559  2.10914178]
 [-1.54234633 -1.35999143 -0.56408665  4.61592974 -1.88068647 -4.79045729]
 [ 4.50153189  2.7522462  -0.41046826  3.14292183  1.69578076  1.68352854]
 [ 1.82496363 -3.50918443  4.42261152  1.91945799  3.34233582 -4.92975099]
 [ 3.71137899  1.57462632 -3.03434385  1.82817939 -2.57952923  0.61303324]
 [-0.13533847 -3.45474184 -2.18232271  0.35854105 -4.72225022 -4.85727577]
 [-1.45164446  2.324151   -2.49486676 -4.74021107  4.0892078  -2.76535778]
 [-1.56177117 -4.38306079  3.17820334 -0.50957099  2.94584092 -3.19407628]]
