[[ 2.27105022 -4.69212646  4.92871116  0.53110646 -3.78446542  2.96265601]
 [-3.25977188  4.15075658  1.68795592 -0.59414272 -3.97143479 -2.11028923]
 [ 3.56582864  4.46064189  0.1180628  -1.50188538 -2.88813051 -1.59722224]
 [ 0.02720711 -0.123469   -3.9822169  -0.40028129  3.97641152  3.89123603]
 [-2.08797151 -1.27916412 -0.7572269  -3.82523151 -4.92525431 -4.35869033]
 [-4.05778287 -3.5604024   4.21415038  2.9147705   3.23292838  0.82233515]
 [ 0.5702486   3.97090631 -3.46491099 -0.85085999  3.74444381  2.18381857]
 [-4.25206206  1.35386559 -0.78358915 -4.93264249  1.09698659 -1.91695916]
 [ 3.90703695 -3.58761017 -1.48163016 -2.08359107  3.06715125  0.79331052]
 [ 4.4539925   2.57865597  4.47490123  3.62802861 -1.49311933 -0.56048007]
 [-0.90630823 -3.61014667  1.07701082  0.25362737 -1.0419658   0.99719433]
 [-4.16687227  2.54492929 -3.2837059  -1.81254541  1.12396055 -0.62872701]
 [-0.73702969  0.53314071  3.00554693  1.51886616  3.21736474  4.88070477]
 [-0.91286042  4.44944166  2.30332224 -4.72907703 -3.20731287  0.27502605]
 [-4.33698723 -0.28130867 -4.65146193 -0.67634346  4.62174696  2.20029318]
 [-1.35861971  3.63680924 -2.77246988 -3.47021615  2.01312135 -3.46111421]
 [-3.90556828 -4.68967097 -0.42455168  2.32906186  1.80708606 -1.15963897]
 [-2.6337562  -3.87730462  0.51377509 -0.05033073 -4.92842991  2.03384983]
 [-1.34927457  3.12029591 -0.46003171 -3.89586228 -1.41837052  3.72859076]
 [ 2.71798828 -2.92085396  3.18757655 -4.36578202  0.7600436  -3.01578051]]
