[[ 4.60869557e+00  2.46217643e+00  1.05763071e+00  3.70941521e+00
   4.06102673e+00  4.08886212e+00]
 [ 1.61284899e+00 -2.04678526e+00 -2.55729118e+00 -2.80154204e+00
  -1.21474499e+00 -4.28646489e+00]
 [ 1.28355402e+00 -5.36601326e-01  1.02439505e+00  1.33999127e+00
  -4.05138198e+00 -4.26930719e+00]
 [-2.27306177e+00 -1.15724179e-01  2.57285427e+00 -4.02926988e+00
   5.51224213e-01 -4.73477538e+00]
 [ 4.95179719e+00 -3.35688162e+00 -3.90959251e+00 -4.42870270e+00
  -2.66879271e+00  7.18930469e-01]
 [-1.45918700e+00 -2.74027567e+00  1.33916492e-01  4.18575746e+00
   3.51239635e+00  3.70679590e+00]
 [ 1.78834802e+00 -2.64653026e+00  2.35277549e+00 -1.47939277e+00
  -3.77358733e+00  1.61158602e+00]
 [ 9.77382348e-01 -6.92153065e-01  1.96639142e+00 -4.22864911e+00
   1.25538524e-01 -1.14381269e+00]
 [ 2.70931544e+00 -4.48310980e-01  4.82524560e+00  7.78509949e-01
   4.36014840e+00  4.82116411e+00]
 [ 4.87234530e-01 -3.13257074e+00  4.81805026e+00  1.58853556e+00
  -3.42212973e+00 -2.51462216e+00]
 [-7.28948875e-01  2.25841184e+00 -6.28514334e-01  3.89132781e-01
  -4.02653317e+00  3.46058586e+00]
 [ 4.59547547e+00  9.87875884e-01  4.46319102e+00 -2.92941786e+00
   4.75391116e+00  1.22152304e-03]
 [-4.55286321e+00  1.61098187e+00  2.31457581e+00  2.93113916e+00
   4.29887001e+00 -4.96653769e+00]
 [-2.56125248e+00  4.62368205e+00 -3.05234919e+00 -2.76770341e+00
  -3.49193802e+00  2.77500496e+00]
 [-3.09210047e+00 -4.51862410e+00  4.09940284e-01  1.46627061e+00
  -4.57476157e+00 -2.21643729e+00]
 [ 1.42248369e-01 -2.27359762e+00 -2.29656193e+00  2.38160132e+00
   3.74513408e+00 -4.29117208e+00]
 [ 6.16813426e-01  1.02282851e+00  4.42313515e+00 -1.63851674e+00
  -4.94945970e+00  3.53377785e-01]
 [ 2.08386451e+00  1.86255489e+00 -4.55052054e+00  3.18818461e+00
  -4.01478183e+00  4.03205987e+00]
 [-4.30956975e+00 -3.86436173e+00 -1.45447953e+00 -4.02587900e+00
  -2.93900405e+00  2.84869847e+00]
 [-1.71769753e+00 -3.76460959e-01 -1.79603757e+00 -1.54152968e+00
   3.01787171e+00  2.54946650e+00]
 [-3.49848205e+00  1.09384408e+00  2.23449165e+00 -4.59877753e+00
   3.16178366e+00 -3.52565565e+00]
 [-1.44869659e+00  3.68744240e+00  7.28220079e-01  1.98481948e+00
  -2.03684746e-01  8.85889360e-01]
 [-1.55681658e+00  3.72054763e+00  3.91659689e+00  2.14412341e+00
   1.17132471e-02 -4.44117677e+00]
 [-2.45342537e+00 -1.01818996e-01 -2.29916726e+00 -3.98897117e+00
   4.37388923e+00  2.56235069e-01]
 [ 3.91771750e+00 -3.25282272e+00  1.50951478e+00  4.68861219e+00
  -2.75272788e+00  2.50397969e+00]
 [ 1.52136774e+00 -3.52884959e+00 -2.98451732e+00  2.10701714e+00
  -3.77273876e+00 -3.41221666e+00]
 [ 1.83822765e+00 -1.00316133e-01  2.47298801e+00  1.68339933e+00
   4.85099454e+00  3.63861568e+00]
 [-2.62154758e+00 -2.51554049e+00 -4.21700523e+00  1.78355333e+00
  -2.61284513e+00  1.53851823e-01]
 [-3.73933697e+00  3.25401332e-01 -1.92515208e-01  4.97262061e+00
   4.78970664e+00  8.69250176e-01]
 [-2.72314087e+00  3.40855471e+00  2.18024263e+00 -3.02653756e+00
  -2.66434017e+00  2.13262261e+00]
 [ 2.29013964e+00 -3.16723085e+00 -1.40383569e+00 -4.96592103e-01
   4.96310789e+00  2.65117420e+00]
 [-3.12409320e+00  2.80573643e+00 -2.45177300e+00  3.00179087e+00
   2.62319952e+00 -3.07004949e+00]
 [-3.24019064e+00  1.98103752e+00 -4.65595463e+00  4.49466247e+00
  -2.20685979e+00 -1.21563722e+00]
 [-3.08651560e+00 -3.41710300e+00 -4.92477211e+00  1.00870257e+00
   2.32724076e+00  4.30629255e+00]
 [-1.09746633e+00 -3.76641032e+00 -4.36623825e+00  4.81404873e+00
   2.20184706e+00  8.86023683e-01]
 [ 2.89431606e+00 -4.23366311e+00  1.74219228e+00  3.59383078e+00
  -1.60743990e+00 -3.14354147e+00]
 [-4.22527625e+00 -1.59782228e+00 -2.88042912e+00  2.28779544e+00
   4.15247707e+00  2.42234900e+00]
 [ 2.23079338e+00 -2.89551228e+00 -3.92114615e+00 -2.65371158e+00
  -1.06285527e+00  1.37767487e+00]
 [-3.24021644e-01 -3.04672228e+00 -1.01739739e+00  2.69830218e+00
   3.73225357e+00  4.30389234e+00]
 [ 2.48666783e-01 -3.18130944e+00 -2.02079934e+00  2.13193524e+00
  -2.60239568e+00 -4.45881382e+00]
 [ 1.01924263e+00 -4.65388537e+00 -2.47701052e+00 -3.16921211e+00
  -2.48578085e+00  4.85149525e+00]
 [-3.85598351e+00  2.33869836e+00  1.33137224e+00 -2.63758667e+00
   4.05411591e+00  2.53498021e+00]
 [-5.74484229e-01  1.51379093e+00 -3.94553190e+00  4.66955176e-01
  -1.15629277e+00 -3.92720694e+00]
 [-4.65563581e+00 -3.95633167e+00  3.56214903e-01 -3.52879075e+00
  -1.08957150e+00  2.83613406e+00]
 [ 2.75750060e+00  2.40701135e+00  2.89752419e+00  4.20063953e+00
   4.65180016e+00  1.77668033e+00]
 [ 2.56004633e+00  1.57702176e-01  7.34947278e-01  4.52182448e-01
  -1.51839360e+00 -3.94643243e-01]
 [ 6.10448939e-01 -2.20750243e-01  4.19965143e+00  1.87250551e+00
   2.26539553e+00  6.76496274e-01]
 [-3.65223238e+00  4.64413039e+00  4.72595083e+00 -4.91744674e+00
  -3.13945283e-01 -2.67345338e-01]
 [ 3.55426189e+00  7.90752026e-01  4.16853924e-02  2.94242892e+00
  -1.20158795e+00 -3.76255550e+00]
 [-1.79631652e+00  2.72423475e+00  1.04342534e+00  3.45740734e+00
   1.61124214e+00  2.74850507e+00]
 [ 1.72408399e+00 -3.33617786e+00 -3.46984083e+00  4.53333364e+00
   4.03324755e+00  4.59065402e+00]
 [-5.37289899e-01  2.01152566e+00  4.27986337e+00  2.12240485e+00
  -1.28824225e+00 -1.86059249e+00]
 [ 3.75497390e-01 -9.20076448e-01  9.64319359e-01  1.35984389e+00
   5.69851570e-01  2.32064739e-01]
 [ 6.58115684e-01  2.77139678e+00  3.01262837e+00 -4.08152838e+00
   4.84345069e+00  4.95053696e+00]
 [-1.12352743e+00 -2.81471510e+00  2.97595653e+00 -2.78459767e+00
   1.74887263e+00  4.35806043e+00]
 [-1.72063262e+00 -4.10568692e+00  4.12373180e+00  1.14931591e+00
   3.04764556e+00 -1.91520756e+00]
 [ 4.65789594e+00 -4.63647825e+00 -3.93170492e+00  1.10723265e+00
   2.14098679e+00  4.95410273e+00]
 [ 4.93694470e+00  2.58546762e+00 -1.21832663e+00  4.68917069e+00
  -2.05830847e+00  4.28582899e+00]
 [-2.99866257e+00 -2.11415833e+00  7.32865176e-01 -3.88111020e+00
  -3.35907678e+00 -7.69722691e-01]
 [-4.66551743e+00 -2.99902947e+00  4.35312061e+00  7.44333149e-02
  -4.59491526e+00 -2.87432887e+00]
 [ 1.93432602e+00 -1.38438541e-01  4.65693197e+00 -4.32343034e+00
  -1.86835283e+00 -2.79168762e+00]
 [-4.29771630e+00 -2.15172335e+00 -4.95200253e+00 -4.89321727e+00
  -4.07573564e+00 -4.38335632e-01]
 [-1.12462801e+00 -3.75779763e+00 -2.08121955e+00 -3.29861609e+00
  -4.47114116e+00 -4.27230817e+00]
 [-1.27231149e+00  2.19666171e+00  3.08079669e+00 -3.69597319e+00
  -3.05026133e+00 -1.39791947e+00]
 [ 1.33359332e+00 -4.23987283e+00  2.71021280e+00 -3.50779388e+00
   2.78487632e+00  2.97625748e+00]
 [-3.31254094e+00  4.04306834e+00  5.23727500e-01 -8.72951025e-01
  -9.20777588e-01 -1.03952390e+00]
 [ 1.36993038e+00  4.73700322e+00  2.93253048e+00 -4.95430519e+00
   1.68596037e-01  3.67875402e+00]
 [ 4.93567401e+00 -2.41491887e+00 -1.41996662e+00 -1.43902388e+00
  -1.36269079e+00  3.54849070e+00]
 [-3.34285541e+00  4.65712257e+00  2.09473742e+00  8.32185404e-01
   3.98874626e+00  9.44608154e-01]
 [ 3.83263484e+00 -1.87903418e+00  4.35397537e+00  2.92443075e+00
  -3.35273746e+00  4.13533825e+00]
 [-4.46802166e+00 -3.65097284e+00 -5.19270136e-01  3.15392535e+00
  -6.35771195e-01  3.97283648e+00]
 [-2.00270092e+00  4.61199754e+00 -7.76104340e-01 -1.09852918e-02
  -1.19422742e+00 -4.03272020e+00]
 [ 4.95863237e+00  9.98976665e-01  8.34483281e-01  3.50488703e+00
  -2.12800967e+00  1.38155180e+00]
 [ 4.24964885e+00  4.10144358e+00  3.92567217e+00 -1.16226939e+00
  -3.77304984e+00 -3.95431976e+00]
 [-9.32955633e-01 -3.27503828e+00 -2.94597060e+00 -4.13706703e+00
   1.62166495e+00  2.60524245e+00]
 [ 9.38652194e-01 -1.12550217e+00  2.00693533e+00 -5.78257434e-01
  -6.98371953e-01 -4.67217685e+00]
 [-4.09221342e+00  3.28247522e+00  2.85522225e+00 -2.71213932e+00
  -2.66107763e+00 -3.26690375e+00]
 [-4.51611500e+00  4.19908218e-02 -1.89716965e+00  2.57185452e+00
  -2.55558032e+00  6.25506775e-01]
 [-3.66225149e+00 -4.61107823e+00 -4.14517125e+00  3.06726240e+00
  -3.72525556e+00 -3.41490963e-01]
 [-1.19658407e+00  3.97178502e+00 -1.38891934e+00 -2.95990588e+00
  -1.59309724e+00  2.54802039e+00]
 [-1.89930674e+00 -1.83481873e+00  1.08425707e+00 -3.41764885e+00
   2.69272153e+00  1.22725040e+00]
 [-3.39030899e+00  4.96262905e+00 -4.46175569e+00  1.33434211e+00
   4.01510339e+00 -4.27499708e+00]
 [ 3.57738462e+00 -4.61521357e+00  1.28685441e+00 -1.34836630e+00
   1.07191258e-01  2.16566896e+00]
 [-2.01944800e+00  1.74994059e+00 -4.01769192e+00 -3.59015830e+00
   1.35749485e+00 -3.87061876e+00]
 [ 1.36940875e+00 -2.30450659e+00 -5.42234389e-01 -1.48741609e+00
   4.32467553e+00 -4.11395013e+00]
 [ 8.34761275e-01 -2.34719004e+00  2.25887438e+00  3.56048723e+00
  -5.17827004e-01  4.92785141e+00]
 [ 3.02610653e-01 -4.83305788e+00  2.63464206e+00 -4.80569802e+00
   2.17079745e+00 -1.20874693e+00]
 [-2.20391020e+00  3.89479365e+00  3.01031359e+00  1.82138789e+00
  -7.89721349e-01  3.90161817e+00]
 [ 5.91556543e-01 -3.73662114e+00 -4.01122309e+00 -2.27888803e+00
   2.38010239e+00 -4.33285062e+00]
 [-4.68568377e+00 -1.96772584e+00  4.59302673e+00 -1.17817181e+00
  -1.97335486e+00  2.01588600e+00]
 [-2.40467712e+00  1.98413536e+00  6.49260993e-01 -4.49946621e+00
  -4.37345919e+00 -5.99858048e-01]
 [ 1.09340914e+00  3.27336685e+00 -1.14954870e+00  1.16607661e+00
   1.58389284e+00 -4.91227663e+00]
 [ 2.67015596e+00  8.34802888e-01  1.85025761e+00  2.98348191e+00
  -3.08077694e+00  3.92899702e+00]
 [ 4.62669741e+00 -1.62284150e+00  2.30588210e+00  2.20172418e+00
  -4.47271784e+00  1.83921030e+00]
 [ 2.73453237e+00  1.43976411e+00 -4.81401145e+00  3.24036864e+00
   3.36281169e+00  3.81328540e+00]
 [ 3.69725507e+00  2.84272649e+00  1.68705247e+00 -4.19075830e+00
   8.51421714e-01 -2.00288317e+00]
 [-3.46570388e+00  4.72949601e+00  3.44611207e+00 -2.01455526e+00
   2.47251020e+00 -1.19159817e+00]
 [ 5.57777142e-01 -4.01644599e+00 -2.80025881e+00  2.07020846e+00
   2.73325302e+00  4.64226059e+00]
 [-4.43826457e+00  3.14386219e+00  2.35057320e+00 -3.19058631e+00
  -3.02714577e+00 -3.29682532e+00]
 [-2.79438050e+00 -3.78681862e+00  1.56101594e+00  4.21529577e+00
   4.45401687e+00 -2.83030380e+00]]
