[[  4162.74842605]
 [ -4866.62147095]
 [   131.94649143]
 [ 31389.07250096]
 [  -648.42792392]
 [ 34821.55940516]
 [-31876.74735255]
 [-32209.60878322]
 [ 21844.91671882]
 [ 17627.91639615]
 [ 28004.18158731]
 [-19027.16119489]
 [  2887.32624164]
 [ 16149.38074552]
 [-21346.69073672]
 [ -1542.14884823]
 [-15527.52515149]
 [ 16846.42399596]
 [ 23532.2061633 ]
 [ 32153.70297504]
 [ 43832.76441977]
 [ 56206.81496919]
 [-12118.79883094]
 [-32456.807657  ]
 [-10016.76293458]
 [-34267.44095528]
 [ -5184.83328601]
 [  4043.56049087]
 [-10672.25953988]
 [-21880.07375146]
 [ 71921.47902305]
 [ 33160.21998999]
 [ 36288.63310832]
 [-30790.92974538]
 [ 19810.72834569]
 [  1284.10208632]
 [-11688.68855504]
 [-21703.89946152]
 [ -6442.65396638]
 [-36334.17554239]
 [-18974.2841121 ]
 [-38451.47976672]
 [ -2858.32489355]
 [-27982.12734313]
 [-22196.1381955 ]
 [ -8491.13812626]
 [-16811.87348899]
 [-32852.68310001]
 [ 33120.62063356]
 [ 40729.98665901]]
