[[ 1.49542075e+00  1.32935038e+00  1.33731768e+00 -2.38269234e+00
  -1.20080806e+00 -2.86058132e+00]
 [-2.90398643e+00  3.44058518e+00 -3.99583266e-01  4.90105346e+00
   3.14426695e+00 -3.40978760e+00]
 [ 3.52390058e+00  4.66325390e+00  9.38472376e-01 -3.63244724e+00
   2.62341896e+00 -2.63379940e-01]
 [-4.59685217e-01  2.08600351e+00  1.07771970e+00 -1.54468598e+00
   1.93302036e+00 -2.21347469e+00]
 [ 2.00656975e-04  3.22631511e+00  3.32058901e+00 -8.00817283e-01
   1.25351532e+00  4.51876186e+00]
 [-1.68381907e+00 -2.98044664e+00 -7.86606385e-01  2.00523323e+00
  -4.93002466e+00 -4.35225769e+00]
 [ 2.54808641e+00  5.71437618e-01  1.03977374e-01 -3.03372004e+00
   3.73323003e+00  2.50156580e+00]
 [-3.22212529e+00 -1.36998529e+00  2.60136253e+00  4.30054162e+00
   4.69800354e+00 -1.90476976e+00]
 [-1.19103188e+00 -4.71804389e+00  4.69513339e+00 -4.07964648e-01
   2.27519843e+00  1.56726935e+00]
 [ 4.28511131e+00 -1.72292595e+00  4.83668218e-01 -3.74702125e-01
  -1.33134505e+00 -5.34625643e-01]
 [-7.79384480e-02 -4.51259563e+00 -4.31283981e-01  1.38920019e+00
  -2.88861026e+00  1.24669681e+00]
 [-4.37037031e+00 -2.03705556e+00  2.50092068e+00  2.09872793e+00
   1.25114467e+00 -4.96187701e+00]
 [ 1.61493894e+00  3.00172551e+00  4.29968127e+00  1.09688449e+00
  -3.91519598e-01  4.39256681e+00]
 [-4.55093127e+00  2.63237423e+00  3.22672798e+00  4.80399012e+00
   2.24104208e+00 -4.20622762e+00]
 [-2.98330418e+00 -2.68658578e+00  4.52160262e+00  4.39865025e+00
  -1.27194359e+00 -6.91688523e-01]
 [ 3.22204070e+00 -4.35418253e-01 -1.41569949e+00  1.61574408e+00
   2.11358578e+00 -1.61238053e+00]
 [-2.16954165e+00 -4.33205730e+00 -6.28388727e-01  1.52818946e+00
   2.48122669e+00  3.98238201e+00]
 [-7.24357496e-01 -2.86564466e+00  3.68828638e+00 -1.68136869e+00
   4.89624847e+00  3.81565233e-01]
 [ 2.41335983e+00 -1.28445812e+00  4.81063409e+00 -4.15392866e+00
  -4.61670365e+00 -4.78131564e+00]
 [-6.06701432e-01  1.16149682e+00 -2.43636964e+00 -1.33740978e+00
  -3.75503945e+00  5.29311299e-01]]
