[[-2.91777773  0.86841181 -1.81969184  4.10119743  1.21820399  4.34607705]
 [-4.66476237 -3.93722048 -2.55779499 -4.62906347 -1.15952897 -1.70166628]
 [ 4.56143483 -3.45369746  4.62125928 -2.20402759  0.96462377  4.25851931]
 [ 0.2828013  -4.44019594 -3.36354334 -1.98949634 -4.51703516 -0.40623713]
 [ 3.43094742 -0.37178211  0.76664924 -2.36080169 -1.18289877  1.97096263]
 [-4.95981587 -4.8250885   1.59625194  4.41215601  1.3573004   3.76256537]
 [ 2.81242387  4.25884552  1.64090502  3.93697752  3.56040932 -1.0847216 ]
 [ 4.6978445   0.64969944 -2.18185402  2.21657729  1.26482051 -1.32767787]
 [ 0.69057942  1.41321719 -1.13546699 -3.27111204 -3.77801167  4.43009198]
 [-0.20365928 -2.13294032 -0.08748027 -3.43792598  3.90497232  4.85754306]
 [-4.72377283  4.61490769  3.67593708  2.74129204 -4.67433174  0.2124753 ]
 [-1.63221294 -2.72920637  3.52248544  1.13024176 -3.70602579  4.59650427]
 [ 3.09514776  4.86068061  1.65343323  4.78203999 -4.65743248  4.62784956]
 [ 1.90939163 -0.1641836  -3.5018192  -4.81771448  3.41073733 -0.51928884]
 [ 3.85975672  2.58167236  2.06248556 -3.64904432 -0.37104438 -1.1066677 ]
 [ 4.22276395 -1.67050847  4.27801593  3.29418546 -1.3666275  -4.0477425 ]
 [-0.19558806  4.52841614 -4.36543315  2.83357723  2.6910471  -0.62616116]
 [ 4.89637172  2.67291881 -0.94643972 -0.75724598 -3.77222296  2.19369818]
 [-1.20862109 -1.61062612 -3.05429661 -0.70468262 -2.50394438 -1.56559445]
 [-2.26547023 -3.65434225  2.78862315  4.38944228 -1.13060461  2.17090354]]
