[[1.00000000e+000 1.86676537e-059 4.08722218e-043 1.70379300e-033
  7.78866741e-019 6.81667332e-053 1.29741817e-045 3.38246222e-087
  8.33555673e-044 4.52053490e-071 9.95248232e-108 1.23636250e-069
  3.26458853e-028 1.17726365e-025 1.37119395e-070 1.57025359e-047
  1.31867747e-030 2.20268597e-101 5.26752111e-015 2.06500489e-051
  1.00000000e+000]
 [1.86676537e-059 1.00000000e+000 2.62641473e-050 1.23419326e-024
  4.10666193e-037 1.89659151e-024 5.70065444e-053 1.74630099e-047
  2.81704154e-083 3.20425172e-045 2.42561964e-050 3.35304722e-070
  2.42099776e-029 9.89393621e-069 1.80722154e-036 1.03339907e-015
  1.37124975e-022 5.73768056e-033 7.17117222e-054 1.04076055e-026
  1.00000000e+000]
 [4.08722218e-043 2.62641473e-050 1.00000000e+000 1.72581017e-051
  1.51897829e-012 3.61998347e-068 1.19329221e-055 1.74863637e-071
  1.39805137e-030 5.63525486e-023 2.39446349e-069 1.57103115e-045
  9.02193184e-048 1.47864983e-080 1.87074536e-077 2.63008673e-058
  6.45687946e-037 1.66400663e-099 7.57529787e-048 1.73010994e-068
  1.00000000e+000]
 [1.70379300e-033 1.23419326e-024 1.72581017e-051 1.00000000e+000
  4.71015137e-036 2.43282466e-034 3.96336885e-081 2.11779371e-064
  1.26352355e-062 3.10604037e-072 5.30856567e-084 1.00673061e-075
  1.92096559e-045 1.77936701e-050 6.42832224e-055 2.11099899e-039
  1.68880021e-042 2.68219086e-056 1.79778467e-029 4.83098396e-013
  1.00000000e+000]
 [7.78866741e-019 4.10666193e-037 1.51897829e-012 4.71015137e-036
  1.00000000e+000 1.74488547e-034 2.27214886e-039 4.32821141e-071
  9.12021780e-038 1.21505011e-038 7.41148009e-062 1.19521973e-045
  2.16766785e-026 3.82268978e-049 1.66792254e-043 1.89497985e-027
  1.66552929e-014 6.57995034e-077 1.82785737e-018 3.91418598e-051
  1.00000000e+000]
 [6.81667332e-053 1.89659151e-024 3.61998347e-068 2.43282466e-034
  1.74488547e-034 1.00000000e+000 2.40572320e-071 1.94144844e-069
  2.61862614e-078 9.21741095e-074 5.05067024e-042 5.13921170e-077
  5.74969821e-029 5.61737028e-048 3.49131252e-005 4.73940871e-009
  2.01057172e-017 2.67908531e-025 3.46339136e-033 1.40584263e-041
  1.00000000e+000]
 [1.29741817e-045 5.70065444e-053 1.19329221e-055 3.96336885e-081
  2.27214886e-039 2.40572320e-071 1.00000000e+000 5.43240359e-043
  9.63187082e-066 3.21778043e-037 1.99832193e-064 5.48171302e-036
  5.64529206e-021 8.00543901e-044 3.39457939e-071 8.19869448e-038
  2.32644246e-035 1.02999707e-078 4.41780301e-050 5.05620456e-065
  1.00000000e+000]
 [3.38246222e-087 1.74630099e-047 1.74863637e-071 2.11779371e-064
  4.32821141e-071 1.94144844e-069 5.43240359e-043 1.00000000e+000
  3.22343498e-053 1.34575676e-030 2.79014852e-027 3.13792484e-021
  1.52285772e-042 9.37814999e-051 2.54939906e-063 4.15126468e-052
  3.14609126e-067 3.65050785e-030 4.24583217e-068 6.78572316e-035
  1.00000000e+000]
 [8.33555673e-044 2.81704154e-083 1.39805137e-030 1.26352355e-062
  9.12021780e-038 2.61862614e-078 9.63187082e-066 3.22343498e-053
  1.00000000e+000 1.74211746e-030 8.52081685e-066 3.90321297e-039
  5.83630358e-043 4.58892436e-040 3.08601034e-081 2.74462723e-080
  3.33132283e-056 1.62836913e-088 2.05974279e-048 3.13940683e-073
  1.00000000e+000]
 [4.52053490e-071 3.20425172e-045 5.63525486e-023 3.10604037e-072
  1.21505011e-038 9.21741095e-074 3.21778043e-037 1.34575676e-030
  1.74211746e-030 1.00000000e+000 8.10532430e-039 1.20015766e-032
  2.51223398e-033 1.18334830e-070 2.17167747e-073 1.39030638e-056
  3.99764199e-041 1.34682808e-066 5.10618587e-075 2.44031352e-070
  1.00000000e+000]
 [9.95248232e-108 2.42561964e-050 2.39446349e-069 5.30856567e-084
  7.41148009e-062 5.05067024e-042 1.99832193e-064 2.79014852e-027
  8.52081685e-066 8.10532430e-039 1.00000000e+000 4.35773356e-032
  1.85426654e-049 1.04011355e-073 2.87084063e-026 2.03861191e-036
  1.52707923e-052 5.72998153e-019 6.70169063e-071 1.12940350e-062
  1.00000000e+000]
 [1.23636250e-069 3.35304722e-070 1.57103115e-045 1.00673061e-075
  1.19521973e-045 5.13921170e-077 5.48171302e-036 3.13792484e-021
  3.90321297e-039 1.20015766e-032 4.35773356e-032 1.00000000e+000
  1.59321229e-052 3.30356921e-055 8.91679379e-067 2.99891557e-056
  9.95459479e-067 7.46871991e-062 6.17906722e-044 1.71556231e-049
  1.00000000e+000]
 [3.26458853e-028 2.42099776e-029 9.02193184e-048 1.92096559e-045
  2.16766785e-026 5.74969821e-029 5.64529206e-021 1.52285772e-042
  5.83630358e-043 2.51223398e-033 1.85426654e-049 1.59321229e-052
  1.00000000e+000 2.96866084e-020 1.30883945e-034 1.95562603e-019
  2.51938691e-009 7.04798240e-045 4.88382458e-036 4.50329763e-049
  1.00000000e+000]
 [1.17726365e-025 9.89393621e-069 1.47864983e-080 1.77936701e-050
  3.82268978e-049 5.61737028e-048 8.00543901e-044 9.37814999e-051
  4.58892436e-040 1.18334830e-070 1.04011355e-073 3.30356921e-055
  2.96866084e-020 1.00000000e+000 1.48402132e-052 2.89966319e-046
  1.70621672e-042 1.39682289e-059 3.83207034e-026 1.22903477e-047
  1.00000000e+000]
 [1.37119395e-070 1.80722154e-036 1.87074536e-077 6.42832224e-055
  1.66792254e-043 3.49131252e-005 3.39457939e-071 2.54939906e-063
  3.08601034e-081 2.17167747e-073 2.87084063e-026 8.91679379e-067
  1.30883945e-034 1.48402132e-052 1.00000000e+000 1.28700621e-011
  2.23387831e-025 2.00388929e-019 1.71685197e-040 1.35565376e-052
  1.00000000e+000]
 [1.57025359e-047 1.03339907e-015 2.63008673e-058 2.11099899e-039
  1.89497985e-027 4.73940871e-009 8.19869448e-038 4.15126468e-052
  2.74462723e-080 1.39030638e-056 2.03861191e-036 2.99891557e-056
  1.95562603e-019 2.89966319e-046 1.28700621e-011 1.00000000e+000
  3.27218455e-012 1.74930352e-027 9.22034019e-031 1.79307487e-035
  1.00000000e+000]
 [1.31867747e-030 1.37124975e-022 6.45687946e-037 1.68880021e-042
  1.66552929e-014 2.01057172e-017 2.32644246e-035 3.14609126e-067
  3.33132283e-056 3.99764199e-041 1.52707923e-052 9.95459479e-067
  2.51938691e-009 1.70621672e-042 2.23387831e-025 3.27218455e-012
  1.00000000e+000 3.97103072e-052 1.04197239e-034 9.16730847e-057
  1.00000000e+000]
 [2.20268597e-101 5.73768056e-033 1.66400663e-099 2.68219086e-056
  6.57995034e-077 2.67908531e-025 1.02999707e-078 3.65050785e-030
  1.62836913e-088 1.34682808e-066 5.72998153e-019 7.46871991e-062
  7.04798240e-045 1.39682289e-059 2.00388929e-019 1.74930352e-027
  3.97103072e-052 1.00000000e+000 3.37440124e-068 2.10889197e-037
  1.00000000e+000]
 [5.26752111e-015 7.17117222e-054 7.57529787e-048 1.79778467e-029
  1.82785737e-018 3.46339136e-033 4.41780301e-050 4.24583217e-068
  2.05974279e-048 5.10618587e-075 6.70169063e-071 6.17906722e-044
  4.88382458e-036 3.83207034e-026 1.71685197e-040 9.22034019e-031
  1.04197239e-034 3.37440124e-068 1.00000000e+000 6.66061362e-032
  1.00000000e+000]
 [2.06500489e-051 1.04076055e-026 1.73010994e-068 4.83098396e-013
  3.91418598e-051 1.40584263e-041 5.05620456e-065 6.78572316e-035
  3.13940683e-073 2.44031352e-070 1.12940350e-062 1.71556231e-049
  4.50329763e-049 1.22903477e-047 1.35565376e-052 1.79307487e-035
  9.16730847e-057 2.10889197e-037 6.66061362e-032 1.00000000e+000
  1.00000000e+000]
 [1.00000000e+000 1.00000000e+000 1.00000000e+000 1.00000000e+000
  1.00000000e+000 1.00000000e+000 1.00000000e+000 1.00000000e+000
  1.00000000e+000 1.00000000e+000 1.00000000e+000 1.00000000e+000
  1.00000000e+000 1.00000000e+000 1.00000000e+000 1.00000000e+000
  1.00000000e+000 1.00000000e+000 1.00000000e+000 1.00000000e+000
  0.00000000e+000]]
