[[-2.44539654e+00 -2.29426069e+00 -1.96716657e+00  4.55627817e+00
  -4.60347818e-02 -1.15328984e+00]
 [ 4.16714919e+00 -2.86336023e+00 -1.41089880e+00 -3.71702976e+00
  -1.13494002e+00  3.02053220e+00]
 [-4.07166972e+00  4.25829821e+00 -4.48569082e-01  2.97730112e+00
  -1.76723920e+00  5.15632602e-02]
 [ 3.74335852e+00 -2.08830080e+00  4.71791379e+00 -2.64169415e+00
   1.12195599e+00 -3.49526539e-01]
 [-1.85529426e+00 -4.53692003e-01  6.90489116e-01  3.27898010e+00
  -4.67720455e+00  3.78918784e+00]
 [-2.15833049e+00  3.77794514e+00 -2.17350707e-01 -4.63510788e+00
  -3.38473370e+00 -8.91210749e-01]
 [-1.61714766e+00  4.59440543e+00 -3.75597254e+00  2.87886300e-01
  -2.66918015e+00 -1.99558462e+00]
 [ 3.17502078e+00 -7.63613522e-01  4.06342863e+00 -4.89970367e+00
   4.37972733e+00 -2.47993116e-01]
 [-2.45749552e+00 -1.27775635e+00 -3.44534386e+00  4.17301158e+00
   2.00558197e+00  3.70030312e+00]
 [ 1.68246846e+00  1.76976015e+00  1.55748347e+00 -3.87994821e+00
   3.12804909e+00  3.80624088e+00]
 [ 2.66320156e+00 -4.28912353e+00  2.26370617e+00 -6.07072507e-01
   3.16428819e+00 -1.74248283e+00]
 [-2.96741236e+00  2.60179017e+00 -3.42093969e+00 -4.85757108e+00
  -2.02323818e+00  3.89429804e+00]
 [ 6.66191621e-01 -3.09281850e+00  3.28602626e+00 -3.63606070e+00
  -4.54715433e+00  3.20939497e+00]
 [ 4.00979962e+00  1.61456984e-01  4.73285543e+00  3.76976987e+00
   1.57144538e+00  1.47628037e+00]
 [-3.33124348e+00 -2.25479102e+00  2.63339046e+00  5.10575815e-01
   1.53973243e+00  1.72260054e+00]
 [ 8.09797619e-01 -3.52266891e+00  1.60704094e-01 -1.75559842e+00
   1.73289182e+00 -1.04913914e+00]
 [-4.86833543e+00  4.44537425e+00  2.14167532e+00 -4.09688747e+00
  -4.41077777e+00 -4.76286043e+00]
 [-4.16042847e+00 -3.08725787e-01  2.15854962e+00 -5.61684630e-01
   7.70081783e-01 -4.00476416e+00]
 [ 4.08846246e+00 -4.45923755e+00 -1.20889720e+00 -9.88991573e-01
   4.12220848e+00 -4.09253558e+00]
 [-2.52923013e+00  3.83616326e+00 -4.10235394e+00 -2.00755039e+00
   1.56731197e+00  1.10534192e+00]
 [-3.94685437e+00  2.10065218e+00 -1.29253663e+00  4.37572627e+00
   1.94904777e+00 -3.38819933e-01]
 [ 4.29690893e+00 -3.61801278e+00 -3.54421941e+00  2.30603456e+00
  -1.35180443e+00 -1.08063886e+00]
 [ 1.17987952e+00 -4.78843209e+00 -1.54175689e+00 -4.30559367e+00
   4.64148471e+00 -3.10280710e+00]
 [-4.20606000e+00 -3.58095205e+00 -1.69150944e-01  3.62260634e+00
  -1.27856826e+00 -1.97685517e+00]
 [-3.02689042e+00  2.30623764e+00  2.88890186e+00 -8.90564333e-01
   1.69854208e+00 -5.47457928e-01]
 [ 4.12407271e-01  2.54618169e+00  7.52752522e-01 -1.05697474e+00
  -6.58980395e-01  4.62003979e+00]
 [ 1.68954357e+00  1.91466574e+00  3.33715136e-01 -2.75648428e+00
   1.40052890e+00  2.20420327e+00]
 [-4.23957622e+00 -1.82349716e+00  1.70460549e+00  8.17394645e-01
   5.64012966e-01 -6.79619477e-01]
 [ 6.25616432e-01 -2.90361310e+00  3.38540032e+00 -1.90890849e+00
   2.94426106e+00  1.58344222e-01]
 [-2.09385597e+00  2.25684912e+00 -4.48687594e-01 -2.03715413e+00
  -2.77942236e+00  4.58078983e+00]
 [ 7.51353613e-01  1.90813573e+00 -1.60842033e+00 -2.52632325e+00
   1.16933054e+00  4.89473969e+00]
 [-7.95189565e-01  2.21059283e+00 -3.77564008e+00 -3.28310889e+00
  -2.07813491e-01  3.70330353e+00]
 [-3.68934580e+00 -4.41726458e+00  3.64178611e+00 -2.12413332e+00
  -9.29346843e-01  3.45177238e+00]
 [ 4.81979531e+00  1.04463988e+00 -3.14462855e+00  5.16840635e-01
   3.89314177e+00 -2.76444291e+00]
 [-2.58417833e-01 -1.78047455e+00  4.74321587e+00 -1.90955008e+00
   3.52745259e+00  2.12861779e+00]
 [ 2.85580385e+00  4.70059209e+00 -2.03909845e+00 -2.58809052e+00
  -1.63716728e+00  1.43251196e-01]
 [ 8.83753436e-01 -9.84619271e-01  5.85152884e-01  6.00212370e-01
   2.35780396e+00  2.53585106e+00]
 [-1.34106626e+00 -3.38724264e+00 -4.42188785e+00  3.12985900e+00
   7.40720271e-01  4.72738001e+00]
 [-3.10851121e+00 -4.92312664e+00  1.63819038e+00  4.34028332e+00
  -2.23562448e+00  2.40577756e+00]
 [ 3.80892718e+00 -3.80741417e+00  3.61582699e+00 -3.25143254e+00
  -4.57386221e+00  3.70317144e+00]
 [ 2.68825589e+00  4.42403809e+00  7.94911122e-01 -1.37609011e+00
   6.95022252e-01 -2.33926069e+00]
 [ 1.81518221e+00 -4.93974495e+00 -1.43860133e+00 -4.92959763e+00
   3.96799149e+00  4.03483141e+00]
 [-4.56821066e+00  1.73838166e+00  8.40746887e-01  4.09930245e+00
   5.34898108e-01  3.67943115e-01]
 [ 1.01388677e+00  2.88801204e+00  1.78448745e+00 -2.29762666e+00
   1.92989462e+00  3.33470159e+00]
 [ 2.30850384e+00  4.38049030e+00  4.80519549e+00 -3.51213474e+00
  -4.57385501e+00  3.38900044e-01]
 [-6.82233766e-02 -1.90868936e+00  4.23507653e+00  2.77060791e+00
   2.01552666e+00 -2.63932473e+00]
 [-2.30739294e+00  1.16667687e+00 -1.63124906e+00  2.01965514e+00
  -1.65467919e+00  1.92434927e+00]
 [ 1.06581420e-01 -6.66078517e-01 -5.18951768e-01 -1.83215779e+00
   1.51332180e+00 -1.67522522e+00]
 [-2.10716934e+00  1.43199138e+00  1.27643723e+00  4.21750332e+00
   4.03911615e+00 -3.14319033e+00]
 [ 1.41206502e+00 -4.92427624e+00  4.76663209e+00  1.55233855e+00
   2.70037180e-01  2.17472927e-01]
 [ 3.40468947e+00  4.08217083e+00  4.27654576e+00 -1.72270444e+00
  -4.47280684e+00 -7.97365054e-01]
 [ 4.86994107e+00 -3.33124800e+00  4.27835549e+00  2.34521590e+00
  -4.05344539e+00 -2.90979015e-01]
 [-4.20386423e+00  2.79149886e+00 -4.95145052e+00  1.19305520e+00
   2.25069871e+00 -2.16959208e+00]
 [ 4.77000213e+00  2.61262914e+00  8.21506816e-01 -3.20359692e+00
  -3.17798796e+00  2.16236354e-01]
 [-4.71747881e+00 -1.41661091e-01  3.83168490e+00 -1.47098110e+00
   4.19600481e+00 -3.47691315e+00]
 [-4.40273097e+00 -3.30600638e+00 -4.60468496e+00  2.05626710e+00
  -3.90807654e+00 -4.47051336e+00]
 [ 1.54955140e-01  2.88885382e+00  3.12472645e+00 -2.16938116e+00
   4.97244598e+00  3.31804450e+00]
 [ 8.62738867e-01  2.55330171e+00 -2.79848205e+00 -2.26595020e+00
  -1.18672208e+00  2.66204837e+00]
 [ 4.73264895e+00 -2.74186715e+00  4.88199479e+00  1.76852288e+00
   4.94733149e-01 -2.56161794e+00]
 [-4.73074933e+00  2.23028666e+00  4.06429505e+00 -1.46913548e+00
   2.73789209e-01 -1.66512805e+00]
 [-3.43372933e+00  3.73667628e+00 -1.65142713e+00  1.84120604e-01
   2.75217370e+00 -3.52007635e+00]
 [-1.11024273e+00 -3.19837066e-01  7.02614750e-01 -6.80572240e-01
   4.43392735e+00  1.29276795e+00]
 [ 3.38741192e+00 -3.50210833e+00 -6.71542165e-01 -1.36583080e-01
   8.13550394e-01 -8.64056169e-01]
 [ 4.61777459e-03  3.79393102e+00  1.78422467e+00 -4.86080067e+00
  -1.73008884e+00 -2.31438919e+00]
 [-3.09240691e+00 -1.00246516e+00  9.24449845e-02 -6.46304107e-01
  -2.96931279e+00 -1.63516934e+00]
 [ 2.36265282e+00  4.58987738e+00  3.07293579e+00 -6.66283981e-01
   3.11178031e+00  2.32753203e+00]
 [-3.65673379e+00 -2.48289420e+00 -1.03485156e+00 -2.30527726e+00
   1.25665505e+00 -1.69576761e+00]
 [ 1.46637505e+00 -4.43140565e+00  3.23921986e-01 -2.27860683e+00
   1.39378937e+00  8.01171736e-01]
 [ 4.16697302e+00 -4.48633962e+00 -3.03662279e+00 -4.30807068e+00
  -4.78768467e+00  4.69669736e-01]
 [-9.58482613e-01 -1.50364376e+00  4.29648906e+00  2.88468127e+00
  -4.94409706e+00 -4.19220735e-01]
 [-4.08510804e+00 -4.87226915e+00 -1.35332948e+00 -4.10445452e+00
   4.07427860e-01  4.93203318e+00]
 [-3.67745257e+00 -2.98864851e+00 -4.43577585e+00 -1.75740028e+00
   2.21433892e+00 -1.94146102e+00]
 [-8.08893521e-01 -3.77127208e+00 -2.93920724e+00  1.39063328e+00
  -2.67899449e+00  4.67152604e+00]
 [ 3.34961591e+00  1.15227790e+00  1.90652162e+00  4.74452436e+00
  -2.56468431e+00  2.56785445e+00]
 [ 4.59045225e+00 -4.00993058e+00  9.81649236e-01 -3.21350218e-02
   3.64210363e+00 -4.37081779e+00]
 [-1.87839386e+00  2.95385230e+00  3.02654813e+00  4.91783836e+00
  -6.83679434e-01 -3.22279169e+00]
 [ 2.51132716e+00 -2.92993814e-01 -3.21967834e-01  1.31382969e+00
  -3.63951018e+00  5.91298686e-01]
 [-4.78766481e-01  1.99873785e+00 -4.66911392e+00 -1.64920732e+00
   4.37527667e+00  1.86807451e+00]
 [-1.28308453e+00  2.10747238e+00  3.82110910e+00  2.12893412e+00
  -2.06030707e+00 -2.12690249e+00]
 [ 3.84030916e+00  2.82924989e+00 -3.75244396e+00  2.85830716e+00
  -4.25511430e+00 -1.10698563e+00]
 [-6.71779426e-01  4.10789539e-01  3.05577616e+00 -2.10704389e+00
  -4.04274368e-01 -4.96253764e+00]
 [-3.81241872e+00 -3.61635235e-01  1.05708408e+00 -2.73674871e+00
  -3.60056828e+00 -3.79321813e+00]
 [-7.58958628e-01  3.52233169e+00 -3.77275255e+00  1.47592843e+00
  -1.33842263e+00  4.17791710e+00]
 [ 4.13354726e+00  3.96329274e+00  3.86117195e+00  2.85830498e+00
   2.56753607e+00  2.64368376e+00]
 [-3.22961171e+00 -2.77709819e+00 -4.24164037e+00 -4.60254541e+00
   4.74719955e+00  3.22638556e+00]
 [-3.53042249e+00 -3.07354169e-01  4.93876116e+00 -2.05024321e+00
  -4.92429779e+00  2.79166766e+00]
 [ 4.32681111e+00 -3.26993926e+00 -1.48103736e+00 -3.39065653e+00
  -4.67874442e+00 -2.04249677e+00]
 [ 3.16067909e+00  2.88800869e+00 -4.24482161e+00  2.99577050e+00
  -4.98394603e+00  2.40270743e+00]
 [-2.49901000e+00 -5.11347797e-02  3.75995170e+00  4.33141900e+00
  -3.57875284e+00 -1.15459311e+00]
 [-4.47998528e+00  3.42319143e+00  3.40567094e+00 -2.13449382e+00
   3.45038799e+00  1.82209377e-01]
 [ 8.63773507e-01 -1.53502583e+00 -1.79000883e-01  3.77632057e+00
  -6.37201952e-01 -2.79544422e+00]
 [ 4.94549930e+00  4.43077452e+00 -4.86714076e+00 -4.73804169e+00
   6.97975819e-01 -1.78088965e+00]
 [-3.03130427e+00  3.48448648e+00  1.56968272e+00 -2.84718459e+00
   3.95372597e+00  2.89921991e+00]
 [ 1.22646115e+00  4.89051397e+00  2.82301643e+00  6.31858846e-01
   3.32554860e+00  3.17075807e+00]
 [ 9.63481791e-01 -3.24602102e+00  4.96369577e-01 -2.56176799e-01
   4.38112340e+00 -1.38084453e+00]]
