[[ 1.54706037e+00  2.68734874e+00  4.19854978e+00 -1.90378334e+00
  -4.65749021e+00  6.93322139e-01]
 [ 3.92485788e+00 -4.88881406e-01  2.31043914e+00  1.58924502e+00
   4.45797968e+00 -3.55725622e+00]
 [-4.27075011e+00 -1.90752390e+00  1.77538803e+00  7.08189429e-01
   1.93989163e+00  2.15014531e+00]
 [-2.19542726e-04 -4.09570015e+00 -3.56088644e-01 -1.55164285e+00
   4.95957651e+00  3.91203540e+00]
 [ 3.71310090e+00 -1.52569244e+00 -2.08780197e+00 -4.89306229e+00
  -5.02686922e-01  1.85178097e-02]
 [-3.64760274e+00  2.75951444e+00  2.72573940e+00  4.41732982e+00
  -7.89065492e-01 -2.97482416e-01]
 [-4.68036278e+00 -2.44781864e+00 -1.02789225e+00  3.07755831e+00
  -8.10851482e-01  6.44920575e-01]
 [-3.38877749e-01  4.32844910e+00  4.25379181e+00 -4.32926199e+00
   4.13129454e+00 -1.94038450e+00]
 [ 4.20211978e+00  3.14861580e+00  1.46084378e+00  3.59989628e+00
  -4.16956277e+00  4.24897659e+00]
 [-5.33530487e-01  1.11759239e+00  1.57779353e+00 -1.23198209e+00
  -1.51698754e+00 -2.22382644e+00]
 [ 2.00852857e+00  1.24927831e+00  4.19031635e+00 -1.28049443e-01
   7.59626267e-02  3.71675173e+00]
 [ 2.50776885e+00 -3.23107738e-01  2.85691926e+00  2.33811039e-01
   3.78389473e+00 -2.78479250e+00]
 [ 3.39263060e-02  1.80779387e+00  4.77019278e+00 -4.76406777e+00
   2.72155657e+00  3.58433656e+00]
 [ 3.81777909e-01  2.12659330e+00 -2.13040239e+00 -1.06940475e+00
   8.58455852e-01  1.69119253e-01]
 [ 5.40456614e-01 -2.63248970e+00 -3.02628890e+00  4.08811083e+00
   3.34840965e+00  4.35252867e+00]
 [-8.26848972e-01  1.98969842e+00 -3.06540174e+00  1.83345490e+00
  -5.61411654e-01  3.27833679e+00]
 [-3.37643429e+00  2.66799268e+00 -5.55690999e-01 -3.58541136e+00
  -3.16782247e+00  1.48265022e+00]
 [ 4.95235638e+00  3.57531035e+00  2.68314360e+00  2.39946185e-01
   2.41175599e+00  8.26504015e-01]
 [-4.69269567e+00  3.75723040e+00 -4.60525747e+00  2.23873919e+00
   3.85239634e+00  6.20251778e-01]
 [-8.86101482e-01  4.80595771e+00 -2.67810383e+00  1.91604323e+00
  -3.77392386e+00  3.19424201e+00]
 [-2.68899095e+00  4.44908629e-01 -3.16352268e+00 -8.71375198e-01
   2.05641906e+00 -3.19950010e+00]
 [-2.10597231e+00  9.82736663e-02  2.07568790e+00  2.15628605e+00
   2.24252041e+00  5.60810917e-01]
 [-2.15112404e+00  3.28752108e+00 -2.96105062e+00 -3.50583552e+00
  -3.57270754e+00 -3.99437177e+00]
 [-4.15285622e+00  2.72471879e+00  9.11593200e-01 -1.00040104e+00
  -5.58133263e-01 -2.80770482e+00]
 [ 4.77725851e+00  2.23697651e+00  3.20370445e+00  3.52748533e+00
  -2.10092628e+00 -3.05462235e+00]
 [ 5.68449869e-01 -1.34036622e+00  2.48515884e+00 -3.93327485e+00
  -3.63450510e+00  4.80702728e+00]
 [ 1.53113836e-01  3.41844221e+00  1.88890222e+00 -7.00968392e-01
  -4.35472389e+00  9.35198996e-01]
 [-2.21497970e+00 -1.70699655e+00  3.02841548e+00  4.92026441e+00
  -2.07751565e+00 -3.36855877e+00]
 [ 3.45966651e+00 -8.64366145e-01 -2.47760070e+00  2.72759486e+00
  -4.00245926e+00 -3.39844905e+00]
 [-3.25329167e+00  1.57142204e+00  4.90833127e+00 -1.18150016e+00
  -2.55751919e+00 -1.89247333e+00]
 [ 1.85791999e-02  4.85276015e+00 -3.88722846e+00  1.77356473e+00
  -1.67240726e+00  2.01927340e+00]
 [ 4.10458398e+00 -3.65748930e+00  4.55524613e+00  9.94761371e-01
  -3.59305068e+00  3.28238386e+00]
 [-4.76814872e+00  4.76970515e+00 -4.89717550e+00 -2.45824486e-02
  -6.24458718e-02  1.00374385e+00]
 [-4.34322456e+00  1.78059388e+00  9.59670112e-02  1.85952933e+00
   2.90503983e-01 -5.97329530e-01]
 [ 1.29172449e+00 -5.76834924e-01 -2.65241222e+00  3.37804230e-01
   3.80008360e+00 -4.65753956e+00]
 [ 4.81326338e+00 -2.76416438e-01  3.65957977e+00 -4.13013167e+00
   8.51689273e-04 -1.89118765e+00]
 [-3.96988647e+00  3.17704233e-01  2.03816943e+00 -2.52059877e+00
  -4.80624175e+00 -4.88299946e+00]
 [ 1.83670337e+00  3.78540968e+00 -1.95742638e+00  1.30174326e+00
   1.44088156e+00 -2.93435286e+00]
 [ 2.10307089e+00  2.44299430e+00  3.67969239e+00  3.41319180e+00
   3.39636539e+00 -4.13542011e+00]
 [ 7.48593572e-02  2.96511290e+00  1.07838374e+00  3.59370970e+00
  -2.95584567e+00  4.53780514e+00]
 [ 1.20903085e+00  3.28125735e+00  8.82423415e-01  3.77518339e+00
   4.66524809e-01 -3.89304696e+00]
 [ 4.79373129e+00  1.93655271e+00  2.00264206e+00  4.40256267e+00
   4.67708036e+00 -1.37938689e+00]
 [-2.54054578e+00 -1.00479467e+00 -2.18271104e+00  4.31498874e-01
   2.40205347e+00  6.21892655e-01]
 [-4.67484812e+00 -3.49169926e+00 -1.01040144e+00 -3.11434955e+00
  -1.64589024e+00  4.97503285e-01]
 [ 3.97049878e+00 -3.40642556e+00 -2.50237195e+00  3.64246479e+00
  -2.73569774e+00  3.10643371e+00]
 [-4.55588356e+00 -2.05854898e+00  1.73745487e+00  1.39146804e+00
  -4.05953654e+00  3.73337574e+00]
 [-2.44283752e+00 -3.45174035e+00  6.04230600e-01 -4.75823404e+00
  -3.45801736e+00  1.65763227e+00]
 [-1.58734502e+00 -3.63190167e+00 -4.71258279e+00 -4.28486082e+00
   3.76670392e+00 -3.06147666e+00]
 [-1.86285582e+00  2.27150131e+00 -4.22406664e+00  2.95291135e+00
  -1.82369710e+00  2.89367179e-01]
 [-3.05770333e+00 -1.09629179e+00 -1.02305091e+00  4.05626734e-01
  -2.65397126e+00  4.75622693e+00]
 [-3.49939274e+00 -2.20729964e+00  4.38858254e+00  3.87715441e-01
   2.13144086e+00  2.29567905e+00]
 [-4.18240710e-01 -5.37185736e-01  9.09885494e-01 -2.77735495e+00
  -5.88810583e-02 -3.49423062e+00]
 [-2.49044170e-01  1.91823277e+00 -2.35213617e+00  4.28803408e+00
   2.54655899e+00  2.16816920e+00]
 [-1.60081302e-01  2.50144717e-01  3.88951917e+00  3.14986820e+00
   2.22459025e+00  7.37484723e-01]
 [ 3.67564659e+00  1.02088767e+00  1.74826087e+00 -3.16308127e-01
   2.62174759e+00  4.19365399e+00]
 [ 3.66575894e+00 -2.38224861e+00  4.77626060e+00  4.97553825e+00
  -4.50586138e+00  4.62940402e+00]
 [-3.63134304e+00 -1.25277766e+00 -3.69362877e+00  1.80552381e+00
   4.67452469e+00  1.38239441e+00]
 [-2.18040704e+00 -3.84148085e+00 -3.53040751e-01 -4.03960915e+00
  -3.75045938e+00  3.69064668e-01]
 [-1.56523286e+00 -1.97897020e+00 -4.53312653e+00 -3.54423476e+00
  -4.77403219e+00 -1.56819472e-01]
 [-4.11856618e+00  3.87612282e+00 -2.53186622e+00  2.13428512e-01
   1.78367927e+00  3.57636768e+00]
 [ 1.92690863e+00 -4.40848193e+00  2.23609286e+00 -2.93179925e+00
   2.67563405e+00 -3.58970993e+00]
 [-3.58173993e-01 -2.17339048e+00 -6.88173756e-01  6.45474134e-01
  -4.92262017e+00 -6.47502509e-01]
 [-2.84173965e+00 -4.12548954e+00  3.73417831e+00  1.03593147e-01
   1.34138880e+00 -2.83830070e+00]
 [ 1.57174898e+00 -1.85896817e+00 -1.97743321e+00  1.61408422e+00
  -2.33194085e+00  2.11734763e-01]
 [ 1.80919687e+00 -1.92773141e+00 -3.88137817e+00 -2.24220129e+00
  -4.60674359e+00  2.67900069e+00]
 [-1.26614930e+00  4.12241135e+00 -3.36503025e+00 -1.30053385e-01
  -2.66380859e+00  5.25404937e-01]
 [ 2.28414638e+00 -2.24078187e+00 -5.54775803e-02 -2.12961491e+00
   4.55053929e+00 -1.11734235e+00]
 [-3.92115460e+00  3.45499466e+00 -3.36239063e+00 -2.80779005e+00
  -2.24201228e+00  1.87550034e-01]
 [ 4.26989010e-01 -8.85364705e-01  1.87656049e+00 -4.71675213e+00
  -6.06489061e-01  1.86957201e+00]
 [-3.39442293e+00  1.69992892e+00 -9.83966975e-01  2.71178753e+00
  -2.09748778e+00 -4.65778635e+00]
 [ 7.11344258e-01  1.83271457e-01  2.42971108e-01 -3.43129797e+00
   2.10621160e+00 -3.65707278e+00]
 [-3.96467674e+00 -2.57924697e+00  2.24131737e+00 -2.01556838e+00
  -3.24496953e+00  1.17431153e+00]
 [-4.71155718e+00 -1.90407762e+00  2.50994061e+00 -7.94332697e-01
  -2.44544924e+00 -2.27957965e+00]
 [-3.31962694e+00  3.27175443e+00  3.07097349e+00  1.47585061e+00
  -1.19657842e+00  4.15125836e+00]
 [ 4.45584188e+00 -8.98245625e-01 -4.67939231e+00 -3.32002142e+00
   4.93867534e-01  4.63502230e+00]
 [-3.52760184e+00  5.26349633e-01 -9.45560027e-01 -1.54452915e+00
  -2.84356898e+00  3.36878151e+00]
 [ 1.98473518e+00 -8.33076674e-01  4.77849871e+00  4.53061771e+00
   2.74682960e+00  3.23910846e+00]
 [ 4.60740474e-01 -2.71641951e+00 -1.50229866e+00 -6.33929538e-01
  -3.89961368e+00 -1.42694222e+00]
 [ 3.02581860e+00  1.80614542e+00  1.90594017e+00 -3.28008597e+00
   4.35857721e+00 -1.57644827e+00]
 [ 1.69640925e+00 -4.28433640e+00  1.52984341e+00 -3.74137300e-01
   2.17659159e+00  3.02450753e+00]]
