[[-0.17468995 -2.04370734 -3.78274089  4.80678565 -2.22314934 -1.55981043]
 [ 4.81475093  0.30240834  0.73618439 -1.09093553  2.87814316 -3.06439324]
 [-1.53290323 -0.90574062 -0.3292699  -0.60564122  3.05112578 -1.68350554]
 [-2.70956557 -0.94319329 -3.07991801 -1.50466813 -0.21510868 -4.03872477]
 [-4.46102863  2.33514626 -1.49530756 -0.03949733  2.10586295  4.39032982]
 [ 3.84068992  3.25138188  2.67946796  2.51786047  4.50703161 -2.71996836]
 [ 4.57184269 -2.41379224  4.8823938  -3.82582398 -3.55737151 -2.1334379 ]
 [-4.10367387  1.48459474  2.45073101  1.23481222  2.9250402  -4.98400935]
 [-3.92302958  4.94718161 -1.33593663 -0.98963687  3.61485728 -1.99342952]
 [-4.20832054  4.9592944  -0.39731106  4.98542726  0.46301865  3.29300474]
 [-2.39835701  4.86477932 -1.3645705  -2.31246642 -0.54518626  4.61888726]
 [-4.98816247  2.73565582 -0.99119356  1.38262158  3.56931564 -1.85164504]
 [-1.00406556  2.63684075 -4.8540974  -4.6988654  -3.73396146 -4.67113189]
 [ 2.16450043  3.35780443  1.44894114 -1.43893122 -4.99738295 -2.50918114]
 [-2.59728858 -3.90098609 -2.75440986 -0.99535155  1.13904936 -3.19552193]
 [ 1.03855378  1.40889203 -3.37266517 -3.61870746 -4.46222576 -0.07668472]
 [-0.22862895  2.7040967   0.37181396 -0.01485827  2.88948417  3.50318053]
 [ 0.23760119  3.79407875  0.01209683  0.97402378  1.98347451 -3.4718272 ]
 [ 1.1935557  -0.97151486 -2.97324147 -0.20847356  2.10853971 -1.69021077]
 [ 3.52131294 -2.98410733  4.87314237 -4.96244823 -2.36707796  0.49549312]]
