[[ 2.09798372  3.01015998  3.51008658  3.50927321  1.66055544  4.68619708]
 [ 2.7027346   4.86436063 -1.07803601  0.98311486  3.41287463  0.34983482]
 [ 3.60609666  1.67873393  2.15295154  2.14901239 -4.4043672  -2.30514903]
 [ 2.56868087  3.02233447  4.47828439 -1.84030222 -2.70893197 -3.58658337]
 [-2.65876297  3.49262035 -0.68971216 -4.07178028  0.96064582 -4.31303213]
 [-3.10401715 -1.74509393 -1.4069132   3.15664995  4.68024454 -0.40678495]
 [ 1.86128075  2.00222213 -3.19194498  1.75038417 -0.46504539 -0.51301941]
 [ 0.6432716  -2.35458693 -0.35504317  0.84319816  0.06704948  2.39586433]
 [-1.64481298  3.62967984  4.40217668 -3.37702282 -0.59580756  1.91435076]
 [ 2.97505451 -2.44806308  3.11525873 -2.70558177  0.62497023 -2.3558726 ]
 [-0.48940362  3.25661707 -4.27518074  0.82443068  1.25292933 -4.39079975]
 [ 3.65575179 -2.34510841 -0.41216801 -4.46230413 -4.31463334  1.68622276]
 [ 2.38552943  1.27084716  0.92500415  3.01341021 -4.40571491 -1.7710904 ]
 [-3.96036013  2.48563776  3.64315926 -1.91511262  4.56881056  4.23920815]
 [-1.00109595 -1.59826819  3.45550867  0.95286056  4.91899723  0.351048  ]
 [ 0.93594986  0.54093018  0.42342845 -1.8607474   0.18834268  1.86054983]
 [ 1.73003292 -2.34861672 -4.81315556 -0.55880592  4.74412528 -2.74237638]
 [ 3.78901749  3.25143571 -2.09108545  0.75431187 -4.85352894  4.91126032]
 [-1.89995859 -3.96535131  0.85464881  2.03406693 -3.53477901 -0.48294813]
 [ 1.05006874  0.11819471 -0.24245335 -2.44900061 -1.23064196 -0.97530443]
 [ 4.95321701  0.1664936   2.80550216  0.28454211 -0.13729738 -2.88607722]
 [ 2.34328903  1.70762519 -0.38232359  0.43251312 -3.75988941  1.39201087]
 [-4.87332107  3.94198487  4.17052899 -2.36331121 -2.34906983  3.34973631]
 [-4.9764858   1.78685192  2.69634796 -0.7768836  -4.45460029  1.20254334]
 [ 4.09574068 -0.33506566 -3.83771464  0.91063649  2.486637   -3.921919  ]
 [ 1.32945929 -1.78574907  1.98824437  2.59077392  1.77420841  4.17532725]
 [ 3.17730669 -2.26524509  3.23222544 -1.85625284  1.00713432  4.820572  ]
 [-3.69498354  2.34216309  1.09175712 -2.83591746  0.96559846  3.44367472]
 [ 2.18455177 -2.99299022 -0.33901431 -2.43356911 -0.38649215 -2.59485512]
 [-1.80256026  0.3952819   0.94300785 -1.32442292 -4.66163148  1.11104227]
 [ 4.16432564 -2.62180171  1.5787948  -4.0397339   4.31739907 -2.45840856]
 [-0.08145772 -4.54573678 -0.25536197 -2.12354984  3.05905033  4.08649197]
 [-0.37456485  0.45519783 -2.49695146  1.00622809  2.87675809 -0.06726299]
 [-4.43685324  4.03862905 -0.83343914 -4.52108858 -2.21086767 -4.53972935]
 [ 4.40490627  2.47232118  1.92888537 -1.86421679 -0.39113816 -4.4909272 ]
 [-2.82581007  1.89581745  4.46610022  3.0044364   1.33573009 -0.14199738]
 [ 4.83007401 -4.26084293 -0.71701701  0.15937705  4.76259514 -3.95215153]
 [-0.47695219 -1.16113689 -1.71722342 -4.97851188  0.30778302  3.3385147 ]
 [-3.83142284 -1.55975525  4.73119787 -2.76565663  1.90994658 -3.3536737 ]
 [-2.96390718  1.80070816 -3.25470033  4.96266107  1.77643273 -4.16423709]
 [-0.70204202 -0.04639932  1.35511198 -0.9745921   0.30878683  1.31456172]
 [ 2.56762583  1.66872347  2.56043733  0.86717193  3.07781535 -1.67389503]
 [ 2.75290656 -1.7441209  -0.22522076  3.95160022  3.04861296  1.00830581]
 [-0.32074119 -2.76161255 -2.53070361  4.28902612  1.71008115  3.90001877]
 [-1.16740186 -4.01602763  2.97563873 -3.08583603  2.97485782 -2.78980122]
 [ 3.46826672  2.1173713   2.43606201  2.70571098 -1.40840709  0.01972329]
 [ 4.70292473 -3.47229194  1.11661218  1.07423885  0.17261083 -4.02435814]
 [-4.81119844 -3.82384982 -4.54971529  0.77417214  3.74673873  0.40469621]
 [-3.6101564   3.3058854   0.24522533  3.94427986  3.91207051  4.52727928]
 [ 3.27547639  2.10286893  2.33140361 -2.82768311 -2.2340707  -3.20879561]
 [-4.91684591 -3.57710452  1.66844227  4.14599895 -0.62953982  2.85784972]
 [-0.05181968  0.48257984  1.26379737  3.36301758  2.52678116  4.85443952]
 [-4.05707647 -4.17408666 -0.10091054  3.63366153  3.04460993  1.90157387]
 [-2.85264265  3.25354247  3.56608612  4.73089712 -1.20898126  0.49153017]
 [ 1.29027439  2.86874378  1.72995451 -0.86595423 -3.50311467  2.94861351]
 [ 4.77758238  3.25157502 -0.84469512 -2.75879329  1.73426356 -2.82769877]
 [ 4.04985381  1.95538411 -2.66336559 -4.25031049 -2.01155151 -2.83583258]
 [-3.80481935 -3.73332577 -0.98353834  1.48901545  2.2687652   1.2178464 ]
 [-3.31346296 -2.22263817 -1.34715954 -4.30275824  3.66536373 -2.61771389]
 [-3.23259268 -4.91300557  1.99201831 -4.66915136 -2.62361315 -3.61411209]
 [-4.08909385  3.83297058  2.76223299 -0.21978108 -1.06218412  4.27247811]
 [ 0.09028677  1.01812134  3.83938467 -2.86053227 -3.21452606 -4.94252416]
 [-0.46386143  1.20513206 -0.50251879 -1.50169696 -4.0284423   3.44362568]
 [ 2.02783994 -0.73802566 -2.55062559 -3.10123412  4.00733267  3.00137283]
 [ 2.15924355 -0.92400833 -0.79520498 -4.1177094  -2.16085423  2.54792076]
 [-3.60434613 -4.38921822 -2.05614901 -0.45249676  3.18695563 -1.89521739]
 [-2.4239367   3.30961807  2.16472792  3.44095857 -0.84326497  2.15070059]
 [-0.74813303 -4.08469748 -2.65621312  4.68240905 -2.61404416 -4.88547686]
 [-0.20522764  1.42407304  0.80668799  1.342398   -1.64954149 -1.99294606]
 [ 1.06525467  1.10896979  4.16342198 -0.34748756  4.65887355  3.60026361]
 [-1.09486267  0.95598547 -0.44116169  1.28118865 -0.26021854  3.32359245]
 [-3.09426381 -2.21305624  1.77985207  2.8441962   1.44694605  2.94128317]
 [ 0.93760219  0.3246487  -4.23167188 -1.5650923   2.1467519   4.79399306]
 [-2.19933761 -4.95133455  0.5331734  -1.85042028  0.33505145  1.31029184]
 [ 4.45082186  2.85210594 -1.86664507 -1.84611884 -0.00914388  4.86753146]
 [-2.49349783  2.59094013 -0.0811591  -1.80525349  0.89320154 -2.55684582]
 [-2.16918074  1.83012828  2.93329427  3.94672609  4.51447698  1.31718686]
 [-0.66865461  2.69909303  1.67676624 -2.00111141  2.76723352  1.27969382]
 [-3.85057337  3.83490115  1.53796183 -0.472955    0.63654841  4.8261921 ]
 [ 2.43103154  4.26395874  4.48963808 -2.66718745  0.50905539 -2.40808601]
 [-4.49802917 -1.93054047 -3.37002426 -3.9660182  -1.34182088  2.33658286]
 [ 0.26651812  1.04883582 -2.37541217 -3.01036808 -2.97346379 -0.02807283]
 [-2.47177012  2.39516926  4.68984557  2.93258281  2.59612307 -0.76574945]
 [-0.41905592 -3.01296293 -0.29926039 -4.2337283   3.50787421 -0.18002094]
 [ 1.17193342  3.44332433 -2.34655264 -1.58660321 -3.11837369 -3.1203196 ]
 [-0.23683117 -3.28886577 -3.74636245  1.44419819 -4.23491976 -1.65113297]
 [ 4.45333965 -4.87287224 -2.04652145 -1.35689802  3.91426115  2.50757626]
 [ 2.48705386  4.11630595 -4.55394993  1.1969042  -1.13246604 -1.50650307]
 [-4.92911349 -4.02049639 -4.29598758  4.00058467 -4.24427669 -0.86252902]
 [-1.28026745  3.95236491 -0.37951167 -3.25523024  0.33284076  3.83874197]
 [ 0.71471416  3.3839773  -1.69754894 -2.47683786 -3.80746443 -4.41974737]
 [-1.46595149  4.0884105   2.95155339 -2.88721045 -1.30812955  1.90425609]
 [-2.45649383  0.31155847  2.12797534 -3.18234959  0.98624309 -4.37232967]
 [ 1.31588814  0.78646927 -1.20511215  0.04350219 -4.33055916  1.11342207]
 [-3.68809324 -1.60518993 -3.83247385  3.37804694 -2.37481934  0.68118736]
 [-4.61544276 -0.13554409 -2.507236   -2.0386337   3.47082747  4.43422647]
 [-0.67768251 -4.03324744  4.49177328 -1.73957768  3.53991371  1.09468191]
 [-3.92830202 -0.48659323 -1.73257547 -4.43616388 -0.69861938  2.07535929]
 [ 3.97998813  0.78136962  0.04161107  0.46743109 -1.46612387 -3.63250927]]
