[[-4.49069320e+00  1.05181447e+00  3.70158002e+00  4.73510955e+00
  -3.42455196e+00  2.70551332e+00]
 [-1.07031556e-01  2.14084938e-01 -4.85272346e+00  1.59808802e+00
  -2.77143947e+00 -3.83647381e+00]
 [ 1.56094917e+00 -6.12299904e-01 -4.62959577e+00 -2.52064784e+00
   3.52460469e+00 -1.83562726e+00]
 [ 9.90392980e-01  4.74927654e+00 -1.60819199e+00  1.03169523e+00
   1.10772162e+00 -2.72934352e+00]
 [ 2.28215205e+00 -3.87703501e+00  1.39809520e+00  3.46246724e+00
  -3.81004452e+00  2.18712273e+00]
 [-1.90547553e+00  1.06292629e+00 -4.90444786e+00  1.53748468e+00
  -1.56049595e-01  4.41313476e+00]
 [-2.14085952e+00  3.32449820e+00  4.07228750e-01  3.39511663e+00
  -1.49847783e-03 -9.58809275e-01]
 [-3.75506534e+00 -1.61535133e+00  1.84009589e+00 -3.49398588e+00
   4.96590803e+00  2.55114507e+00]
 [ 3.44042583e+00 -1.08686635e+00 -4.20409147e+00 -4.07129255e-02
   2.87800764e+00  3.25331165e+00]
 [ 1.03083765e+00  1.12294552e+00 -1.21954981e+00 -1.20775824e+00
  -1.14539418e-02  4.41539018e+00]
 [ 2.68940760e+00  2.71837109e+00 -2.27946476e+00  3.50416513e+00
  -1.96790370e+00  1.29479385e+00]
 [ 4.00858988e+00 -2.75700037e+00 -4.81180981e+00  4.73044672e-01
  -3.78783550e+00  8.54913347e-01]
 [-3.84426386e+00  4.87809594e+00 -2.07681181e+00  2.06503689e+00
  -1.72265571e+00 -1.47932263e+00]
 [-1.71911102e+00 -2.11458658e+00  3.32902723e+00  1.23172542e+00
  -1.28281302e+00  3.64040146e+00]
 [ 1.52124854e+00  2.91323472e+00  3.71060247e+00 -2.40976039e+00
   2.78232310e+00 -9.73748086e-02]
 [-1.65163701e+00  4.91935198e+00  2.42980235e+00  4.10467376e+00
  -1.28685979e-01  1.46887678e+00]
 [-2.17418441e+00 -2.75039876e+00 -4.24995060e+00  3.72768354e+00
  -7.87618220e-01 -1.81406125e+00]
 [-4.80385847e+00 -4.87237955e+00 -4.78366960e+00  1.03708875e+00
  -7.09388544e-01  3.81673629e+00]
 [ 3.54674926e+00 -3.08633068e+00  3.27674264e-01 -1.86273257e+00
   1.10815382e+00 -4.09591140e+00]
 [ 1.00773080e+00 -2.59262245e+00 -4.01034666e-01 -1.88654228e+00
  -3.13727058e+00 -2.59005168e+00]]
