[[-3.96780578e+00  3.60969936e+00  4.51275365e+00 -2.81300982e+00
  -4.05636677e-01 -2.56758008e+00]
 [ 2.82758700e+00  3.48312547e+00  3.05052750e-02  3.16924791e+00
  -1.23232642e+00 -4.26853569e+00]
 [-9.11630983e-01 -4.97791005e-01 -4.05359291e+00  3.52676368e+00
   4.48729682e+00 -2.72178532e+00]
 [-7.01549689e-01  4.66169568e+00 -1.59647077e+00  4.78328205e+00
   2.58089403e+00  3.08891308e-01]
 [ 1.80613214e+00 -2.64766735e+00  2.93528609e+00 -3.39494374e+00
   3.65554853e+00  1.83775564e+00]
 [-3.75476257e-01 -3.98098326e+00  2.05459103e+00  3.07258710e+00
  -4.98701275e+00  2.13524859e+00]
 [-1.56241288e+00 -3.46395843e+00  2.28949502e+00 -3.92341998e+00
   2.37295368e+00 -3.90727736e+00]
 [ 3.65020538e+00  1.69225627e+00 -2.72933742e-01 -3.67567787e+00
  -1.99861891e+00  8.26888534e-01]
 [-2.46846642e+00  4.51599092e+00  3.14021092e+00 -9.79624135e-01
  -2.82657372e+00  2.96556537e+00]
 [ 4.15320193e+00 -3.53330270e+00  3.15263916e+00  1.40729137e+00
  -3.25561728e+00  9.52838232e-01]
 [ 3.44994942e+00 -1.38116029e+00 -1.93767164e+00 -4.40264210e+00
   2.87369802e+00  1.79757616e+00]
 [-3.50412571e+00 -2.20004771e+00  3.69987982e+00 -4.23196146e+00
  -5.60975979e-01 -1.30767219e-01]
 [-9.82169948e-01 -2.36766952e+00  4.25672161e+00  4.82475886e+00
   1.90109889e+00  1.46044407e+00]
 [ 2.29437830e+00  2.36530091e+00  2.87392478e+00  3.46452692e+00
   4.62721698e+00 -1.61188329e+00]
 [ 3.51983361e+00  5.91914761e-01  7.78524901e-01  6.26688266e-01
   1.23527290e+00  4.00550316e-01]
 [-3.73717452e+00  1.47129570e+00  4.41549530e+00  2.36524865e+00
   3.18624063e+00 -9.57716735e-01]
 [-4.10598810e+00  1.83754845e+00  3.35834042e+00  2.80247640e+00
   8.04728535e-01  4.66279699e+00]
 [-2.38487184e+00  2.93208990e+00  2.91733511e-01 -7.65053279e-01
   4.04069324e+00 -3.81868156e+00]
 [ 9.32063988e-01  3.98706943e+00  1.98325423e+00 -4.86382153e+00
   1.32322167e+00 -1.06983970e+00]
 [ 1.65377271e+00  3.24162264e+00  9.70354113e-01  1.72477479e+00
  -4.70677662e+00 -3.79805802e-01]
 [ 1.02490920e+00  3.77866796e+00 -3.58381679e+00 -1.44389290e+00
  -3.85597269e+00  2.70490015e+00]
 [ 2.94904760e+00  1.05562998e+00  3.85668403e+00  4.64998631e+00
   1.55725522e-01  1.70192924e+00]
 [-6.33390362e-01 -4.88092383e+00 -1.99555964e+00 -1.89147526e+00
  -4.27330725e+00  2.36059875e+00]
 [ 7.70969926e-01 -3.58854077e+00 -2.37440417e+00  1.84164489e+00
  -4.49629406e+00 -2.87499505e+00]
 [ 4.00100128e+00 -8.91442389e-01  4.89928908e+00 -1.58881887e+00
  -1.67415804e+00 -2.27391553e+00]
 [-2.23951909e+00 -6.62364764e-02  2.52716499e+00  4.32969570e+00
  -2.23333657e+00 -4.56830597e+00]
 [-1.81225444e+00  1.35802763e-01 -6.30272197e-01 -4.59091165e-01
  -3.94660160e+00  4.80169877e+00]
 [-1.19951722e-01  1.76113927e+00 -4.99998988e+00 -8.58616035e-01
   1.45174214e+00  5.93266038e-01]
 [-4.16003777e+00 -3.31882099e+00  4.69667302e+00  1.20059513e+00
  -1.89070096e+00 -2.65541861e+00]
 [-1.95663649e+00  1.13650036e+00  4.03771771e+00 -3.11688640e+00
   4.36125503e+00 -5.33904423e-01]
 [ 1.63284901e+00 -1.94814242e+00 -3.94295622e+00 -1.49615209e+00
   4.38761979e+00 -4.77356727e+00]
 [ 5.00919927e-01  2.55300775e+00  3.77367419e+00  7.04157109e-01
   9.25613657e-01 -4.06761979e+00]
 [ 4.31818427e+00  2.82083494e+00 -5.14299712e-01  4.11292421e+00
   3.73844895e+00  2.56612833e+00]
 [ 2.78548576e+00 -2.47178306e+00 -3.77138884e+00 -2.76962007e+00
  -2.42775798e+00  3.66071186e-01]
 [-4.54881886e+00 -3.06707691e+00  2.66112530e+00  2.19570303e+00
  -1.79856670e+00  2.90734567e+00]
 [-3.78311397e+00 -1.81741040e+00  1.88664506e+00 -2.41018411e+00
   2.90508798e-01  4.91184015e+00]
 [ 4.78123044e+00  9.91981173e-01  3.00607330e+00  3.87006215e+00
  -3.15397983e+00 -2.25079990e+00]
 [ 8.74426206e-01  2.77889934e+00  1.31812836e+00 -3.62138145e+00
   6.68754818e-01  4.87246936e+00]
 [-3.66241186e+00  4.80000686e+00 -2.49403872e+00  1.07378644e+00
  -2.16690694e+00  1.56263098e+00]
 [-4.72208965e+00  9.07067107e-01 -9.62662003e-01  3.00508008e+00
   1.73623514e+00  9.11854946e-01]
 [-2.87216355e+00 -1.73026812e+00  2.35287453e+00 -4.51033936e+00
   4.71567401e+00  3.51283518e+00]
 [-1.16941803e+00 -9.89612040e-01  6.14327812e-01 -1.66211838e-01
  -1.56649526e+00 -7.69720258e-01]
 [-1.75587875e-01  5.52711256e-01 -2.07728173e-01  3.79443209e+00
   3.30176891e+00  4.01977489e+00]
 [-4.96309540e+00  1.93048381e+00  1.51491271e+00  1.62967029e+00
  -4.63098846e+00  5.48024577e-01]
 [-3.31274335e+00  2.16896890e+00  8.85941724e-01 -4.64882641e+00
  -9.31521940e-01  2.24923946e+00]
 [ 2.07423774e+00 -3.25172893e+00  1.44275782e+00  2.45001154e+00
   4.75368294e+00  1.16163683e+00]
 [-1.36691068e+00 -1.65402737e+00 -3.13060413e+00 -4.64256152e+00
   9.48799357e-01  3.69215900e+00]
 [ 1.17400101e+00 -2.70201094e+00  1.02734679e+00  1.93509351e+00
   3.24432101e-02  4.47576892e+00]
 [-7.82060194e-01  6.86917972e-01  4.12803110e+00 -1.06629434e+00
   5.63039491e-01  2.33135663e+00]
 [-2.02506386e+00  4.22218871e+00  4.58912050e+00  3.73745532e+00
  -1.07238029e+00  7.08718251e-01]
 [-4.56179464e-01 -4.28052844e+00 -8.18374628e-01 -1.11873329e+00
   3.76341840e+00 -1.64789097e+00]
 [ 2.19381388e+00 -4.74529934e+00 -2.08780391e+00 -1.20983665e+00
   2.68290576e+00  4.04447806e+00]
 [ 3.78000992e+00 -4.71698217e+00  1.19631262e+00 -2.33924456e+00
  -2.76528091e+00  3.77087791e+00]
 [ 2.48735347e+00  3.08141176e+00 -1.31158683e+00 -2.17479575e+00
   3.97657575e+00 -3.41332414e+00]
 [ 3.90925345e+00  4.39754425e+00  2.50587182e+00 -3.54019100e-01
   2.49574129e+00  3.20122558e+00]
 [-1.43227922e+00  1.41362867e+00 -3.39182827e+00 -3.52945620e+00
  -3.70235031e+00 -8.49217526e-01]
 [ 4.88698365e+00 -1.19701031e+00 -3.41517388e+00  1.01885339e-01
   4.26001935e+00 -7.10999126e-01]
 [-3.41717327e+00 -4.56684897e+00 -7.06282157e-01  3.39953882e+00
  -1.90918748e+00 -2.02287025e+00]
 [-3.09267062e+00  4.15081433e+00 -2.61327257e+00 -4.19055499e+00
   1.56155383e+00 -4.06226945e-01]
 [ 2.10849467e+00  3.74046766e+00  4.74778155e+00 -2.62417444e+00
  -2.95929932e+00  9.82513993e-02]
 [ 4.50178356e+00  1.20162716e+00 -2.85613192e+00  1.97498106e-01
   1.08875781e+00  3.45827430e+00]
 [ 1.94988083e+00 -3.86660254e+00  3.23211638e+00  1.74101152e+00
  -5.76741848e-01 -3.70604463e+00]
 [-4.80491573e+00 -2.09980725e+00 -1.88726056e+00 -3.79436529e+00
  -2.47081901e+00  1.32301653e+00]
 [ 3.12020162e+00  4.35677933e+00 -3.22758350e+00 -3.44041061e+00
   1.99356524e+00  2.45489873e+00]
 [ 1.52866145e+00 -1.07763885e+00 -4.66365092e+00  2.07000168e+00
   3.57131224e+00  3.23120387e+00]
 [-2.78124121e+00 -4.39516587e+00 -1.12831666e+00  4.01193399e+00
   2.70739620e+00  1.37496115e+00]
 [-4.35571292e+00  4.06885233e+00  1.71732827e+00  2.33910275e+00
  -3.33753481e-01 -2.40087750e+00]
 [ 2.03505775e-01  8.22885331e-01 -2.73733624e+00  3.57660122e-01
  -2.89056094e-01 -4.85086553e+00]
 [-4.56846114e+00  2.62608143e+00 -4.29032151e+00  5.19163106e-01
   1.70009933e+00 -1.90984660e+00]
 [ 4.86186993e-01  4.97865017e+00 -4.34290985e-01 -8.67830244e-02
  -6.32481391e-02 -3.00710862e-01]
 [ 2.42656695e+00 -4.52025596e+00  2.21918194e+00 -2.60897556e+00
  -3.55516417e+00 -3.18240433e+00]
 [-4.26656855e+00  3.37936356e+00 -1.40903918e+00 -2.55160614e-01
  -3.08975582e+00 -4.40281720e+00]
 [-5.03375336e-01  3.92033421e+00  4.44816454e-01  4.56708543e+00
   2.33954587e+00 -4.67324579e+00]
 [-3.00344865e+00 -3.22776894e+00 -3.72317777e+00  1.01305743e+00
  -7.01870974e-01  3.09945984e+00]
 [-1.71407108e+00 -4.93625447e+00  3.55502033e+00  4.10214859e-01
   1.50784312e+00  3.98058399e-02]
 [-2.68182040e+00 -6.87332520e-01 -1.22967114e+00  4.99887842e+00
  -2.60442282e+00  1.94799050e+00]
 [ 4.60247095e+00 -3.68177998e+00 -2.59674412e+00  4.26981667e+00
   4.29708422e-01  2.85552875e+00]
 [-2.87784641e-01  1.19833225e-01  1.61911212e+00 -3.97464115e+00
  -4.87440757e+00  1.20472052e+00]
 [ 1.41398872e+00  3.54517965e+00  4.89415902e-01  2.54237289e+00
  -2.32209601e+00  4.17202616e+00]
 [ 6.85640080e-01 -4.66810623e-01 -4.82058517e+00  3.27602498e+00
  -3.32454907e+00  2.66321882e+00]
 [ 2.77194984e-01  2.47022889e+00 -1.13092996e-01 -6.83992574e-01
   4.89913602e+00  1.07936288e+00]
 [-4.89502122e+00 -1.49565396e+00 -8.98818917e-01 -3.20829991e+00
   2.11972155e+00 -1.28524255e+00]
 [-3.34593833e+00 -2.53725833e+00  5.29861418e-02 -2.95252609e+00
  -4.15138889e+00 -4.35454742e+00]
 [ 4.45444881e+00 -1.55704493e+00 -1.69515605e+00 -4.07839122e+00
   6.62809886e-01 -3.53742849e+00]
 [-3.22832919e+00 -2.34365321e-01 -2.91537697e+00 -6.56670259e-01
   4.13174735e+00  3.31904777e+00]
 [-2.10309151e+00  2.27853062e+00 -4.15273296e+00  3.62192366e+00
  -3.63644807e+00 -1.85790600e+00]
 [-4.40827425e+00 -2.89848481e+00 -4.87639226e+00  1.14413883e+00
   2.97678431e+00 -1.47722473e+00]
 [ 3.20839747e+00 -8.16795729e-01 -2.27851721e+00 -5.24823503e-01
  -3.78310244e+00  4.46058681e+00]
 [-1.50528730e+00  2.15570702e+00 -3.90286046e+00  2.70198463e+00
   1.06505928e-01  4.56695433e+00]
 [-1.86771012e+00  1.34998774e+00  2.75182371e+00 -2.08566619e+00
  -4.78607922e+00 -3.30758664e+00]
 [ 3.69147728e+00  1.99388929e+00 -4.37139593e+00  2.14072813e+00
  -1.12786883e+00 -1.63350677e-01]
 [ 2.65655009e+00 -4.31068325e+00 -1.74096323e+00  4.17958575e+00
   3.46669898e+00 -3.01877339e+00]
 [ 1.20738257e+00  3.30019802e-02  2.12907226e+00 -4.34089438e+00
  -1.37164584e+00 -4.52960039e+00]
 [ 4.27029256e+00 -4.07840212e+00 -1.54729794e+00  2.60720905e-01
  -7.94007553e-01 -1.78477314e+00]
 [ 6.36366561e-01 -3.78530991e+00  7.30103753e-01 -4.97324491e+00
  -1.51029413e+00  1.55492858e-01]
 [-2.55575613e+00 -2.32653327e+00  1.18104880e+00  1.34928659e+00
   2.21391749e+00 -4.14161430e+00]
 [ 3.29824336e+00  3.18264228e+00 -3.25186936e+00  2.69882774e+00
   3.86793147e+00 -3.05578799e+00]
 [ 3.00814795e+00  4.46554938e-01 -2.21020617e+00  4.40708682e+00
  -4.38151672e+00 -2.48848308e+00]
 [ 4.73324857e+00  1.62879664e+00  3.48056633e+00 -2.43463574e+00
   2.87726870e+00 -1.22760388e+00]
 [ 4.08903113e+00  3.22389896e-01 -1.04683285e+00 -1.81283018e+00
  -4.30012429e+00 -3.34541432e+00]
 [ 1.28564454e+00  4.83863266e+00  2.00906083e-01 -1.94251788e+00
  -2.67788958e+00 -4.01438277e+00]
 [ 3.36305163e-01 -3.05144714e+00 -4.63849166e+00  1.46109418e+00
  -1.73096450e-01 -1.13291529e+00]
 [-1.02969209e+00  2.51796236e-01 -3.63275114e+00 -4.76367544e+00
   3.08307151e+00 -2.14740159e+00]
 [-1.55431452e-02 -3.88416699e-01  4.97494947e+00  2.91830817e+00
  -2.98167211e+00 -6.47644880e-01]
 [ 1.82714977e+00 -1.79014072e-01  3.96500159e+00  3.40182235e-03
  -4.11062359e+00  4.25638295e+00]
 [ 4.94718765e+00 -1.33449613e+00  3.65254861e+00 -1.64246836e+00
   3.95994723e-01  3.93073748e+00]
 [-2.28940553e+00  4.58066810e+00 -2.98224490e+00 -2.03038467e+00
   1.94102587e+00  4.29700363e+00]
 [-3.92572776e+00 -1.99566227e+00  1.74777440e+00  8.88579806e-01
   4.93611372e+00  2.03734967e+00]
 [-1.24986015e+00 -4.19881747e+00  4.37569101e+00 -3.03248015e+00
  -3.49417511e+00  3.61535707e+00]
 [-2.88818214e+00 -2.86659344e+00 -4.47275314e+00 -1.29038922e+00
  -1.39044874e+00 -3.65159053e+00]
 [ 3.37809468e+00 -1.14275811e+00  3.89496322e-01  7.54655399e-01
   3.37560718e+00 -4.99182844e+00]
 [ 1.17381150e-01 -6.57680589e-01 -3.81153741e-01  4.48072222e+00
   1.17911592e+00 -1.40601494e+00]
 [ 2.57293974e+00  3.02921161e+00 -4.46740812e+00 -3.23690048e+00
  -8.51327585e-01 -2.95386341e+00]]
