[[ 0.57454608  1.17342655  1.7281421  -1.42655517 -2.13795912  3.12426698]
 [-0.99568844  0.34242817 -1.83709988 -1.43560232  4.6432382   4.58060129]
 [ 0.09483284 -4.42487271 -2.03842076  2.31218606  3.01418866  3.8701392 ]
 [-0.39632949  1.68764243  3.43568778  3.21466148 -1.76344398 -3.6640762 ]
 [ 1.88333711  4.75393797  1.68890635  4.1149068   0.40801024  4.65312811]
 [ 2.89927914  4.88079552 -0.67123089  2.53950822  2.52446373 -0.46039908]
 [-3.95684813  3.18683338  2.97939036 -1.9418563  -0.74148573  4.15867281]
 [-2.49493756  2.61225711 -3.65236115  2.50178097 -3.40205423  0.97597003]
 [ 0.57740797  0.40268841  1.70621741 -2.34540565  4.77503983  3.98886205]
 [ 1.48053327  2.66416208  0.76399356 -1.33730589 -3.46063087  2.29785787]
 [-0.44293747  3.75658286  3.60161866  0.29616305 -0.58828567  2.02662727]
 [ 1.24092982  0.95806564  4.16720088 -1.87485731 -1.93807438  0.88868796]
 [-2.78208411  0.35885945 -4.23099379  0.29332289 -2.39721043  4.16059427]
 [-3.76506035  3.33637976 -1.52318325  0.89469841  0.47165194  1.5057379 ]
 [ 1.04859849  3.43121791 -2.48086237 -4.95989419  3.3127693  -2.09290206]
 [-4.11696278  4.45647081 -2.45611901  1.08939435  3.73550456  4.12109505]
 [ 0.3836429  -3.46127209 -3.28763426  0.43221376  3.83919689  2.6674172 ]
 [-2.2408005   4.31998205 -2.9958935   2.51285015  3.72776307  1.00035617]
 [ 3.81857985 -2.60471435  0.2999773  -3.6596228  -3.192809    0.84740812]
 [-0.75532407 -2.45140305  1.6497707  -2.29530343 -3.07346001 -1.39690473]]
