[[1.00000000e+000 8.12991058e-060 5.74651143e-049 6.64008114e-055
  1.45915477e-032 1.43683564e-047 1.41551294e-024 7.85955237e-031
  1.37989991e-034 1.33231277e-060 1.24470279e-065 1.92831246e-046
  7.33342770e-048 3.38348950e-032 1.66687877e-032 3.74649830e-040
  9.25500493e-025 1.02074251e-067 4.64254360e-040 5.32059880e-024
  6.32558339e-062 1.12725051e-068 9.42261285e-058 2.05730123e-025
  1.04845319e-081 6.03543715e-030 1.17507483e-058 1.00000000e+000]
 [8.12991058e-060 1.00000000e+000 2.41840596e-037 1.53108926e-037
  1.91875820e-043 4.35809701e-085 2.83408232e-034 1.90667418e-028
  1.35669329e-090 4.98987100e-014 3.35983595e-013 3.39804343e-031
  9.77837151e-104 7.55756532e-060 4.56163861e-035 9.72618373e-028
  5.72305649e-072 5.13218072e-052 3.40526951e-042 2.48531586e-033
  1.77498091e-065 3.80407662e-044 1.15208813e-068 2.28095001e-034
  3.18439881e-055 2.40142909e-026 2.92776597e-055 1.00000000e+000]
 [5.74651143e-049 2.41840596e-037 1.00000000e+000 2.11117685e-037
  1.55275025e-026 1.69819261e-042 9.41497871e-024 1.09035989e-019
  9.58044618e-038 8.09194877e-024 2.06490126e-043 8.47572023e-052
  1.17913031e-044 6.05771729e-031 3.96029080e-017 1.68454303e-050
  1.30800300e-031 1.86148512e-022 1.01116427e-047 3.48718716e-008
  8.49825749e-035 1.40290028e-057 6.39785244e-031 2.13647876e-017
  8.67755312e-043 2.16495264e-043 1.16934167e-044 1.00000000e+000]
 [6.64008114e-055 1.53108926e-037 2.11117685e-037 1.00000000e+000
  1.34720397e-013 2.76526295e-034 4.32096665e-026 1.54341404e-030
  3.23107175e-046 1.04101657e-012 7.42770391e-030 3.76080145e-050
  6.84016062e-042 2.54548901e-069 7.70285978e-048 2.97807101e-052
  4.64929145e-044 1.19475603e-077 2.30633922e-038 3.86716058e-032
  7.20035139e-031 2.95759846e-040 6.44508910e-046 1.87575628e-054
  8.18789654e-022 1.29712616e-030 1.93066487e-005 1.00000000e+000]
 [1.45915477e-032 1.91875820e-043 1.55275025e-026 1.34720397e-013
  1.00000000e+000 7.61816112e-036 1.49756806e-020 3.17428104e-020
  8.72307384e-039 1.65475784e-023 3.33517677e-054 1.07883209e-066
  6.48911047e-039 5.25064442e-052 2.60708368e-028 6.31285600e-063
  4.31267726e-023 4.42185222e-069 3.91521791e-057 9.97094606e-013
  1.30523440e-048 7.27736933e-069 2.67846219e-050 1.12299402e-038
  9.89475324e-040 9.29905865e-035 1.36684781e-011 1.00000000e+000]
 [1.43683564e-047 4.35809701e-085 1.69819261e-042 2.76526295e-034
  7.61816112e-036 1.00000000e+000 1.22516455e-016 3.56788036e-066
  2.65609735e-020 1.72326506e-061 1.44130258e-068 6.28185491e-050
  2.74211358e-004 1.72450470e-030 5.40764330e-075 6.12767784e-058
  9.62095980e-041 1.03496349e-063 8.74463288e-048 4.39496442e-044
  1.65188274e-013 7.29900389e-040 4.12522906e-029 1.46955310e-039
  1.13420112e-019 8.95320162e-048 1.02244936e-026 1.00000000e+000]
 [1.41551294e-024 2.83408232e-034 9.41497871e-024 4.32096665e-026
  1.49756806e-020 1.22516455e-016 1.00000000e+000 5.06886112e-036
  3.04738697e-029 6.33126401e-033 4.31531048e-036 3.58848927e-025
  1.62617546e-027 1.03139934e-012 8.45567438e-041 1.16221518e-024
  1.12760700e-034 7.21723355e-041 5.32801102e-033 6.80668432e-019
  9.37877890e-023 1.09385135e-030 1.16826482e-027 6.46431547e-011
  3.03718795e-022 6.58115306e-018 3.76087975e-025 1.00000000e+000]
 [7.85955237e-031 1.90667418e-028 1.09035989e-019 1.54341404e-030
  3.17428104e-020 3.56788036e-066 5.06886112e-036 1.00000000e+000
  1.11379741e-051 9.95343600e-017 4.61123849e-037 7.27921297e-052
  2.48511201e-065 6.09342753e-059 9.87786922e-004 9.96158432e-051
  2.00891297e-021 2.29048449e-045 7.73490716e-039 5.69893338e-009
  1.25942037e-059 1.60053081e-064 2.25201024e-059 1.15926734e-033
  1.77016335e-068 7.82796388e-038 4.54630905e-046 1.00000000e+000]
 [1.37989991e-034 1.35669329e-090 9.58044618e-038 3.23107175e-046
  8.72307384e-039 2.65609735e-020 3.04738697e-029 1.11379741e-051
  1.00000000e+000 2.39093764e-061 8.78996731e-071 1.39753231e-065
  2.66417645e-015 9.58685097e-036 1.58156573e-057 3.83472566e-052
  2.98166112e-043 1.29059380e-079 5.60577572e-037 6.76293934e-034
  1.03688390e-021 1.42211285e-068 5.59986062e-013 5.91404150e-038
  2.59908468e-058 4.97326614e-037 5.48214990e-044 1.00000000e+000]
 [1.33231277e-060 4.98987100e-014 8.09194877e-024 1.04101657e-012
  1.65475784e-023 1.72326506e-061 6.33126401e-033 9.95343600e-017
  2.39093764e-061 1.00000000e+000 4.13032552e-014 9.60198869e-044
  4.89143589e-071 2.63035297e-068 4.74656212e-028 6.99822318e-041
  1.18164718e-052 2.33328003e-057 1.70698981e-034 1.17954181e-023
  2.48856290e-042 7.15980796e-044 7.11592260e-048 2.56520295e-043
  1.80736919e-038 6.78873741e-028 1.61378771e-027 1.00000000e+000]
 [1.24470279e-065 3.35983595e-013 2.06490126e-043 7.42770391e-030
  3.33517677e-054 1.44130258e-068 4.31531048e-036 4.61123849e-037
  8.78996731e-071 4.13032552e-014 1.00000000e+000 3.45931562e-018
  2.17356979e-084 5.27432425e-064 2.38755802e-050 1.94773356e-016
  2.96930527e-079 5.99014113e-060 3.48610627e-016 3.16139501e-046
  2.53450371e-037 1.77802686e-021 2.08070042e-047 6.11132732e-043
  3.77935168e-044 2.34574153e-020 3.54295578e-051 1.00000000e+000]
 [1.92831246e-046 3.39804343e-031 8.47572023e-052 3.76080145e-050
  1.07883209e-066 6.28185491e-050 3.58848927e-025 7.27921297e-052
  1.39753231e-065 9.60198869e-044 3.45931562e-018 1.00000000e+000
  2.53021801e-065 4.37750037e-036 1.04710793e-059 1.24509669e-011
  1.21896310e-065 1.00820246e-040 7.03560655e-016 3.26954823e-052
  7.07889398e-034 6.50631039e-008 2.02587137e-053 2.23237663e-028
  3.70623007e-043 3.04365073e-028 3.74957842e-067 1.00000000e+000]
 [7.33342770e-048 9.77837151e-104 1.17913031e-044 6.84016062e-042
  6.48911047e-039 2.74211358e-004 1.62617546e-027 2.48511201e-065
  2.66417645e-015 4.89143589e-071 2.17356979e-084 2.53021801e-065
  1.00000000e+000 1.16334099e-039 9.16637595e-073 7.00759913e-074
  1.86338086e-033 2.52655291e-069 1.09308673e-053 4.31530632e-045
  2.40323503e-019 3.49375528e-055 2.30548888e-033 2.26510488e-048
  2.15837409e-034 7.04925640e-061 1.09428809e-034 1.00000000e+000]
 [3.38348950e-032 7.55756532e-060 6.05771729e-031 2.54548901e-069
  5.25064442e-052 1.72450470e-030 1.03139934e-012 6.09342753e-059
  9.58685097e-036 2.63035297e-068 5.27432425e-064 4.37750037e-036
  1.16334099e-039 1.00000000e+000 9.05471430e-054 5.14349695e-033
  4.94562646e-050 3.27957800e-034 4.42965659e-050 6.57770545e-031
  3.80539714e-037 3.02646516e-051 1.34536497e-032 6.63081939e-006
  7.07586540e-051 1.58314001e-037 1.96815505e-067 1.00000000e+000]
 [1.66687877e-032 4.56163861e-035 3.96029080e-017 7.70285978e-048
  2.60708368e-028 5.40764330e-075 8.45567438e-041 9.87786922e-004
  1.58156573e-057 4.74656212e-028 2.38755802e-050 1.04710793e-059
  9.16637595e-073 9.05471430e-054 1.00000000e+000 1.82031849e-058
  1.66408405e-021 1.50923613e-036 5.92485412e-051 8.44578602e-008
  1.00665039e-070 9.10888345e-078 1.10716663e-065 3.61185034e-029
  9.07127533e-082 9.56552463e-049 4.90115786e-063 1.00000000e+000]
 [3.74649830e-040 9.72618373e-028 1.68454303e-050 2.97807101e-052
  6.31285600e-063 6.12767784e-058 1.16221518e-024 9.96158432e-051
  3.83472566e-052 6.99822318e-041 1.94773356e-016 1.24509669e-011
  7.00759913e-074 5.14349695e-033 1.82031849e-058 1.00000000e+000
  3.80054043e-080 5.70014747e-062 3.14569568e-013 1.80347248e-046
  1.65524128e-036 3.38144495e-027 7.27233024e-035 1.07210878e-023
  5.32262703e-058 1.88162887e-009 7.21824830e-067 1.00000000e+000]
 [9.25500493e-025 5.72305649e-072 1.30800300e-031 4.64929145e-044
  4.31267726e-023 9.62095980e-041 1.12760700e-034 2.00891297e-021
  2.98166112e-043 1.18164718e-052 2.96930527e-079 1.21896310e-065
  1.86338086e-033 4.94562646e-050 1.66408405e-021 3.80054043e-080
  1.00000000e+000 2.41632962e-044 1.23680865e-060 1.73880503e-018
  8.48647527e-060 7.31073068e-072 2.20041370e-072 7.51378899e-040
  1.33251809e-064 2.83864650e-066 4.48223908e-048 1.00000000e+000]
 [1.02074251e-067 5.13218072e-052 1.86148512e-022 1.19475603e-077
  4.42185222e-069 1.03496349e-063 7.21723355e-041 2.29048449e-045
  1.29059380e-079 2.33328003e-057 5.99014113e-060 1.00820246e-040
  2.52655291e-069 3.27957800e-034 1.50923613e-036 5.70014747e-062
  2.41632962e-044 1.00000000e+000 1.64934310e-063 6.77438810e-036
  5.70641147e-057 4.62855321e-049 1.73425791e-071 3.04583172e-024
  3.22636345e-059 3.41946018e-078 7.56048865e-092 1.00000000e+000]
 [4.64254360e-040 3.40526951e-042 1.01116427e-047 2.30633922e-038
  3.91521791e-057 8.74463288e-048 5.32801102e-033 7.73490716e-039
  5.60577572e-037 1.70698981e-034 3.48610627e-016 7.03560655e-016
  1.09308673e-053 4.42965659e-050 5.92485412e-051 3.14569568e-013
  1.23680865e-060 1.64934310e-063 1.00000000e+000 2.39787418e-045
  9.74156127e-024 1.11510380e-021 9.56668999e-032 2.83122528e-038
  3.68348908e-055 1.00575833e-018 2.97384588e-057 1.00000000e+000]
 [5.32059880e-024 2.48531586e-033 3.48718716e-008 3.86716058e-032
  9.97094606e-013 4.39496442e-044 6.80668432e-019 5.69893338e-009
  6.76293934e-034 1.17954181e-023 3.16139501e-046 3.26954823e-052
  4.31530632e-045 6.57770545e-031 8.44578602e-008 1.80347248e-046
  1.73880503e-018 6.77438810e-036 2.39787418e-045 1.00000000e+000
  1.49806899e-046 2.65962037e-065 2.43410260e-039 1.24683229e-015
  1.52208909e-053 4.90515174e-032 1.67925551e-037 1.00000000e+000]
 [6.32558339e-062 1.77498091e-065 8.49825749e-035 7.20035139e-031
  1.30523440e-048 1.65188274e-013 9.37877890e-023 1.25942037e-059
  1.03688390e-021 2.48856290e-042 2.53450371e-037 7.07889398e-034
  2.40323503e-019 3.80539714e-037 1.00665039e-070 1.65524128e-036
  8.48647527e-060 5.70641147e-057 9.74156127e-024 1.49806899e-046
  1.00000000e+000 2.74494603e-023 5.77270751e-013 1.47532267e-038
  1.47439438e-019 2.31663838e-035 6.32254380e-035 1.00000000e+000]
 [1.12725051e-068 3.80407662e-044 1.40290028e-057 2.95759846e-040
  7.27736933e-069 7.29900389e-040 1.09385135e-030 1.60053081e-064
  1.42211285e-068 7.15980796e-044 1.77802686e-021 6.50631039e-008
  3.49375528e-055 3.02646516e-051 9.10888345e-078 3.38144495e-027
  7.31073068e-072 4.62855321e-049 1.11510380e-021 2.65962037e-065
  2.74494603e-023 1.00000000e+000 8.21811443e-055 3.17519409e-046
  4.44073611e-025 2.55031457e-041 4.43276718e-055 1.00000000e+000]
 [9.42261285e-058 1.15208813e-068 6.39785244e-031 6.44508910e-046
  2.67846219e-050 4.12522906e-029 1.16826482e-027 2.25201024e-059
  5.59986062e-013 7.11592260e-048 2.08070042e-047 2.02587137e-053
  2.30548888e-033 1.34536497e-032 1.10716663e-065 7.27233024e-035
  2.20041370e-072 1.73425791e-071 9.56668999e-032 2.43410260e-039
  5.77270751e-013 8.21811443e-055 1.00000000e+000 3.22755701e-032
  9.37493776e-046 1.94384346e-027 1.37200604e-047 1.00000000e+000]
 [2.05730123e-025 2.28095001e-034 2.13647876e-017 1.87575628e-054
  1.12299402e-038 1.46955310e-039 6.46431547e-011 1.15926734e-033
  5.91404150e-038 2.56520295e-043 6.11132732e-043 2.23237663e-028
  2.26510488e-048 6.63081939e-006 3.61185034e-029 1.07210878e-023
  7.51378899e-040 3.04583172e-024 2.83122528e-038 1.24683229e-015
  1.47532267e-038 3.17519409e-046 3.22755701e-032 1.00000000e+000
  1.54153499e-050 2.05926247e-026 2.16814685e-059 1.00000000e+000]
 [1.04845319e-081 3.18439881e-055 8.67755312e-043 8.18789654e-022
  9.89475324e-040 1.13420112e-019 3.03718795e-022 1.77016335e-068
  2.59908468e-058 1.80736919e-038 3.77935168e-044 3.70623007e-043
  2.15837409e-034 7.07586540e-051 9.07127533e-082 5.32262703e-058
  1.33251809e-064 3.22636345e-059 3.68348908e-055 1.52208909e-053
  1.47439438e-019 4.44073611e-025 9.37493776e-046 1.54153499e-050
  1.00000000e+000 6.48792073e-051 4.12998914e-020 1.00000000e+000]
 [6.03543715e-030 2.40142909e-026 2.16495264e-043 1.29712616e-030
  9.29905865e-035 8.95320162e-048 6.58115306e-018 7.82796388e-038
  4.97326614e-037 6.78873741e-028 2.34574153e-020 3.04365073e-028
  7.04925640e-061 1.58314001e-037 9.56552463e-049 1.88162887e-009
  2.83864650e-066 3.41946018e-078 1.00575833e-018 4.90515174e-032
  2.31663838e-035 2.55031457e-041 1.94384346e-027 2.05926247e-026
  6.48792073e-051 1.00000000e+000 2.91780689e-038 1.00000000e+000]
 [1.17507483e-058 2.92776597e-055 1.16934167e-044 1.93066487e-005
  1.36684781e-011 1.02244936e-026 3.76087975e-025 4.54630905e-046
  5.48214990e-044 1.61378771e-027 3.54295578e-051 3.74957842e-067
  1.09428809e-034 1.96815505e-067 4.90115786e-063 7.21824830e-067
  4.48223908e-048 7.56048865e-092 2.97384588e-057 1.67925551e-037
  6.32254380e-035 4.43276718e-055 1.37200604e-047 2.16814685e-059
  4.12998914e-020 2.91780689e-038 1.00000000e+000 1.00000000e+000]
 [1.00000000e+000 1.00000000e+000 1.00000000e+000 1.00000000e+000
  1.00000000e+000 1.00000000e+000 1.00000000e+000 1.00000000e+000
  1.00000000e+000 1.00000000e+000 1.00000000e+000 1.00000000e+000
  1.00000000e+000 1.00000000e+000 1.00000000e+000 1.00000000e+000
  1.00000000e+000 1.00000000e+000 1.00000000e+000 1.00000000e+000
  1.00000000e+000 1.00000000e+000 1.00000000e+000 1.00000000e+000
  1.00000000e+000 1.00000000e+000 1.00000000e+000 0.00000000e+000]]
