[[-1.24893142 -4.44590424  3.22646166  0.72914887  0.37604699  3.56728823]
 [ 0.60034153  4.85183945 -3.92556348 -0.74371901 -0.62163299 -3.70367731]
 [ 4.33790488  0.25740436  1.16874381 -1.89303478 -4.88711085  1.35811281]
 [ 1.3752118  -3.96495329 -2.07635033  4.35796477  4.15646301 -0.91114182]
 [ 0.14346225 -2.78606351 -4.99991202  2.03594506 -3.90831191  0.19089666]
 [-1.07819474  3.85760701  4.53667449 -2.94579422  1.083535    2.46135258]
 [-2.58431774  3.0108123  -0.37054748  3.91273465 -1.79243814  3.1045357 ]
 [-3.3042675  -1.23491795  2.36470585  1.67602733 -3.14053477 -4.92897031]
 [-4.67921384  1.25386813 -0.41700805  0.1924187   4.94423737 -1.24758269]
 [-4.08749215 -0.82991721 -1.8576583  -4.76743648 -2.45121217  0.61047242]
 [ 3.97214973  1.96412503  4.18814981  3.01090713  1.31663701 -2.15975183]
 [ 2.30121012  0.99175333 -3.44047108 -1.9474911   2.73073343  4.49828143]
 [ 2.77102648 -2.53992193  0.46402001 -3.81629482  2.37638887 -3.03177706]]
