[[ 4.99119280e+00  2.78542076e+00 -3.99780666e+00 -5.53914167e-01
   1.35537308e+00 -3.95492271e+00]
 [ 1.85171669e+00 -3.24725594e+00 -6.69678486e-01  4.13694209e+00
  -3.39050009e+00  2.21640725e+00]
 [-3.63214305e+00  1.43969080e+00  3.15871077e+00 -1.05425980e+00
  -3.58734601e+00  2.46704530e+00]
 [-3.54435352e+00 -2.38401016e+00  3.54388871e+00 -3.25335668e-01
   3.80415558e+00  3.32077547e-01]
 [-5.12345179e-01  4.54021759e-01 -3.80909228e+00  3.91543776e+00
   3.70420269e+00 -3.47373546e+00]
 [ 4.69578823e+00 -1.54700549e+00  4.77486874e+00  9.80951014e-01
  -4.40552053e+00  7.87329534e-02]
 [-4.05043055e+00 -1.61861929e-03  4.25602928e+00  2.25540102e+00
   1.08841734e+00 -1.35428730e+00]
 [ 3.69159302e+00 -4.12583530e+00 -1.82272100e+00  3.62583902e+00
  -1.72577342e+00 -4.13069921e+00]
 [-4.59756876e-01  1.17853950e-02 -3.28431566e+00  4.05618578e+00
  -3.09328274e+00 -3.65894033e+00]
 [ 2.64780798e+00 -1.82853196e+00 -4.66424530e+00  4.87595504e+00
   9.35961940e-02 -2.00877567e+00]
 [ 3.46732755e+00 -1.19054198e+00  4.94731761e+00  1.84031653e+00
   2.66834116e+00 -8.45973409e-01]
 [-1.77196915e+00  3.35025926e+00  3.27161938e+00 -4.06890900e+00
  -1.77051219e+00  3.06974926e+00]
 [ 9.59298861e-01  3.11986027e+00  1.82919092e+00  2.53338589e+00
  -3.70644245e+00 -4.40599230e+00]
 [-1.15002243e+00  2.22079611e+00  1.37661239e-01  4.86946880e+00
  -4.28374296e+00  2.89997361e+00]
 [ 1.09368870e+00  2.87733666e+00 -2.02088848e+00  4.99202320e+00
   3.06262333e+00 -4.24381764e-01]
 [ 4.23675222e+00  4.60719967e+00  2.03688122e+00  5.14874316e-01
  -4.64530400e+00 -2.45384714e-01]
 [ 4.83032359e-01 -3.74733478e+00  3.59156987e+00  3.77990337e-01
   2.44857710e+00 -3.12183289e+00]
 [ 2.38200681e-01 -7.26560577e-01  3.01940286e+00  1.42051678e-01
   1.30896459e+00  1.75238259e+00]
 [ 7.02748527e-01 -2.52919669e+00 -1.10233949e+00 -3.93752038e+00
   5.75734345e-01 -2.66313783e+00]
 [-1.84038419e+00  3.25394439e+00  5.66962424e-01 -1.69656794e+00
  -7.98326220e-01  3.33558456e+00]]
