   2.44971244 -2.20453295  0.21596364  0.70831308 -3.63318154 -0.62985134   
   -4.27370804 -0.77423356 -0.13484702 -0.25521091 -4.77626557 -4.51774462   
    3.48190539 -0.70188239  3.75159973  2.51198052  0.6797944   0.39072284   
   -0.09323193  0.1378505   1.40674874  1.66831791  2.49406674 -4.14373677   
   -0.00907596  2.03799381  4.90983155 -3.00040251  4.44465509  1.98799179   
    4.83616245 -1.20432135  2.42251027  0.8183784   4.24898906 -1.31345794   
   -4.4179157  -4.78989408 -0.09003515  3.2744554  -3.78105278 -0.72810391   
    1.40808573 -3.57922728  1.74853969 -3.2434888   2.46756216 -3.52350587   
   -2.20542064  3.93224627  1.55936116  0.94483424  0.1917736  -4.04565101   
   -3.71479889  4.09369422 -0.38724357  4.53575608  2.70106977  4.28008713   
    2.42945012 -1.99920041  0.54710162 -2.8830698  -4.19351665  0.85618055   
    3.9818071   0.84695121 -1.64380237 -4.82458525 -0.86696127  3.4820507    
    1.31689054  3.95815317 -3.64292567 -2.6867247  -2.94894963 -3.1561393    
   -1.64557374  0.93585084  2.89530934  4.74282168 -2.26582797  1.7360443    
    3.99488444  2.76254576  0.10267456 -3.52043946 -2.88725402 -0.27833565   
    4.39741252 -1.01853293 -4.0011365  -4.98227104 -0.38007024 -2.95605548   
    1.60022283  1.12696919 -0.80407198 -3.63880896  0.9377422   0.54445545   
   -4.88295175  2.78986899  1.5165152   0.68518678 -0.12236887  4.96132693   
   -3.21768772 -0.96250074  2.08251501 -1.36131028  3.84414507  0.43848209   
   -4.37538506 -4.4496781  -1.38508615  0.42494132 -0.89353769  2.79417821   