[[ 4.23993733e+00 -3.38209517e-01  1.33897233e+00 -1.85229047e+00
   4.99292094e+00 -4.39386934e+00]
 [ 3.54335145e+00 -1.62421429e+00 -1.56171298e+00 -3.49446055e+00
  -6.22330045e-01 -1.88980093e+00]
 [-1.46755347e+00  5.96440785e-01  2.72433103e+00  4.63695993e+00
  -1.80744909e+00 -4.12972626e+00]
 [-1.07883124e+00  5.67820573e-01 -2.13187062e-01  4.48928680e+00
  -4.59955855e+00  1.60325950e+00]
 [-2.40134309e+00  4.14467608e+00 -3.96916650e+00  3.73487757e+00
  -4.74388918e+00  8.25443148e-02]
 [ 5.91461938e-01 -4.37664258e+00 -1.63711338e-01 -4.49660575e+00
  -1.09351944e+00 -1.10272970e+00]
 [-3.59623971e+00  6.51816368e-01 -1.25752650e-01  5.81990315e-01
  -6.30238802e-01 -3.88380869e+00]
 [ 4.86870257e+00 -3.37133594e-01 -1.96211351e-02 -2.42008340e+00
   4.05188908e+00 -4.95857558e+00]
 [ 4.93664443e+00  9.52021368e-01  4.81073978e+00 -2.63293245e+00
   3.10805989e+00 -9.48907132e-01]
 [ 4.23271525e-01  3.41284882e+00  6.80047504e-01  3.11088610e+00
   9.75912199e-01  9.50373806e-02]
 [ 3.09469328e+00  3.92675800e+00 -3.93141673e+00  3.17149853e-01
  -4.02385275e+00  2.54875410e+00]
 [ 1.95954010e+00  3.03981380e+00 -3.24605424e+00 -4.66137883e+00
   4.09240272e+00  1.25735224e+00]
 [-3.92122218e+00 -4.64392357e+00 -9.95334508e-01 -3.61934239e+00
   2.99909187e+00 -4.85735129e+00]
 [-4.85293880e+00  3.89081840e+00 -4.36955083e+00 -3.48061783e+00
   1.47895098e+00 -1.00047475e+00]
 [-2.60008410e+00 -3.34754167e+00  4.96111768e+00  3.99631761e+00
   1.01246217e+00  3.26861143e+00]
 [-1.99615608e+00  1.43132859e+00 -4.01624899e+00  3.17610267e+00
   2.42600925e+00 -2.22863352e+00]
 [-1.49758432e+00  2.42149776e+00  9.42724922e-01  1.66736843e+00
  -3.51420856e+00  4.65280570e+00]
 [ 7.54039928e-01  4.61941461e+00  3.21585397e+00 -1.82385786e+00
   1.01840321e+00 -3.11214047e+00]
 [ 2.12746217e+00 -1.08254704e+00 -4.73424855e+00 -4.29960477e-01
  -3.67689591e+00  2.32137870e+00]
 [ 2.67580344e+00 -4.18281968e+00  2.57369273e+00  8.96803925e-02
   3.57818587e+00 -4.88646681e+00]
 [-3.18944017e+00  3.70004247e+00  2.40434360e+00  1.65353628e-01
  -3.68991285e+00  4.03278484e+00]
 [ 9.23610084e-01  7.96382957e-01 -3.90429960e+00 -3.84171917e+00
   4.48334203e+00  4.23101747e+00]
 [ 4.33981936e+00  7.51796571e-01 -2.56207104e+00 -1.24969881e+00
  -1.00625935e+00  3.44488966e+00]
 [-3.18972893e+00  4.78938433e+00 -4.98263142e+00 -1.05499368e+00
   4.47708005e+00  2.45233648e+00]
 [-2.83903557e+00  1.14453040e+00 -3.23002751e+00 -3.05198228e+00
   2.71435299e+00  4.48118599e+00]
 [-4.90485656e-01  3.62855572e+00 -2.56123848e+00 -1.17902010e-01
  -1.72540447e-05 -4.50365670e+00]
 [ 4.25791970e+00 -1.90718795e+00 -3.90722971e+00  4.95389229e+00
   6.96672822e-01  3.46219948e-02]
 [ 4.84983332e+00 -3.10412460e+00  2.02781309e+00 -4.29405924e+00
   1.19672035e+00 -2.57451278e+00]
 [-3.71344859e+00  3.47188717e+00 -2.87069877e+00 -4.96677300e+00
   2.87056661e+00 -2.85924509e+00]
 [ 9.40491859e-01 -3.73080396e+00 -4.65120008e+00 -6.21875736e-01
  -9.86753750e-01  8.98007426e-01]
 [-1.14319922e+00  2.40044818e+00  4.68662307e+00 -1.66612476e+00
  -5.97243111e-01 -2.05911055e+00]
 [ 3.58982504e+00 -3.96604457e-01  4.63177219e+00 -6.87538583e-01
   4.86486469e+00 -1.84727472e+00]
 [ 1.13998185e+00  5.39153812e-01  4.99092818e+00  2.26814378e+00
  -3.70959915e+00 -1.74471405e+00]
 [-7.89806473e-01 -3.53767122e-01  3.41122423e+00 -4.09606777e+00
   2.72411740e+00  3.62561765e+00]
 [ 3.05152947e+00 -3.22795784e-01  1.62374197e+00 -9.28511853e-01
  -2.60226358e+00 -3.55659458e+00]
 [-4.69254389e+00 -3.63698260e+00 -2.60567069e+00 -2.27012140e+00
  -4.03664581e+00  4.99922517e+00]
 [ 5.38069372e-01  4.83205455e-03 -1.48892330e+00 -1.86455369e+00
   1.76966605e+00  3.97636064e+00]
 [ 2.49880058e+00 -2.61543561e+00 -2.95765210e+00 -1.43652412e+00
   4.89044390e+00 -3.08943756e+00]
 [-3.34644552e+00  3.84292625e+00  3.52221426e+00  4.17354368e-01
   4.31725140e+00 -1.65227778e-01]
 [-1.17850411e+00  4.64283725e+00 -4.77765633e+00 -1.16905045e+00
  -4.80829724e+00  2.12197831e+00]
 [ 2.37139340e+00 -4.80143597e-01  6.99300496e-01 -3.30466732e+00
  -4.25153107e+00 -4.08664363e+00]
 [-4.99096756e+00  1.69966988e+00  4.13390145e+00 -4.22860320e+00
  -2.99839742e+00 -2.75206754e-01]
 [ 3.00676657e+00 -3.41895009e+00 -3.75127498e+00 -1.27048112e-01
   3.83349899e-01  2.20417000e-01]
 [-1.72747445e+00  1.23498619e+00 -2.57073043e+00  2.27875781e+00
  -4.49504591e-02  3.94852229e+00]
 [-2.01686057e+00  4.67990860e+00 -2.93072882e+00  3.05322021e+00
  -2.88390428e+00 -1.60708170e+00]
 [-4.35715555e+00 -3.95742843e+00 -1.97163245e+00 -4.63931994e+00
   4.90243751e-01  2.52906138e+00]
 [-4.54556858e+00  1.20522830e+00 -4.92482431e+00 -4.79397995e+00
  -2.46833457e+00 -1.88951498e+00]
 [-1.69236251e+00  2.86919198e+00  2.46136092e+00  4.58327801e-02
   3.29837365e+00 -4.44415998e+00]
 [ 2.37293243e+00 -3.22220256e-03  4.60967031e+00 -2.85660699e+00
   4.82265040e+00  8.12138308e-01]
 [ 1.17349947e+00 -3.68076852e+00  4.21163842e-01  2.60183419e+00
   6.21487136e-01 -2.76225339e+00]
 [-2.55619666e+00  3.61371284e+00 -3.95881076e+00  4.84911464e+00
   2.76754969e+00 -4.76832335e+00]]
