[[-1.61124659  0.85492566 -2.77206278  0.23667553 -4.14224264 -1.29574643]
 [-1.30656823  0.5185661   2.83155533  2.3396836   3.26056929 -3.00130975]
 [-3.00322606  1.58424557 -4.29765573 -1.84186123  1.05234906  0.24011771]
 [-4.59943913  1.05194745  4.25193062  3.16480539  2.47759369 -3.80013587]
 [ 2.97399802 -4.55155632  2.85215784  2.26793264  0.1957156   1.60664393]
 [ 3.81716294 -2.76081404 -1.2928763  -2.66095174  1.47851765  4.5252951 ]
 [-0.66699412  3.46871704 -0.05086001  4.81760339  3.73048712 -1.0580692 ]
 [ 0.68042534  3.47312299  1.17098576 -0.12758476  1.87867601  0.16995753]
 [ 3.33912047  3.62076348 -2.51371281  0.01704177  0.26117475  3.56918719]
 [-1.32616755  3.80981174  2.11071022  0.96337309  0.51104223  1.74199026]
 [ 4.75303626 -2.93012237 -0.42605625  0.42151999  2.34234759 -3.56058968]
 [-2.12494404 -0.77774068  4.09914151 -2.01603884 -4.09744481 -4.71661253]
 [ 0.84519824 -3.98141136 -3.53704424  4.99999443  4.4823011  -4.33447827]
 [ 3.69725767  0.4152346   0.50949974  2.94633985  4.01509384 -1.58985431]
 [ 0.58417099  4.52040788 -0.34960664 -3.17558976 -3.2921147   4.14797888]
 [-4.4075991   1.03729628 -4.51270016  2.54046546 -3.39864671 -1.87631459]
 [-4.83465445  0.95362556  3.4481572   2.74839753 -3.59962625 -3.489983  ]
 [-3.70054335  1.93763831  0.02636276 -3.17640769  2.27898993  3.81278642]
 [-0.67022694  2.56971917 -0.21695326 -3.7765872  -1.48935547 -2.44163335]
 [-1.78183204  1.49557149 -4.0025335   2.68889632 -0.82378458 -1.4207137 ]]
