[[ 4.18162469  4.25471797 -2.4596863  -4.91325554  4.07670029 -3.97724317]
 [-2.6445607  -1.00428354  1.73529352  3.14764554  1.70505738 -4.25794093]
 [ 1.64883338  4.77388744  3.42054925  2.17498973 -2.2853518  -3.18647068]
 [ 0.96919011  1.1057332  -3.04124653  3.80667628 -4.32508875 -0.68292379]
 [ 4.38348901  0.59818103  4.79494025  4.68046008  3.60501121 -2.05543859]
 [-3.93446361 -0.98946864 -3.45199499  1.07159451 -1.96325657  2.01535974]
 [-1.06439423 -0.91757857 -3.13231882 -3.99274414 -0.63836228  2.33863871]
 [ 3.29798927  4.82195891 -0.4697767  -2.42352493 -0.60431243  2.33750312]
 [ 4.85015028 -1.5312797  -2.75442497 -4.09340258 -3.08576817  0.44998695]
 [-1.2301048  -2.55699913 -2.36908117 -3.51461074  4.17553457 -0.79032324]
 [-3.53771475 -2.93615868 -1.61360762 -0.45744597  4.03763329  1.43376062]
 [ 0.0545431   3.20837116 -2.20828785  4.79617898 -0.01625196  4.0868156 ]
 [ 3.87519196 -0.25085928  0.81197758  3.54337072  1.45000416 -3.94577446]
 [ 2.44679381  2.07363886  0.80746007  0.46919266 -4.0400932  -3.33977554]
 [-1.57533205 -1.96859136 -0.02962701  2.60668223  2.8649003  -0.01688259]
 [ 3.16835706 -3.08545384 -3.73819108 -1.07369867 -4.50885348  4.34691826]
 [ 4.66361238  3.28888074 -2.11471379 -3.0618784  -4.82912096 -2.05374341]
 [ 0.87646287 -4.90594038 -4.91351633  1.85331105 -4.82448244  1.64502533]
 [ 4.78568161 -2.7719118  -3.11847737  2.62979137  1.29467243 -0.48783259]
 [ 1.54269645 -0.7821559   4.51221761 -0.15711437  4.32590206  1.01151715]
 [-2.89349708 -1.21987597  3.47184614  2.60294066 -0.07914217 -3.22311466]
 [-1.65703191 -4.41062524 -3.93321286  4.00403882  2.79296767 -2.95203698]
 [-2.42233584 -4.84000612  0.34995969  2.27191103  2.38138407  0.87031253]
 [ 1.03236375 -0.91205969  0.68129019  0.43030245  2.26186366 -2.43075533]
 [ 0.7982405   3.51448104  2.06677924 -4.44585338  1.23903728  0.76998807]
 [ 0.96682503 -2.52493434  0.35341025  1.02879524 -3.14567143  4.05299367]
 [ 1.57675209  0.47587134  4.9130571  -0.65529986 -3.18439157 -0.92365982]
 [-3.88996909  1.01330281  3.08621174 -1.62874462  0.31705898  4.13144808]
 [ 0.08272966  4.27863576  0.69962501 -4.97714009 -4.81511622 -1.51003516]
 [ 3.44688181 -2.84950983 -0.20239645 -2.69665018 -0.3971403   4.18659798]
 [ 4.74413432 -0.69963648  3.72267441 -3.26353449 -4.69128445  3.64988278]
 [-0.62778098  4.83136825  0.32022171 -4.70274611  0.47480589  2.57074189]
 [-0.38437762  3.94445155  2.1097764  -1.42722996 -0.27137937 -0.43297857]
 [ 2.52547726  0.63998375  4.6629609   3.88697688  4.99794302  3.80455782]
 [ 1.44734847 -4.74818917  4.81868753  3.49519342 -2.62909132  2.96768027]
 [ 1.68865852  0.40570995  0.42865603 -1.756691    4.04069462  2.94079988]
 [-3.51628542  4.98808159  3.62142833 -3.90421381 -4.29273969  4.33775492]
 [-4.48082692 -4.57119615 -2.74081873 -2.30176693  1.63487769  2.57391193]
 [-3.25966059  0.74111405 -2.58206226 -2.10717671  3.33057469 -0.49751343]
 [-1.2532487  -2.36803809  2.00410864 -3.6187962   4.8219699  -3.73491603]
 [ 1.83760282  4.69611049 -2.53567947 -1.14639453 -0.79197047  2.56920412]
 [ 0.35480662 -3.36840908  0.2444407   0.70304803  4.155551    0.44185051]
 [ 3.5709736   0.72848945  3.00567143  0.32360837 -2.93624133  3.19229844]
 [ 3.53679995  0.10886677 -0.12732993  3.35296761 -0.0136374  -3.27034239]
 [ 2.03250039 -4.11184538  3.99493467  4.55016926  0.25438713  3.62891088]
 [-4.73205035 -1.72867065 -4.19934393 -4.61317672 -0.32754324  3.1555222 ]
 [ 0.76035276 -4.82956977  4.15324571  4.65959644 -1.46126578 -1.12617751]
 [ 2.90111018  2.50200601 -0.92852597 -1.87815152 -3.20551781  1.88269726]
 [ 4.56460201  0.87426754  4.44632312 -1.59135843  3.92785481  2.86536016]
 [-1.34563168 -4.3476457  -4.48961344  3.08656335  0.62088126  3.97502022]
 [-1.77183414  2.36801816 -1.30311833 -3.73427529  1.7842929   0.82363805]
 [ 4.0394259  -4.8091357   0.3549179  -2.1125364   4.34515514 -2.17762227]
 [ 4.80401465  4.59181724  0.96557201  4.49358582  4.62028963 -3.85802669]
 [-1.24497518  1.84638622 -2.80077463  1.32330376 -4.85294326 -0.48004112]
 [ 3.37914002  0.09376117  2.35728102  2.12615942 -2.15356466 -3.5789428 ]
 [-4.91213091  1.05810327  3.43445204  3.87304985 -3.95768083  3.2871366 ]
 [-3.23873917 -4.16422105  3.52802686  4.82300872  3.20062816 -4.24917703]
 [-2.90476184 -1.49777752  0.83252948 -4.60605875  1.6594821  -0.94121338]
 [ 2.65650732  2.20476435  1.18749383  4.84837265  3.49603058 -0.24411958]
 [ 3.70373217 -4.92319651  3.98490024  3.52765724 -3.00809545  1.57467328]]
