[[ 1.62399807 -0.35809168  3.25352529 -1.06597671 -3.69226891  2.18134943]
 [-3.08458896 -2.37566452 -2.20820307  0.32578191 -1.12981617  0.51551836]
 [ 2.70616777 -3.98920931  3.41703345  3.21303139  2.57943113 -3.58002587]
 [-1.53337392 -2.29258642  1.81349936 -1.59051544  3.66866475  0.19584489]
 [-1.93617644 -3.55049026  4.53876748 -0.78363765 -2.27170963  3.24678788]
 [-3.22379308 -2.63808001 -0.92951534 -3.52491948  2.6939138  -0.14768341]
 [ 1.83590911 -0.00720513 -3.00758022 -0.39129689  2.10478771 -1.1017105 ]
 [ 0.41408578 -1.59850197  0.56933765 -0.91690261  4.81620905  4.55158656]
 [-1.59227467 -1.02637311  3.92827829  4.1353418   2.0789164   2.70281155]
 [-2.38912953 -2.56250543  4.77644562 -4.45194739  4.9749907  -3.04792124]
 [-3.17938117 -2.34163944 -4.48274807 -4.72044359  2.44787873 -4.69273263]
 [ 4.77534879  0.13682301 -1.83400459 -0.92360753 -1.73545988 -0.34268638]
 [ 0.09853711  1.32184065 -0.74506397  4.18283701  4.01742507  0.82578425]
 [ 2.28125621 -1.71715196  0.13501325 -3.14273722 -3.27606138  3.51872638]
 [-4.76364144 -2.13039067 -0.98238365 -3.47743435 -0.88114251  0.77228459]
 [-2.59457463 -1.22189818 -2.09360106  3.826693   -3.64563663 -2.09704549]
 [ 0.76307461 -4.64827861 -4.81739741  4.29085413  1.78546236  4.31020781]
 [ 0.76646745 -0.55384681  0.71916403 -3.42335021 -4.66579813  0.5257638 ]
 [-3.83595818 -1.68208887  3.13827984  3.27621904 -4.77311847 -2.37747289]
 [ 1.83620082 -0.22535712  2.20154504  0.43131743 -4.63754076 -3.88614635]
 [ 0.62547449 -4.44249741 -4.65956236 -2.96918481 -1.68493759 -3.95925371]
 [ 4.13881335 -3.59289754  0.35316181 -1.84759276  2.16144385 -4.21581789]
 [ 0.18798403  4.74654681  3.34051512  2.9736504   1.06694129 -4.63855947]
 [-0.4324622   1.43721994 -0.38543913  4.64430928  0.98910853 -0.59858985]
 [-0.08570625 -2.83164209 -0.25140154 -0.08279874 -2.73079751 -0.39508664]
 [-4.03871659 -3.55528084  1.03549189  3.60870522  2.6708015  -4.88945691]
 [ 4.12954448 -4.78401869 -0.13219683  0.46216873 -2.64598645  4.74194353]
 [ 1.64196849 -4.53083158  3.19015215 -3.21510361 -1.13964815  3.76800645]
 [-2.67527913  2.26079722  4.25023954  3.58940713 -4.97186701  0.57625176]
 [-4.11019101 -1.78166334 -0.88118188 -3.9524845  -0.62226625 -1.15658216]
 [-0.52262343  0.26009841  4.98069811 -3.95565809  1.57472849  3.46004528]
 [ 2.64267454 -0.19758644 -1.53780303 -0.76758673 -3.35993503 -0.90608729]
 [-4.24446737 -1.85555577  1.74605085 -0.28375744 -4.07622499 -4.21300666]
 [ 4.77877936 -2.16745839 -4.80009451  2.8786805   0.9506999  -3.46806475]
 [-2.1617149   1.69145092  4.54745779  0.02096429 -0.93212086 -4.79996603]
 [ 4.75172021 -1.55442575 -0.1572059  -0.31581136 -4.89970314 -1.20367635]
 [ 0.75738642  0.51786135  1.28887516  4.95034718 -2.14410585 -4.26547549]
 [-0.62250846 -0.14794823  3.34898188  3.88636542 -1.20321635  0.48971728]
 [-4.99039495 -0.74826858  1.99533912 -3.35189167  0.4861925   1.56102768]
 [ 1.6090633   2.92805417  0.27202166  0.41348867 -3.53180065  1.44570029]
 [ 4.39365555 -3.89623575 -4.88230767  2.15043029 -0.83519327  3.05622132]
 [-4.99160978  2.14482102 -2.00549707 -2.4188936  -4.05063488 -4.69991378]
 [-4.30167393  0.93394792 -0.08567907 -0.80299504  3.91909832  4.30162627]
 [-0.64348594  4.68178666  2.07947982  0.01952037 -1.03487105  3.55576432]
 [-3.19536955 -4.36497455  3.89381087 -3.86464312 -0.44055125  4.99075313]
 [-3.23762651 -1.4736579   3.92644563 -2.29986281  2.5516577  -0.13147147]
 [-0.47676818 -2.50748195 -0.09454212  4.18880212  1.55144072  3.60921486]
 [-1.80075467 -3.81034295 -0.76218932  3.25096088 -3.61243226 -4.25003637]
 [-0.91228878  1.07343796 -4.01724022  0.48093514 -3.51586279  3.26901149]
 [ 4.3821998  -0.59980787  4.12004209 -3.94456888  1.67405736 -4.21265428]
 [-1.30707616  4.23317332  4.56642129 -0.67032798 -3.92877344  2.88084122]
 [-0.10168818 -1.35700134 -2.42132787 -1.64555218  0.53132212  4.91435163]
 [ 4.33607484  3.47792102  0.62972064 -1.35105892  4.83996475  3.60842313]
 [-4.52759927  4.41169562  2.50271778 -1.78991831  4.57052166 -4.31865581]
 [ 2.1856045   2.34925844 -3.12432766 -4.0401454   3.00533828  3.31429888]
 [ 1.91032156 -1.20589552  2.51809413  3.56860741  4.60204028 -4.33494393]
 [ 2.64699878 -0.36981168 -4.67058652  3.20919553 -1.74759913  0.12516439]
 [ 0.11587309 -0.88997044  1.27982214  3.66171482  3.64783323 -3.16995736]
 [ 4.59860951 -2.36426741  4.68003175 -0.65418171  2.75237945 -4.52968868]
 [-3.8651744   3.64667526 -0.77250942  2.04540846  0.20640479 -0.61980604]
 [-0.21943438 -0.99254337 -1.86756751  4.14502489 -1.16074432 -3.32906463]
 [ 2.91555379 -3.05872474  3.19364916  0.52798148 -0.28564688 -2.82481914]
 [-4.91892852  3.41293425 -4.90559818 -0.4142296   3.78714927  0.60294801]
 [-4.87634911  2.79929832 -2.67281964  0.70342874 -3.19694484  1.60953958]
 [-0.30696125 -1.84503082 -2.16520182  3.37243514 -1.55566528 -2.31022524]
 [-4.62070257  1.64667327  2.27297238  4.15491249  3.97383438 -1.76232377]
 [-0.68875108  4.41569423  3.90706693  4.70049125 -3.89459019  3.29708661]
 [ 3.89857717 -0.0669526   4.88597474 -0.21194156 -2.93268418 -4.70016648]
 [-2.71470758 -0.27029343  0.74122301  4.38177835  2.11762311  4.02775428]
 [-3.43148144  2.65934908 -2.98669167  2.06601367  2.87799372 -2.8014797 ]
 [-0.36763027  1.18046515 -3.38907116  0.44424115 -0.58766908  1.14031453]
 [-2.98000461 -4.03949389 -2.86936757 -2.08871299  3.05180638  3.65484032]
 [ 2.63453788 -0.75972173 -4.65209969  0.46864567 -0.09055525 -3.81482026]
 [ 0.96400881 -0.92260601 -1.25964753 -4.21153604 -1.54307953 -4.4713248 ]
 [-4.15461142  1.16277088 -2.01617048  3.28515639 -2.58165549 -3.51387564]
 [ 1.23866538  0.56295061  0.64483899  2.56321891  1.57528921 -0.06128103]
 [-4.11956144  4.18707732  1.91983142 -3.52449704  0.9028448  -0.41354544]
 [-4.23963596  3.35370382 -4.3736506  -4.8727803  -1.19761607 -0.32950162]
 [ 4.34141319  2.34581058  1.33650805  2.007986    3.84828997 -4.19958708]
 [-1.74245537 -0.10813184 -3.71810294  4.28714649  4.29528609 -2.33802928]
 [ 2.20133561  2.2934406  -4.71270287  3.31509078  1.26660406 -0.87679707]
 [-4.68020394 -2.08726119  2.16654222 -4.51439285  2.44403276 -2.37269965]
 [ 0.80944734 -0.89394619 -1.47949152 -0.47043406 -0.8894858  -2.79739987]
 [-1.2278432   1.65061454  2.6792897   2.83289222  3.64665933 -1.86019581]
 [-0.21348114 -2.54408451  1.76429134  4.16806208 -4.71202666  0.37354745]
 [ 4.25736679 -0.36837231  0.03143358 -0.0298178   1.05672226  0.58622224]
 [-0.53300091 -2.60787166 -3.83114151  3.13638126 -1.39089149  1.98240294]
 [ 1.58905404  2.24133839  0.85388126  3.80482498  1.68431968  4.00107661]
 [-4.64416467 -2.45694905 -1.18284672  0.39106462 -2.06367792  1.83571809]
 [-4.29384311  3.01819238  1.62950378  3.97871831  1.15261819  4.4221318 ]
 [-3.00181039  1.83047399 -3.46925862  1.9916264   2.82999084 -1.35606599]
 [ 2.46229571 -4.55568703  4.28542291 -0.77489755  0.41525097  3.10915865]
 [ 1.92150939 -4.96774642 -2.04698977  2.65484846 -2.12835555  3.32087897]
 [-0.62145691  2.22711147 -4.60544043  3.92210281  3.26558941  4.15198377]
 [ 4.90402336 -4.72674346  0.45827421  0.74253089  2.50295735 -4.01605245]
 [ 0.54660465  3.13898181  0.27239422  1.10202155  2.64016071  0.55087103]
 [ 2.94077761 -0.44742568 -3.75993097  2.7772873   1.10637579 -4.78049292]
 [ 3.91924325 -1.31846173  2.34728724  3.13722422 -1.65330228  1.03831321]
 [-3.29482674 -1.39470534  1.77488836  4.94991937  1.90054635 -3.56205322]
 [-2.03660335  0.01459048 -3.96844539  2.05204939  2.77892376  1.45583508]]
