[[-0.54233271 -4.10295952  1.38274507  4.97656003 -2.22011305  2.42498314]
 [ 1.32771544  4.15066532 -2.46617029 -2.30729681 -4.05387032  2.02393094]
 [ 4.51328526 -0.44358289 -4.06882168  3.11023613 -1.20541526 -0.13759057]
 [-1.60110211 -4.51978367  0.34624464 -2.35449228  3.61833905  3.23184391]
 [ 2.7758631   0.19285289 -3.64840827 -3.97412218  4.16729496  0.51036444]
 [ 3.0928509   0.42001905  4.61872746 -0.03473765  0.272397    3.89926556]
 [-1.7490739   3.53826086  4.25553739  2.72437003 -3.38846347 -1.45632291]
 [-3.53036517  1.94270399  2.96306317 -4.79844495  1.69996897 -0.5012229 ]
 [-4.72198533  1.03557503 -2.27663719  0.78589036 -0.34075927  4.74779715]
 [-4.20915986 -3.08125504 -0.264516   -1.31122314 -4.90216274 -1.747905  ]
 [ 1.73488962  4.93059081 -0.98780782 -0.49990379  0.47441874 -4.93844094]
 [-2.90640871 -1.38592825 -4.99992375  1.09781905  1.39287036 -3.29420678]
 [-0.14637067  2.67659274 -1.02807365  4.08244814  4.77562767  1.46650557]
 [ 4.16720807 -1.73692889  2.12960011 -3.21968833 -2.79105055 -2.53845159]
 [ 0.52518356 -2.86793234  3.26511789  1.94278618  2.93560128 -3.87652033]]
