[[1.00000000e+00 3.60238034e-46 1.55068957e-37 ... 2.36139205e-33
  2.44019168e-08 1.00000000e+00]
 [3.60238034e-46 1.00000000e+00 1.20386454e-09 ... 1.68810683e-38
  5.76094485e-30 1.00000000e+00]
 [1.55068957e-37 1.20386454e-09 1.00000000e+00 ... 1.62813692e-29
  6.31656210e-21 1.00000000e+00]
 ...
 [2.36139205e-33 1.68810683e-38 1.62813692e-29 ... 1.00000000e+00
  7.51074648e-13 1.00000000e+00]
 [2.44019168e-08 5.76094485e-30 6.31656210e-21 ... 7.51074648e-13
  1.00000000e+00 1.00000000e+00]
 [1.00000000e+00 1.00000000e+00 1.00000000e+00 ... 1.00000000e+00
  1.00000000e+00 0.00000000e+00]]
