[[-0.92004385  4.41891663  4.88739144 -3.96079014  0.96967095  0.93779909]
 [ 1.68691029  2.03000833 -1.8157537   4.07733029  3.04924993  4.07563461]
 [ 0.76482052 -4.23615674  4.52114812  0.31616271 -4.78384251  3.27715819]
 [-0.54548604  0.21952735 -0.49037907 -1.28707598  0.69830106  2.98044545]
 [-3.20610217  2.69381697  0.64871627  1.55900769  2.94323497 -0.27657932]
 [ 0.89684042 -2.72608929  2.42876726 -3.8617633   4.47424507 -2.00697592]
 [ 4.75041043 -1.55199046  3.39107191 -2.26215728 -2.64410699  1.27088196]
 [ 4.21607761  0.86320922  3.4233207  -0.70696004 -4.11329594 -3.98106675]
 [ 1.33579237  2.14590749 -3.62054837  0.47128562  3.57892084  1.60232631]
 [-1.56948204  4.2929466   0.51573917  4.29428279 -0.85546892 -2.60847415]
 [ 4.04685638 -0.17550498  2.20330326  2.59065992 -0.96776174  0.43602346]
 [ 2.13306263 -4.54995055  1.06700974 -1.72845868 -4.55668713  0.36556902]
 [-4.49733464  4.40174406  0.19595332 -1.97391608 -2.441619   -1.24845721]
 [ 3.77000128 -4.09835516 -2.77110386 -0.56681317 -2.0798416  -2.59197277]
 [-4.67459176 -1.43804519 -2.99607995  4.27541453 -3.77536345  0.96169287]
 [ 2.0728741  -4.97991706  1.73345901 -2.20452259  2.14704222 -0.79915303]
 [-4.37979034 -4.64586883 -1.08443569  1.54329568  2.73160342  0.66336946]
 [ 1.29792051 -2.50573513 -3.27574976  2.84862418 -0.06598218 -0.80150155]
 [ 1.03600613  4.04576678  1.48882772  2.38095101 -2.56514273  4.63187555]
 [-0.77646385  4.83907546  3.24135058 -2.73125182  1.16012271  0.51129491]]
