[[  5343.97575505]
 [  -108.69381677]
 [-33829.20051765]
 [ 17020.77646617]
 [ 10398.62518721]
 [  -442.09166503]
 [-22402.73143588]
 [-19061.6499531 ]
 [-14037.43977322]
 [-13794.25931953]
 [ -2766.40428904]
 [ 20920.26451047]
 [  8061.05351569]
 [ -7942.71760018]
 [  6229.82890918]
 [ 44533.02618464]
 [  4526.6022252 ]
 [ 44112.5228741 ]
 [-36685.21844343]
 [-30998.77980075]
 [  5809.76250739]
 [-38655.37336366]
 [ 19742.78318993]
 [-24109.76721177]
 [ -3008.53068683]
 [-26762.56289455]
 [ -2103.81704434]
 [ 23245.01055766]
 [ 12878.01847085]
 [ 24191.97152777]
 [ 65579.40894426]
 [-35884.39300986]
 [ 39788.97982191]]
