[[ 3.82630415e+00 -6.16367981e-01  1.61428270e+00 -4.53168242e+00
  -1.41315068e+00 -4.91101979e-01]
 [ 5.59064579e-01  1.39042495e+00 -1.46335249e+00 -3.59098539e+00
  -1.37150165e+00  3.72264219e+00]
 [ 3.09672417e+00  4.97535240e+00  2.83119348e+00 -2.03539388e+00
  -4.54401232e+00  3.96489410e+00]
 [-4.22519790e+00  4.70031695e+00  1.13033486e+00  1.83379160e+00
   3.16606932e+00  3.56085529e+00]
 [ 3.81730411e+00  6.53950956e-01 -2.14513619e+00 -5.09960387e-01
  -1.90582222e+00 -4.98455775e+00]
 [ 2.06014291e+00  3.32740079e+00  1.38393166e+00  1.98283213e+00
  -3.65394084e-01  2.44462633e-01]
 [-1.25159254e+00  4.33547400e+00  4.28200023e+00  4.44384911e+00
   1.59226156e+00 -2.23883050e+00]
 [ 9.54707387e-01  1.10668864e+00  2.07830709e+00  4.98495575e+00
   3.86167375e+00 -1.79057771e+00]
 [ 3.70629002e-01  3.82434654e+00 -2.07200329e-01  4.48182836e+00
  -3.13484890e-01  4.56992398e+00]
 [-4.63078753e+00  1.74319023e+00 -4.25861260e+00  2.89633672e+00
   3.35436939e+00 -4.34579701e+00]
 [-4.43200800e+00 -2.32278040e+00 -3.27859821e-01 -2.98049301e+00
  -2.27155414e+00 -3.12679118e+00]
 [-3.95647783e+00  1.23241735e+00  3.91294309e+00  4.51460884e+00
  -1.84678331e+00 -4.26893667e+00]
 [ 3.75449931e+00  3.13808702e+00 -5.92925857e-02  2.74142564e+00
   4.10931328e+00  6.88394702e-01]
 [ 4.57557666e+00  3.91943829e+00  1.90525549e+00  4.27504229e+00
  -2.75825434e+00  4.20338514e+00]
 [-2.16956068e+00  2.73545001e+00  2.04346214e+00  3.65180793e+00
  -2.01246682e+00 -3.84535770e+00]
 [-1.12819383e+00 -3.20835528e+00 -1.79059543e-01  2.09264655e+00
  -2.98713743e+00 -2.64646525e+00]
 [ 3.00229395e+00 -3.98903251e+00  4.36873502e-01  2.66831699e+00
  -2.10791755e+00 -1.71081530e+00]
 [-4.92341816e+00  4.98331762e+00 -1.77714792e+00 -2.84936402e+00
   1.66758830e+00  2.75203895e+00]
 [-4.53889351e+00  3.12474475e+00  4.05306557e+00  2.53712432e+00
  -3.95224955e+00  1.63717642e+00]
 [ 4.13630451e+00 -2.53057751e+00 -4.76881425e+00  1.06549357e+00
   2.52346121e-01  4.79775008e+00]
 [-2.95984855e+00 -9.11190430e-01 -1.00672583e+00  4.29456102e+00
  -3.37654988e+00  1.05730466e-01]
 [ 3.76626218e+00  2.64201974e+00  3.38087872e+00 -3.93976113e+00
  -2.38241172e+00 -8.93540917e-01]
 [ 4.19382708e+00  1.28584433e+00 -1.48140870e+00 -1.14244140e+00
  -3.06479874e+00  1.15266704e+00]
 [ 6.48087079e-01  1.79557978e-01 -3.95811144e+00  3.02386328e-01
   4.45198024e+00  2.66284072e+00]
 [ 4.01845077e+00  1.77529549e+00 -3.82788096e+00  5.93053159e-01
  -2.07656352e+00  2.10364404e+00]
 [ 9.07273613e-01  4.52970537e+00 -3.81702090e+00  2.03397629e+00
  -1.99538592e+00  2.36610183e+00]
 [-1.72866743e-01  8.49517227e-01  2.38398151e+00 -6.22060893e-01
   3.54135466e+00 -3.01966616e+00]
 [-2.93866835e+00  1.55986726e+00 -1.09477396e+00  1.11859870e+00
  -1.23834680e+00 -2.73292733e+00]
 [-4.25790177e+00 -1.84130189e+00 -9.79094095e-01  3.47149872e+00
   1.07950563e+00  2.26030421e+00]
 [-4.33921433e+00 -2.39884338e+00 -9.56380547e-01 -1.58805950e+00
   1.51400218e+00  2.26566005e-02]
 [-7.67644644e-01 -4.70220548e+00 -3.86333317e+00  3.49447805e+00
  -1.78950327e-01 -2.15973785e+00]
 [ 4.17307883e+00  1.12389553e+00 -1.16493658e+00  2.45599689e+00
   2.60841509e+00 -1.95969121e+00]
 [-1.89878257e+00  1.91996318e+00  2.07629691e+00  1.04845822e+00
   2.97536742e+00  3.60646012e+00]
 [ 2.77248886e-01  3.76951088e+00 -6.13356502e-01  1.54677229e+00
  -3.17884931e-01  1.16671296e+00]
 [ 3.74728031e+00  1.12469005e+00  1.92539609e+00  1.61545580e+00
   3.00939738e-01 -4.31277901e+00]
 [-2.71912533e+00  3.98882206e+00 -2.13158551e+00  2.94065900e+00
  -7.90370038e-01 -3.66958759e+00]
 [ 3.09280168e+00 -3.61936727e-01 -4.83118371e+00  1.15364702e+00
  -1.17964406e+00  3.68833707e-01]
 [-4.38736068e+00  2.20644442e+00 -3.83694374e+00  5.61284199e-02
   3.36924127e+00  5.91369530e-01]
 [ 2.46903072e+00 -4.00775651e+00  1.35703407e+00 -1.04358132e+00
  -3.07036885e+00 -4.02991381e+00]
 [-7.89346627e-01 -3.61226512e+00  4.06051853e+00 -2.45840707e+00
   3.11025114e+00  4.32858260e+00]
 [ 1.22935078e+00  7.50955891e-01  4.41790328e+00  4.04645753e+00
   7.19017578e-01  4.16721526e+00]
 [ 2.37960897e+00  9.85294080e-01 -4.32331684e-02  3.86320015e+00
  -4.64821434e+00  1.84807523e+00]
 [-4.93355947e+00 -2.08002308e+00 -1.15156197e+00  4.14159406e+00
  -4.85526677e+00 -4.97908216e+00]
 [-9.08622833e-01 -2.88350699e+00 -3.70285911e-01 -3.20728945e+00
  -2.94384031e+00 -1.85636092e+00]
 [ 4.33723168e+00  9.90674977e-01 -3.86784931e+00 -4.07002752e+00
  -1.82806788e+00  8.76190382e-01]
 [-1.87454996e+00 -3.07444624e+00 -1.79409779e+00 -4.59388049e+00
   4.79706460e-03 -7.30335812e-01]
 [ 2.41463974e+00  6.85718434e-01 -2.64397883e+00 -1.11166028e+00
   4.74462585e+00 -2.46105358e-01]
 [-3.47129793e+00  2.70698573e+00 -2.84469286e-01  1.54124843e+00
   1.85412198e+00  2.16586447e-02]
 [ 1.08087292e+00 -4.36571720e+00 -2.05682154e+00 -5.71072208e-01
   4.94224528e+00 -1.26573141e+00]
 [-4.75911990e+00 -1.87787186e+00 -4.56636874e+00  1.74467182e+00
   1.38086147e+00  7.75272999e-01]
 [ 3.94459291e+00  8.45335955e-01 -2.49585607e+00 -1.02609815e+00
   4.50569281e+00  1.09078216e-01]
 [-1.22376159e+00 -8.93545620e-01 -1.73084160e+00  2.97536084e+00
  -1.18606742e+00  4.29495063e+00]
 [ 4.53095361e+00 -6.16269485e-01 -3.72330880e+00  1.52793828e+00
   1.26177137e+00 -3.12745281e+00]
 [-4.82216535e+00 -1.31290125e+00  3.30305832e-01  2.05048484e+00
  -3.59225666e+00 -2.09246066e+00]
 [ 4.24620609e+00  6.74674920e-01  1.50118631e+00  4.42617288e+00
  -2.96502299e+00 -8.43986234e-01]
 [ 1.20376212e+00  1.83018098e+00 -1.66840149e+00 -1.49629745e+00
  -2.22269161e-01  2.15739682e+00]
 [-2.24310533e-01 -2.86488267e+00  4.24836819e+00 -4.56020969e+00
   2.27839385e+00  4.50524159e+00]
 [-3.27266563e+00  2.78253963e-01  1.08470854e+00  4.10497653e+00
   4.17621086e+00  6.62294453e-01]
 [ 4.06522748e+00  1.52568940e+00 -1.25920576e+00  3.91662081e-02
   3.76666430e+00  3.42036361e+00]
 [-2.55846721e+00  1.12397861e+00 -3.81302651e+00  2.24533085e+00
  -2.09533204e+00 -2.48770922e+00]
 [-5.28111284e-01  3.26842901e-01  4.43659991e+00 -3.70370752e+00
  -3.04613631e+00  3.67981964e+00]
 [ 2.03991828e+00 -1.77293535e+00 -7.75974252e-01 -3.47828536e+00
  -1.62990321e-02  4.59965545e+00]
 [ 3.14001466e+00  4.72205908e+00  1.29525064e+00 -1.34173091e+00
  -3.52856359e-01  4.16253364e+00]
 [-2.61126888e+00 -1.45414743e+00 -1.01755958e+00 -2.06965939e+00
  -8.16940210e-01 -2.20313991e+00]
 [-1.66320230e+00  4.35031288e+00  1.07354980e+00 -1.41696768e-01
  -2.95683355e+00 -6.40103293e-01]
 [-3.61361302e+00  2.06658301e+00  1.59917150e+00 -2.75839291e+00
   1.85949942e+00 -3.65188900e+00]
 [ 1.15449573e+00 -1.91632129e+00  4.16059101e-01  4.67990888e-01
  -3.55428184e-01  2.08085453e+00]
 [ 3.19626557e+00  1.13707170e+00  2.41764721e+00 -1.42019497e+00
   3.06518043e+00 -4.62480770e+00]
 [ 3.54600684e+00  1.25106302e-01 -3.08742438e+00  4.97761111e+00
   1.95491864e+00  3.82285915e+00]
 [ 6.53808366e-01  4.16296411e+00  2.72541090e-01 -2.01141511e+00
  -4.39622465e+00  3.09028536e+00]
 [-3.07707714e+00 -3.15210316e+00  4.53574968e+00  2.08728894e+00
   1.97375080e+00 -1.27110576e+00]
 [-3.76460917e+00  4.76612553e+00  6.13065116e-01  1.79574959e+00
  -2.38456862e+00  3.27890931e-01]
 [-2.94382016e+00 -2.19501604e+00  2.24837643e+00 -1.72411712e+00
  -4.55111280e-02  4.74149834e+00]
 [-1.63536442e+00  2.04651674e+00 -2.08323304e+00  2.32780231e+00
  -3.55940719e-01  2.80922073e+00]
 [ 7.30078489e-01  4.86460591e+00 -4.62353027e+00 -2.92535979e-01
  -1.53348350e+00 -1.03326545e+00]
 [ 2.39163432e+00 -6.41133816e-01  4.27117947e+00 -2.03151096e+00
  -3.25524761e-01 -3.42123641e+00]
 [-2.12198206e+00  1.16589199e+00 -2.61335981e+00 -5.79451255e-01
   3.11743265e+00  1.91624899e+00]
 [ 3.99240031e+00 -1.12564919e+00  3.52497486e+00  2.06644157e+00
  -7.19311143e-01 -1.98511679e+00]
 [-4.19640157e+00  1.39710402e-01  1.06902245e+00  8.99299841e-01
  -7.75079599e-01  3.30327233e+00]
 [ 4.37389636e-01 -3.50221937e+00  4.23620555e+00  3.29799733e+00
   1.86797713e+00 -4.85479956e+00]
 [-2.09572183e+00 -2.62957501e+00  3.41200754e+00 -4.00193984e+00
  -3.79614661e+00 -3.63477813e+00]
 [ 2.81118395e-01 -1.66322949e+00  7.20062681e-01  3.37131694e-02
  -3.65280911e+00  3.93766580e+00]
 [-1.90759151e+00  1.31857944e+00 -3.75469530e+00  8.74577179e-01
   2.33514906e+00 -4.13384109e+00]
 [ 5.92266107e-01  3.04085155e+00 -1.89956787e-01  1.30498466e+00
  -2.42773699e+00  2.44043320e+00]
 [ 3.79764672e+00  2.82304843e+00  1.31135107e+00  1.47107824e+00
   4.17136910e+00 -2.28165895e+00]
 [-1.81105407e+00 -1.10032988e+00  4.72313101e+00  1.61252440e+00
   3.79951374e+00 -1.37445947e+00]
 [-3.29441403e+00 -4.58623238e+00  4.85538866e+00 -3.89442137e+00
   1.26168402e+00 -2.29190440e+00]
 [-3.45159815e+00 -4.10881084e+00 -3.90601882e+00 -2.36771484e+00
   2.28578165e-01 -3.00191226e+00]
 [ 4.22711335e+00 -4.71762424e+00  4.58513332e+00 -4.75685069e-01
   5.68565846e-01  2.20623912e+00]
 [-2.03124382e+00  3.41493976e+00 -1.73397660e+00 -4.89105768e+00
  -4.99022543e+00 -2.41381206e+00]
 [ 4.87329569e+00 -3.81635029e+00  1.03272780e+00 -1.71996281e+00
  -8.03354067e-01 -2.12373558e+00]
 [ 9.86283842e-01 -4.69657668e+00  4.76806329e+00 -2.61551368e-01
   2.00255781e-01  3.48490465e+00]
 [-5.01310514e-01  2.65748613e+00 -4.80042588e+00 -8.61167151e-01
  -4.74974650e+00 -1.23534753e-01]
 [ 1.74125704e+00  2.57590125e+00 -1.81318513e+00 -2.06302907e-01
  -1.66079150e-01 -4.35032145e-02]
 [ 2.14299568e+00 -4.91738488e-01 -3.16477068e+00  3.15402841e+00
  -3.58784457e+00  1.06452650e+00]
 [-2.09463343e+00  4.35635304e+00 -4.14250160e+00  3.19126603e+00
   1.33084546e+00  3.38411239e+00]
 [-2.37436680e+00  8.86859960e-01 -2.33361250e+00 -4.34159365e+00
   4.21037180e+00 -4.24029598e+00]
 [-2.89101913e-01 -1.99152537e+00 -2.79428270e+00  3.66328010e+00
  -3.99596616e+00 -3.67035659e+00]
 [-9.04054092e-01 -7.96484841e-01  1.44801179e+00  4.35536215e+00
  -1.04359249e+00  4.56463178e+00]
 [ 1.05766105e+00  2.35959409e+00  3.87045975e+00  3.52121595e+00
   2.02092585e+00  3.39455984e+00]]
