[[-4.82868673 -3.13507578  4.83758532  2.02104305  1.22341886  1.59737602]
 [-3.36268015  0.04819486 -1.7926746  -0.75310126 -4.50042768 -3.67052627]
 [ 0.34027649  4.35251574 -3.87798588  1.66906083 -0.87026062 -4.90600821]
 [ 1.90771639  0.45963963  0.94704714  3.87928403  1.72720288 -1.96897764]
 [-1.96675047  0.66855147 -4.42570315 -3.48107116 -4.69048298  4.10886848]
 [-3.38049751 -3.68214796  2.05545156  3.08883333 -1.93153819  4.69273963]
 [ 3.63141774 -3.07416095  1.97701486 -0.08750885  3.90838729  4.20225349]
 [ 1.00058117 -2.33389872  4.21321302 -4.48779764 -0.51177684  1.97204687]
 [ 0.61102558 -4.42636595  2.92181546  3.83705402  1.76949328 -4.5581543 ]
 [ 4.74256398  1.83576482  0.81770951 -3.23263307  1.4546952  -0.6894928 ]
 [-0.88560224 -2.20846971 -2.35995528 -0.8419438   0.32803097  2.34427287]
 [ 3.18717399 -0.64694617  2.36187876  3.10495826 -4.23556952 -0.579835  ]
 [ 4.69738677  1.92403981 -0.37549287 -1.56215511  2.65576919 -4.7914125 ]
 [ 2.04542246  0.09970721 -1.959841   -3.63900497  3.47246687  3.66226675]
 [ 1.48299965  4.3303215  -2.92540083 -0.6578656  -2.13936031  3.41990097]
 [-0.29733112 -4.10129714 -4.91923525  2.68721438  2.95180566  4.41608133]
 [-1.40441099  1.11729335  4.16642132  3.59756035  4.65866688  0.8009981 ]
 [-2.1035205   1.46266751 -2.77313442 -3.98218823  3.54353484  3.56644859]
 [-3.15264288 -0.38628976 -4.15637361  2.65628633  0.56294221  1.02319317]
 [-3.96685099 -4.69363424  2.42684225 -4.93951593 -0.99218993 -2.01055295]
 [-3.60835078  2.29421762  3.119696   -4.54257453 -0.1366795  -3.10040066]
 [ 0.09513606 -1.91895211 -3.10902868  4.78207186 -2.12148893  0.67458712]
 [-1.01233239  1.83785829  3.61319991  1.75287585  4.4704349  -0.54573863]
 [ 2.77632713  4.6447067  -2.48770484 -2.17900812  3.59934128 -2.17227844]
 [-4.50837269  4.76334332 -1.30910532  1.48323765  3.473622    3.34331864]
 [-1.36438264  3.04297423 -0.64689949  3.42879229  0.95876187  0.6621214 ]
 [ 0.21702212 -1.86179551  0.41627342  0.78841029 -0.53156402 -3.285165  ]
 [ 1.83373485 -4.32551235  2.11767389  3.81565798  0.12924087 -3.31862552]
 [ 0.18457791 -1.36791553 -2.58039987  4.42660874  0.75461     4.40760736]
 [-4.16062263 -2.29171399  0.2180935   4.67662872  0.61784226 -4.04936698]
 [ 4.66582706 -0.17391501 -2.05337901  3.52153798  2.0527542  -3.94634146]
 [-2.2307729   1.81603066  3.37489878  0.5619632  -3.11673863 -3.00863951]]
