[[ 3.73027902 -0.1024478  -2.42563944  3.34565841  1.90761198 -4.33557168]
 [-3.16854847  2.07381048 -0.82133074  1.44218638  0.63222454 -0.45618461]
 [-2.45707892 -3.46468963  4.91473617 -4.64691299 -1.86423191 -3.07590108]
 [-4.35548723  3.3691919   0.61011905 -0.99231994 -4.0523078   2.82576676]
 [-3.58484238  1.70974732 -0.95049303 -1.92981072  0.42203706 -3.23622909]
 [-0.64383984 -2.9926479   0.50288293 -3.14936707 -4.24832468  2.05153637]
 [-3.99031686  1.90062488  4.93397458 -0.91792396  2.02531188  1.08541465]
 [ 2.75321208  1.18151062  3.89342599  4.60294398 -3.35813555  3.9432362 ]
 [-0.86230428  2.31873216 -2.0948274   4.85476959 -1.81136106  1.4404214 ]
 [ 2.30392491 -1.42888058 -0.024415    4.83658392  2.02331315  1.33626677]
 [ 3.36460284 -2.46007995 -1.21260141 -0.61047048 -0.34094018  1.74355401]
 [-0.47911052  1.23907894  0.319444   -1.78358642 -3.06289379 -0.88899026]
 [ 1.73265851  0.89621871 -1.8751994  -1.62781268  4.21319791 -1.98181417]
 [ 3.7924433   1.14627953 -4.9074187  -1.95783011  4.75075614 -1.41450409]
 [ 1.9827637   2.50526848 -1.48764728  1.62167494  3.64870848 -3.06388913]
 [ 3.68656311  1.51513717 -4.95345264  0.60463198  4.25586206  0.04524702]
 [ 1.36039207 -0.01047187 -0.69466976 -1.24949085 -1.34361898  1.20843503]
 [ 4.30465895  0.60891469  3.60078094 -3.69400251 -0.54035443 -3.3318087 ]
 [-0.82165237 -3.85778588  0.8603879  -0.12518602 -1.39496258 -3.19705328]
 [-4.53150371  0.58053824  2.0871078  -3.41531603 -4.20396915  1.63152259]]
