[[1.00000000e+000 3.53270835e-018 4.52676869e-050 8.52546272e-056
  3.47406099e-023 7.29513584e-059 1.01027753e-004 8.73573720e-032
  1.32050042e-009 5.81122624e-019 4.96968005e-048 1.21160182e-040
  1.02057618e-023 2.38618297e-025 3.99461259e-043 2.91342328e-028
  1.18760732e-014 1.84050777e-016 1.91885814e-031 3.24206307e-039
  1.00000000e+000]
 [3.53270835e-018 1.00000000e+000 4.67550945e-059 1.06475880e-042
  3.96074133e-007 3.46243545e-050 5.24621076e-009 2.18648273e-068
  3.72950726e-023 2.61433326e-045 3.41946847e-029 1.24175117e-021
  3.35381155e-047 3.04764907e-060 4.80500086e-015 1.59370003e-035
  6.99180812e-017 1.34311977e-028 8.90874972e-036 1.28554911e-017
  1.00000000e+000]
 [4.52676869e-050 4.67550945e-059 1.00000000e+000 1.29875838e-032
  2.37750770e-062 5.46990881e-046 5.50105490e-038 1.24928547e-024
  1.95431707e-048 8.21040906e-025 4.55913977e-017 3.95873419e-096
  7.65545027e-037 6.19759846e-076 4.74974601e-089 2.29229033e-025
  1.74917319e-036 2.15276924e-017 2.40787416e-036 1.14778864e-052
  1.00000000e+000]
 [8.52546272e-056 1.06475880e-042 1.29875838e-032 1.00000000e+000
  5.22279775e-060 2.99086221e-014 6.08420390e-045 4.05759886e-083
  1.65418057e-055 1.25177795e-052 9.95252146e-023 9.54939612e-061
  8.93821721e-035 5.06059414e-070 7.12499571e-076 2.01457732e-024
  6.89553252e-022 3.47763597e-030 2.54678042e-058 1.48629512e-022
  1.00000000e+000]
 [3.47406099e-023 3.96074133e-007 2.37750770e-062 5.22279775e-060
  1.00000000e+000 2.96765611e-082 7.47474981e-011 5.99166173e-068
  1.37377780e-033 4.27473278e-057 4.57729072e-034 3.83948356e-047
  4.53781510e-058 1.46897130e-080 6.40901954e-031 9.24268764e-054
  4.98366412e-025 1.31747116e-041 1.94740985e-037 1.05095320e-041
  1.00000000e+000]
 [7.29513584e-059 3.46243545e-050 5.46990881e-046 2.99086221e-014
  2.96765611e-082 1.00000000e+000 4.18778293e-054 1.22071535e-084
  2.83750151e-052 2.24787449e-044 1.97621097e-036 2.42966183e-040
  1.53959123e-041 1.15963651e-059 3.22830198e-061 4.82600503e-017
  2.56164129e-035 8.04116159e-027 5.47550803e-062 5.87124726e-013
  1.00000000e+000]
 [1.01027753e-004 5.24621076e-009 5.50105490e-038 6.08420390e-045
  7.47474981e-011 4.18778293e-054 1.00000000e+000 2.59075127e-032
  1.08880091e-010 7.19822099e-022 1.55549939e-029 6.32998156e-039
  9.89258962e-029 2.29258757e-038 1.57677096e-032 3.07037537e-027
  1.20575998e-010 8.66077427e-014 1.73898400e-026 4.00710288e-030
  1.00000000e+000]
 [8.73573720e-032 2.18648273e-068 1.24928547e-024 4.05759886e-083
  5.99166173e-068 1.22071535e-084 2.59075127e-032 1.00000000e+000
  6.82461150e-031 2.93216432e-011 5.51200864e-056 5.77905450e-106
  7.62191223e-039 5.93834312e-051 6.49219738e-094 2.24676884e-040
  6.47659818e-049 3.23244573e-020 2.37310936e-042 1.70717920e-081
  1.00000000e+000]
 [1.32050042e-009 3.72950726e-023 1.95431707e-048 1.65418057e-055
  1.37377780e-033 2.83750151e-052 1.08880091e-010 6.82461150e-031
  1.00000000e+000 2.64274466e-014 5.69967950e-053 6.87886579e-049
  7.56308940e-024 2.37716793e-019 1.51721373e-042 2.97343636e-030
  1.76187860e-019 2.78565577e-014 1.07689159e-050 2.69134887e-035
  1.00000000e+000]
 [5.81122624e-019 2.61433326e-045 8.21040906e-025 1.25177795e-052
  4.27473278e-057 2.24787449e-044 7.19822099e-022 2.93216432e-011
  2.64274466e-014 1.00000000e+000 3.69303611e-044 8.28916907e-064
  3.14283631e-016 9.47536219e-031 7.77734600e-063 2.43452781e-014
  5.01858719e-032 4.29006774e-008 3.54646328e-032 1.53927127e-044
  1.00000000e+000]
 [4.96968005e-048 3.41946847e-029 4.55913977e-017 9.95252146e-023
  4.57729072e-034 1.97621097e-036 1.55549939e-029 5.51200864e-056
  5.69967950e-053 3.69303611e-044 1.00000000e+000 6.18676119e-055
  3.02921025e-052 2.90281353e-095 4.34323678e-047 3.49872094e-025
  8.94116276e-030 2.68399490e-024 5.68521391e-025 1.44207515e-025
  1.00000000e+000]
 [1.21160182e-040 1.24175117e-021 3.95873419e-096 9.54939612e-061
  3.83948356e-047 2.42966183e-040 6.32998156e-039 5.77905450e-106
  6.87886579e-049 8.28916907e-064 6.18676119e-055 1.00000000e+000
  3.09568912e-071 1.77030053e-074 4.90689381e-013 2.25308415e-038
  5.53273834e-045 1.71412465e-046 1.02906902e-048 8.98725598e-015
  1.00000000e+000]
 [1.02057618e-023 3.35381155e-047 7.65545027e-037 8.93821721e-035
  4.53781510e-058 1.53959123e-041 9.89258962e-029 7.62191223e-039
  7.56308940e-024 3.14283631e-016 3.02921025e-052 3.09568912e-071
  1.00000000e+000 2.28980491e-034 4.87574707e-083 7.85950156e-016
  9.07138386e-027 2.01749401e-022 1.79808252e-042 3.56306235e-048
  1.00000000e+000]
 [2.38618297e-025 3.04764907e-060 6.19759846e-076 5.06059414e-070
  1.46897130e-080 1.15963651e-059 2.29258757e-038 5.93834312e-051
  2.37716793e-019 9.47536219e-031 2.90281353e-095 1.77030053e-074
  2.28980491e-034 1.00000000e+000 7.55751374e-092 1.35025057e-050
  1.86371538e-029 2.10511423e-028 9.99343709e-093 1.36046351e-060
  1.00000000e+000]
 [3.99461259e-043 4.80500086e-015 4.74974601e-089 7.12499571e-076
  6.40901954e-031 3.22830198e-061 1.57677096e-032 6.49219738e-094
  1.51721373e-042 7.77734600e-063 4.34323678e-047 4.90689381e-013
  4.87574707e-083 7.55751374e-092 1.00000000e+000 5.18230500e-049
  3.30986205e-052 3.98825217e-048 5.86318343e-047 3.36179755e-021
  1.00000000e+000]
 [2.91342328e-028 1.59370003e-035 2.29229033e-025 2.01457732e-024
  9.24268764e-054 4.82600503e-017 3.07037537e-027 2.24676884e-040
  2.97343636e-030 2.43452781e-014 3.49872094e-025 2.25308415e-038
  7.85950156e-016 1.35025057e-050 5.18230500e-049 1.00000000e+000
  1.76460227e-028 1.94808428e-012 1.62554214e-020 4.40344847e-021
  1.00000000e+000]
 [1.18760732e-014 6.99180812e-017 1.74917319e-036 6.89553252e-022
  4.98366412e-025 2.56164129e-035 1.20575998e-010 6.47659818e-049
  1.76187860e-019 5.01858719e-032 8.94116276e-030 5.53273834e-045
  9.07138386e-027 1.86371538e-029 3.30986205e-052 1.76460227e-028
  1.00000000e+000 6.56885468e-014 1.87412914e-046 1.65020886e-024
  1.00000000e+000]
 [1.84050777e-016 1.34311977e-028 2.15276924e-017 3.47763597e-030
  1.31747116e-041 8.04116159e-027 8.66077427e-014 3.23244573e-020
  2.78565577e-014 4.29006774e-008 2.68399490e-024 1.71412465e-046
  2.01749401e-022 2.10511423e-028 3.98825217e-048 1.94808428e-012
  6.56885468e-014 1.00000000e+000 2.31868933e-031 4.45408096e-024
  1.00000000e+000]
 [1.91885814e-031 8.90874972e-036 2.40787416e-036 2.54678042e-058
  1.94740985e-037 5.47550803e-062 1.73898400e-026 2.37310936e-042
  1.07689159e-050 3.54646328e-032 5.68521391e-025 1.02906902e-048
  1.79808252e-042 9.99343709e-093 5.86318343e-047 1.62554214e-020
  1.87412914e-046 2.31868933e-031 1.00000000e+000 1.15478714e-046
  1.00000000e+000]
 [3.24206307e-039 1.28554911e-017 1.14778864e-052 1.48629512e-022
  1.05095320e-041 5.87124726e-013 4.00710288e-030 1.70717920e-081
  2.69134887e-035 1.53927127e-044 1.44207515e-025 8.98725598e-015
  3.56306235e-048 1.36046351e-060 3.36179755e-021 4.40344847e-021
  1.65020886e-024 4.45408096e-024 1.15478714e-046 1.00000000e+000
  1.00000000e+000]
 [1.00000000e+000 1.00000000e+000 1.00000000e+000 1.00000000e+000
  1.00000000e+000 1.00000000e+000 1.00000000e+000 1.00000000e+000
  1.00000000e+000 1.00000000e+000 1.00000000e+000 1.00000000e+000
  1.00000000e+000 1.00000000e+000 1.00000000e+000 1.00000000e+000
  1.00000000e+000 1.00000000e+000 1.00000000e+000 1.00000000e+000
  0.00000000e+000]]
