[[ 4.04911703  0.017865    2.3317988   0.11898864  3.60864477 -0.56777752]
 [ 3.65024138 -3.56465318 -0.30076447 -2.18396621  1.075399   -3.49003761]
 [-3.35662352  1.73095479 -3.80299335 -2.25202262  3.00345397  2.92735501]
 [-2.51901788 -3.95801036 -4.96157287  2.82019286  0.93971575 -0.07709415]
 [ 3.93547878 -2.19387946 -1.06073975 -3.84595957  3.75704118 -4.99013573]
 [-1.75439047 -3.84171532 -2.25826509  3.14351134 -3.22136128  2.33443651]
 [ 3.01539638 -0.92387869  0.69543436 -1.89528076  3.45496543 -1.26496369]
 [ 0.66573323  4.2693142   1.1939333  -3.13488907  4.79133441  4.79057871]
 [ 4.74131477 -2.28561325  1.39722769 -1.22399674  3.20907284  2.87074174]
 [ 2.24124755  1.98299751  0.28089515 -0.4960287   1.83772376  4.64169211]
 [-2.50138846 -0.64614349 -4.12245842 -3.13221523  0.16954389 -1.79884283]
 [ 3.630104   -3.3807726   2.08737413  0.49932156 -4.8574492  -3.44979198]
 [ 3.4193842   0.76315993 -2.85415719  3.67894619  3.48503592  2.95420279]
 [ 2.81284481 -3.08680644  4.7836787   3.49244591  4.46797178  4.66645659]
 [ 4.81997048 -3.49489099  0.92715203 -4.43878345 -3.89498934 -2.94300359]
 [ 0.99962175  1.02920417 -2.25668281  1.62574463 -1.30550993  1.80022415]
 [ 0.26263905 -3.43924574  0.17367055  0.95698389  4.11581096 -0.96558326]
 [-0.23324764 -0.54499809  0.57896378 -0.74616251  1.64325974  2.57740968]
 [ 1.6175452   4.83493991 -1.81224839 -1.61212644 -0.54751562 -2.60936996]
 [ 0.79259528 -4.79713324 -1.12693204 -0.10479986 -2.93484686 -0.64046662]]
