[[ 2.05904945 -4.46262183  4.56466065  4.83432551 -4.28060074  3.84241773]
 [-4.42098631  0.99009191  2.2479383   2.10735615  1.15881132  0.28235162]
 [ 0.71880023  4.84053221  4.31829809  4.4374643   2.73955317 -1.98230704]
 [ 0.75570728 -0.62156964 -4.53191171 -2.15958696 -4.59451378 -1.96884424]
 [ 0.1158919  -0.06867627 -2.97261464  2.30325764 -1.56137092  1.95619977]
 [ 2.7721849  -4.47607011 -2.91910269 -0.30342043 -0.12365896  4.46386629]
 [-2.76673113 -0.37153144 -4.27668857  1.8903411   0.41468863  1.55170741]
 [-3.48107913 -3.79291899 -3.64120688 -2.88962541  0.50799462  0.88659708]
 [ 3.72161105 -4.97237599 -4.55853771  2.89959233 -0.25083989 -4.63171474]
 [ 1.41885125 -3.51945697  3.59858821  1.41069752  1.91782406  3.96706306]
 [-0.3239314  -2.59397699  1.93419801  1.0968051  -0.87011349 -4.21111016]
 [ 2.21388446  4.34941747  3.66771874  0.08748903 -1.82609148  1.42613407]
 [-3.57136288  4.45592575 -4.96610709 -0.24342885 -1.32462162 -2.19237614]
 [ 3.0491848   1.25557434 -3.61100981  2.31403104 -2.83813422 -2.99705879]
 [ 0.08279449  0.80684768 -0.30651573 -1.48060655 -4.96303384  1.1611258 ]
 [ 0.51029922 -4.18053363 -1.52459288  4.31401723 -4.9692266  -3.74976877]
 [ 0.17091937  2.63958062 -0.40090872 -1.36617412  2.60800785 -1.20684003]
 [ 4.13121797  1.09890687 -4.78497874  1.32336062  4.41437263 -1.47998861]
 [ 2.91895692 -4.11767603  2.92263174  3.15546782 -3.86164118  4.67085133]
 [-3.56796111 -1.07067922  3.96736147 -1.70294713  2.51411627  2.81142386]]
