[[ 3.81592056  0.44148094  3.05597967 -1.42026934  2.580315    0.41278604]
 [ 2.76425697  2.051675   -4.47376199  1.97138741 -0.93082852 -1.67129869]
 [-3.4891112  -4.13624736  1.41396728 -0.98195752 -4.20734308  1.15863028]
 [-3.19578047 -3.24990229 -4.82171375  2.82747359  2.62051711  1.49980865]
 [-4.57866173  0.81033884 -2.64640712 -1.88766772  2.50578592 -4.21361785]
 [ 2.61546387 -1.17904949 -4.24474199  2.76249983  3.35023867  3.12305959]
 [ 3.01583538  3.26561191  0.14405658  4.02346973  4.16034675  0.84745122]
 [-1.31291824 -2.31457965 -4.36031656  2.29017582 -0.36674553  1.93342446]
 [ 4.85473824 -1.78107654 -0.56845722  4.2173469   3.13991262  0.99515118]
 [ 0.70720679  1.87785959 -4.72730884  2.11176161 -1.34864748 -0.38862241]
 [-3.4188194  -4.39862142 -1.05240732 -4.19450606 -2.58393984 -4.80215636]
 [-0.41525438 -2.30593254  1.96942304 -3.00862739 -4.28166482 -0.73239141]
 [-0.81667877  1.2161743  -1.49324744 -3.09309506  0.87581343  1.80011753]
 [ 2.79991304  1.37120368 -1.81994778 -2.24394274 -2.38851735  0.60093521]
 [-1.65227025 -2.5737437   1.67716954 -1.11995443  3.69054757 -4.44231913]
 [-0.05613835 -2.28572791  0.47661218  4.66733472 -1.69206562  1.37610012]
 [-0.50995378  0.3577495   3.42035553 -2.20570826  2.65765106  3.86974783]
 [-2.14250659 -4.72974406 -4.57526013 -3.84634433 -3.74463735  2.32094974]
 [ 3.34778813  2.4870861   2.61404548  3.43486172 -2.97420806  1.47239741]
 [-2.25271109  4.00288934  0.51191189 -2.41597781 -1.42626852 -0.91598617]
 [-4.10788717  0.98688554 -3.59855004  3.78295547  3.72873684 -2.66186112]
 [ 1.35762085  2.23779533 -3.0442661  -2.38932631  0.62097394 -0.85612355]
 [-2.77334927  4.62342632 -0.77530787 -3.80989443 -1.88877777 -0.43664641]
 [ 4.31963587  3.01365255  3.68802427 -3.9659221   4.4786756   2.77787954]
 [-1.27857744 -4.6444944  -4.48414471  4.23499293  1.48417975 -0.11017383]
 [-4.92869283  2.02248684  1.95256734 -1.86310803  0.61722223 -0.61015631]
 [-0.62024291 -2.01223853  0.39950841  0.08567452 -2.95541675  2.72166447]
 [-0.63730852 -3.06449424 -1.6415104   0.56990705 -4.55214806 -0.89875027]
 [ 4.02042516  3.91457026 -2.73745763  4.41738375 -4.52364377  3.90516866]]
