[[-18979.54674771]
 [-26729.50743733]
 [ 14178.31734083]
 [  4936.30382552]
 [  2079.20719842]
 [-28330.64855954]
 [-10829.32701669]
 [-25539.68464248]
 [ 47362.35024075]
 [-29346.86750427]
 [ 68505.49975188]
 [-20238.41234221]
 [-31292.89590644]
 [-28702.52819594]
 [-33902.6549521 ]
 [ 18135.45839291]
 [-38195.52251499]
 [ 75948.60224992]
 [ -9063.9600184 ]
 [-10638.58330831]
 [ -1215.82935435]
 [-30679.84861258]
 [ 37285.57355811]
 [   303.0463044 ]
 [ 59161.91490665]
 [ 11128.40922017]
 [-36983.90695517]
 [-24006.42907414]
 [ 65651.47015308]
 [ 39780.72122855]]
