[[ 0.9619807  -4.55147976  4.0522638   1.74873702  2.19525309  2.32319858]
 [ 4.20665191  0.31649642 -2.32687768 -0.45877593  4.68877828 -3.22816146]
 [-0.24335737 -0.42466734  3.99000666 -4.10984416  3.74661592 -1.28750843]
 [ 1.35533339 -2.28999048 -3.73308514 -4.89922248 -0.41635252 -2.75061145]
 [ 2.95451395  0.52455983  2.60021089  4.75497319  1.57050825 -1.76674721]
 [ 3.73180983 -3.93396617 -0.19063627 -3.67724614  2.6023684   1.84627702]
 [-3.30055106 -3.36846445 -1.80862746 -1.52860691  4.02334071  1.23227272]
 [ 0.63445984 -1.528648   -1.43519995 -4.48706109 -2.67037964  4.79002807]
 [ 4.53544315 -0.73086957 -4.32420414  1.04571192 -3.61005653  0.50901937]
 [-0.95357455  3.86045298 -2.99390391 -2.51736882 -4.52693516 -0.12610143]
 [ 1.23029897  4.52295048 -0.86744105  3.94894293 -2.3638015   2.70711449]
 [-1.11206845  2.91570721  2.04139111 -0.01171998  4.52658174  4.46004706]
 [ 3.01485063 -1.98221248  3.07523645  2.09306123 -4.95108137  0.07900899]
 [-1.83614228 -4.04062752  0.96951172 -2.7499519  -3.89552527 -1.48803453]
 [ 2.18427399 -4.75989184  1.05744684  0.5390483   0.44221497 -4.43826017]
 [-3.95320435  2.28067696 -1.01846841 -3.15561157  0.67194041 -4.14710339]
 [ 2.52034341  4.27632697 -2.632258   -3.65364841  1.95334265  0.97647908]
 [ 1.67329338 -1.16170363 -3.01403682  2.41099142  3.18657233  3.58127528]
 [-3.37453695 -2.72179144 -4.99996188  0.19279654 -2.26279063 -0.55036722]
 [ 4.85031607  1.67540366  2.85208008 -1.13781499 -0.11218617  2.46262021]
 [-4.86099267  3.03583138 -3.6383186   0.87445337  0.1360456   3.00418533]
 [-0.41639597  3.65575878  4.8897443  -2.10705482 -3.10270763 -0.88407805]
 [ 0.03824866  1.58515435 -4.53441084  4.00619207  1.31086515 -2.24481778]
 [-2.57318534 -3.19296412 -0.3722313   3.40109774 -1.80356482  4.16211504]
 [ 3.35732476  2.3395491   0.33429011 -0.94488193 -1.65001551 -4.96922047]
 [-2.77116636  1.33244095  4.4391208   4.66287205 -0.69083047  1.37475699]
 [-4.26518258 -2.40357356  1.67610216  2.71215174  2.68663923 -3.76922579]
 [-2.23740822  0.78575659  0.14997071  3.23766299 -4.19423173 -3.3739525 ]
 [-4.60457993 -0.03470459  3.52270015 -1.95109048 -1.03219936  3.83125657]
 [-1.63255519  4.91511148  1.5846254   1.64100818  3.41744191 -2.56879528]]
