[[ 4.63104098e+00 -1.88045500e+00 -4.13619442e+00  5.29486986e-02
   1.87734434e+00 -3.46632599e+00]
 [ 2.08941688e+00  4.90609849e+00  1.81961971e-01  6.16588405e-01
  -3.41162248e+00 -3.12146667e+00]
 [-3.48034070e+00 -4.27315875e+00 -8.69922612e-01 -1.45945691e+00
  -3.20259193e+00 -2.46875575e+00]
 [ 1.96129943e+00 -2.94241760e+00 -2.28531937e+00  1.58832185e+00
  -4.24694905e+00 -2.60547809e+00]
 [-2.84282428e+00 -1.61457131e+00  3.86716665e+00  1.65111808e+00
  -4.45061254e+00  2.54850785e-01]
 [-1.87481543e+00  3.84213462e+00 -1.99051519e-01  3.62275170e+00
   5.81753860e-01  4.93137665e+00]
 [ 4.33043393e+00 -5.10122033e-01  1.43576418e+00 -2.63314108e+00
  -2.82061238e+00 -3.34236042e+00]
 [-7.52068882e-01 -3.76793009e+00 -9.29878375e-01  2.48453911e+00
   2.10529472e+00 -4.41847958e+00]
 [-2.24107356e+00  1.86594864e+00  5.05843032e-01 -3.46587629e+00
  -3.70639157e+00 -3.79192827e+00]
 [ 2.64017690e+00 -2.63316909e+00 -4.99997401e+00  1.10155200e+00
  -6.97137395e-01  2.93607578e+00]
 [ 3.97505762e+00  3.97073101e-01  2.16469780e+00 -4.65026892e+00
   1.15227776e+00  2.64581050e+00]
 [ 1.71612460e+00  3.17346876e+00 -3.63220721e+00 -4.09812237e+00
  -5.20108009e-01 -2.79550946e+00]
 [ 1.50143851e+00 -3.44667598e+00 -2.18234617e+00 -4.93128805e+00
   1.83432999e-01 -1.24385043e+00]
 [ 3.43886292e+00 -4.69419074e+00  1.17199804e+00  7.28021190e-01
   2.98524526e+00  1.45003208e+00]
 [ 4.23532240e-01  2.71568553e+00  3.48744015e+00 -1.90371086e+00
  -4.96664639e+00  3.25728718e+00]
 [ 2.81591084e+00  4.78975938e-01  1.74300748e+00 -2.36669204e+00
   4.94433686e+00 -1.96615947e+00]
 [ 3.18671018e+00  3.59306607e+00  1.12955000e+00  2.98325671e+00
   2.27589808e+00 -3.89133125e+00]
 [-6.66818143e-01  4.29383834e+00 -3.38563045e+00 -1.59889999e+00
  -3.13372088e+00  4.54017253e+00]
 [-4.28627570e+00 -1.23325466e+00 -4.68255285e+00 -9.94690883e-01
  -1.87478581e+00  1.67501914e+00]
 [ 6.98175973e-01  3.99979780e+00 -4.07158086e+00  2.58285279e-01
   2.70809235e+00  8.50869512e-01]
 [-3.11641470e+00  1.04121794e+00 -1.72088837e+00  3.18523159e+00
  -4.05231127e+00 -9.25127901e-01]
 [ 3.04428991e+00 -4.48588412e-01  2.47904906e+00  2.62651209e+00
  -2.29468138e+00  4.68819914e+00]
 [-4.90522227e+00  4.76676899e+00 -4.48112162e-01 -4.72039878e-01
  -9.41456201e-02 -3.32083849e-01]
 [-4.73039541e+00 -1.05516596e+00  2.99408083e+00 -3.74246244e+00
   1.60598519e+00 -1.67688734e+00]
 [-3.89172974e+00 -3.59020699e-02  1.98926263e+00 -4.39307557e+00
  -1.49815073e+00  3.60882545e+00]
 [ 2.43978772e+00  2.83772515e+00 -2.82406418e+00  4.13272959e+00
  -2.06192987e+00  1.02131130e+00]
 [-1.15832284e+00 -1.37511608e+00  4.22224028e+00 -3.98588394e-01
   2.93776851e+00  4.23000709e+00]
 [-2.70401490e+00 -3.22970924e+00 -5.10482684e-01  3.76053337e+00
  -1.66739966e+00  4.04712739e+00]
 [-1.01631368e-01  2.19078656e+00 -4.53923009e+00  2.85216998e+00
   2.40890384e-01 -4.97901396e+00]
 [-2.34913758e+00 -4.83628989e+00 -1.84470316e+00 -8.77923693e-01
   3.54136686e+00  2.06044570e+00]
 [-3.84128481e+00  1.76030328e+00  2.71594912e+00  1.83330375e+00
   4.67607080e+00 -1.53703932e+00]
 [ 4.16255564e+00 -2.38297975e+00  2.86461602e+00  3.99851850e+00
  -1.28939889e+00 -2.19368958e+00]
 [-1.56483046e+00  1.49292078e+00 -1.48865633e+00 -4.08203300e+00
   4.26998392e+00  3.06946867e+00]
 [-3.34535364e+00 -2.08922925e+00 -3.17741660e+00 -3.30729693e+00
   3.22186279e+00 -4.16083577e+00]
 [ 1.27726266e+00 -3.15226623e+00  3.53690962e-01 -2.92119805e+00
  -4.67745579e+00  2.32599138e+00]
 [ 1.27506868e-01  4.41368038e+00  4.68289002e+00 -1.22337616e+00
   7.39164942e-01  4.57399086e-01]
 [-4.50027242e-01  4.23802031e-03  4.47251564e+00 -1.63821891e-01
   9.63601763e-01 -4.61699557e+00]
 [ 9.53506700e-01 -6.82426625e-01 -1.36298402e+00  4.73382859e+00
   3.81786445e+00  1.24689662e+00]
 [-9.35013159e-01  2.44822228e+00  3.36979897e+00  4.96779860e+00
  -1.13276790e+00 -7.50723145e-01]
 [-4.49898813e+00  9.01653711e-01 -3.64593420e+00  2.25563818e+00
   4.31827319e+00 -6.91005720e-03]
 [ 4.64670881e-01 -4.34588240e+00  4.94318676e+00 -3.02753738e+00
  -2.59084557e-01 -6.53574781e-01]
 [ 3.82834874e+00  3.39726596e+00  8.10931923e-01  1.14058550e+00
   3.96219917e+00  3.70129974e+00]
 [-1.75683457e+00 -3.88758939e+00  3.74088188e+00  4.52695495e+00
   1.49539664e+00  8.81501464e-02]
 [ 4.83763097e+00  1.32476839e+00 -2.56945451e+00 -2.23514677e+00
  -2.71591967e+00  2.00108058e+00]]
