[[ 12100.75042322]
 [-42732.78754148]
 [-28907.75683789]
 [-13039.69663068]
 [ 45496.59369747]
 [-38568.32816907]
 [-18472.26540611]
 [  6257.61666545]
 [-24944.33028765]
 [ 37341.58468313]
 [-21205.04119886]
 [  2520.43952239]
 [-11129.59253843]
 [ 43465.61948365]
 [-18571.24250628]
 [ 32245.13714913]
 [ 53545.14678322]
 [ 10057.96456095]
 [ 57504.50616212]
 [-40506.9426361 ]
 [-11418.13294494]
 [ 14409.39651783]
 [-44001.61206054]
 [-41780.8862522 ]
 [ 12068.35775295]
 [ 37251.4233273 ]
 [ 49040.62649875]
 [-15482.14947974]
 [ 25272.20850184]
 [ 71374.63395515]
 [ 22705.20972872]
 [-32232.27554196]
 [ 19305.95269257]
 [ 20833.17981647]
 [-38690.42549787]
 [ 13024.93639156]
 [ 14518.11031467]
 [-36141.06867979]
 [-21806.67445517]
 [ -7910.68039577]
 [-22991.3526482 ]
 [-23821.19073274]
 [-45984.96218706]
 [ 46361.23275931]]
