[[-2.3093737  -0.5354922   2.92692711 -3.50788805  3.62615373  3.90975122]
 [ 2.5471971  -0.34159836  1.33272424  2.52138194 -3.09298475 -2.11977339]
 [ 4.85902116  3.2740027   4.46773322 -2.06456391  2.59251794 -3.66899858]
 [ 3.77465129  2.49704973 -3.63254554  2.46192871  3.04916685 -3.34731683]
 [-4.54220622 -0.73776522  2.18896481  3.84170427  1.33114285  0.83464461]
 [ 4.4840037  -1.73171838  3.85822958 -1.98948815 -3.24585587  0.26418043]
 [ 0.39541317 -0.58212359 -2.56055674 -1.44766181 -4.22252853  0.75210783]
 [-4.2334189  -1.0282599   0.85890459 -2.98013365 -2.19316902 -1.26036118]
 [-1.02094131 -3.15708905  2.35953335  0.80575267 -1.89807919 -4.46026837]
 [-0.23717479 -2.7054184   1.1932488   4.73432133 -4.51244861  4.69164967]
 [-3.20412668  2.49346781  2.96031891  3.81527072 -3.22218552  1.22635813]
 [-1.19866657 -0.1890123  -0.83948207 -1.51370204 -0.20082115 -1.21275467]
 [ 4.92632136 -3.91794938  0.7034133  -0.61194518  0.68986021 -4.15514059]
 [-4.94520895  0.59762045  4.31082157  4.17689531  3.02558794 -0.0693127 ]
 [ 4.2581105   3.78899703 -3.42885656 -2.59193023 -0.52108223  2.45108534]
 [ 3.12191431 -0.64322601 -1.67776636 -4.56203757 -3.95442828  1.05997762]
 [-0.49214506 -0.29755446 -0.06640923 -3.78417621  0.27340857 -0.09517826]
 [ 3.96101689 -1.48801283  4.113985   -2.67459     1.26223819 -3.52629596]
 [-1.30573508 -2.99052802  4.29425167 -3.20348246 -2.93476876  2.32085684]
 [ 1.03573741 -0.1747024  -0.40191387  0.67998861  4.39899926 -0.33660765]]
