[[1.00000000e+00 1.75418570e-21 1.18279472e-56 ... 2.71091098e-08
  1.72819025e-61 1.00000000e+00]
 [1.75418570e-21 1.00000000e+00 3.23096334e-55 ... 4.15147603e-27
  3.43151571e-83 1.00000000e+00]
 [1.18279472e-56 3.23096334e-55 1.00000000e+00 ... 1.91473605e-31
  1.86490431e-22 1.00000000e+00]
 ...
 [2.71091098e-08 4.15147603e-27 1.91473605e-31 ... 1.00000000e+00
  3.55510857e-49 1.00000000e+00]
 [1.72819025e-61 3.43151571e-83 1.86490431e-22 ... 3.55510857e-49
  1.00000000e+00 1.00000000e+00]
 [1.00000000e+00 1.00000000e+00 1.00000000e+00 ... 1.00000000e+00
  1.00000000e+00 0.00000000e+00]]
