[[ 2.59350371e+00  4.95863388e+00 -2.52798140e-01 -4.50270586e+00
  -4.22580600e+00  2.29591407e+00]
 [ 4.67355154e+00  1.25133274e+00 -1.96666402e+00 -4.74987449e+00
   4.21764260e-01  4.55937678e+00]
 [-3.56844035e+00  1.77056827e+00  3.61132480e+00 -3.05488698e-01
   2.63211285e+00  3.32763065e+00]
 [-2.66126603e+00 -3.52113952e+00  4.67202237e+00  1.78925162e+00
   3.54865892e+00 -2.45570974e+00]
 [-2.30309682e+00  1.11753000e+00 -2.96561421e+00  2.80680516e+00
  -1.04412924e+00  2.52158397e+00]
 [-4.52575266e+00  3.43913730e+00 -4.64598199e+00  1.80359741e+00
  -1.24025882e+00  3.29343896e+00]
 [ 1.91671266e+00  2.71681506e+00 -2.92921414e+00  1.95019193e+00
   6.27023966e-01 -4.59545016e+00]
 [-1.54016400e-01  3.13666317e+00 -3.43308481e+00 -6.36796640e-01
   1.79070116e-01 -4.84043853e+00]
 [ 3.21821267e+00  5.34657306e-01  1.18138191e+00 -2.44307417e+00
  -3.93990150e+00  4.88801960e-01]
 [-2.80956731e+00 -3.59897014e+00 -4.58106711e+00 -1.70324946e+00
   3.96480037e+00  4.96820882e+00]
 [ 1.78378430e+00  4.45757171e+00 -5.39518833e-01  2.01073701e+00
  -4.04571778e+00 -4.37848193e+00]
 [ 1.36494524e-01 -4.66621745e+00 -3.81529255e+00 -3.75563704e+00
  -3.25766260e+00  2.13717324e+00]
 [-1.98945045e+00 -2.91979217e+00 -4.18564690e+00 -3.63827401e+00
   7.06148164e-01 -3.08338367e+00]
 [-4.35219029e+00 -1.50433179e+00  4.53345696e+00 -2.66652948e-01
   4.23304365e+00  4.79658206e+00]
 [ 7.51437385e-01  5.76941978e-01 -4.76036744e-01  1.62506468e+00
   4.83559657e+00 -6.33349483e-01]
 [-3.54161096e+00 -1.58817964e+00  9.65561431e-01 -9.38940204e-01
  -2.76728664e+00  1.00972648e+00]
 [ 4.42977826e+00 -1.27215147e+00 -1.42097296e+00  1.76867323e+00
   1.30290654e+00  4.51573140e+00]
 [-1.43823093e+00 -4.95884926e+00 -4.19876310e+00  2.73557933e+00
  -4.05950464e+00 -1.75110887e+00]
 [-2.93671756e+00 -2.74693820e+00  4.69686989e+00  3.01254284e+00
  -4.07551802e-01  2.14159654e+00]
 [-9.64444308e-01  2.33493722e+00 -2.00809608e+00 -4.22463184e+00
  -4.40231278e-02  3.37845873e+00]
 [-4.54136999e-01  3.16947569e+00 -8.63257958e-01 -2.16916667e+00
  -1.68147538e+00  2.45142218e+00]
 [ 3.54314197e+00  2.17369338e+00  3.87568099e-01 -3.04533863e+00
  -6.34676813e-01  4.97440573e-02]
 [-4.94484283e+00 -4.94861481e-01  3.19482063e+00 -6.54153684e-01
  -3.39598379e-01  4.90601464e-01]
 [-4.16698349e+00 -2.89475239e+00 -3.68210956e+00  4.41845113e+00
   2.80725993e+00 -2.20010105e+00]
 [ 1.98650204e-01  1.14632147e+00 -4.48832494e+00  3.94535576e+00
   4.97597822e+00 -1.92497396e+00]
 [-3.89510832e+00 -1.20501208e-04  3.47605150e+00  6.99016292e-01
  -2.25937210e+00 -1.71507091e+00]
 [-1.27197168e+00  4.95713275e+00  3.63420570e-01 -4.40852458e+00
  -2.82257199e+00 -4.54160197e+00]
 [ 3.55746522e+00 -4.56956621e+00 -3.06679070e+00  1.63926435e+00
  -2.91127908e+00  4.53995005e+00]
 [ 2.09700150e+00 -2.59162288e+00  4.18286344e+00 -9.40690220e-01
   3.39465035e+00 -4.80666706e+00]
 [-1.98268799e+00  1.71269709e+00 -1.43792494e+00 -4.01664659e+00
  -2.39695382e+00 -3.77719382e+00]
 [-1.49577597e+00 -3.93698044e+00  2.61219462e-01 -1.42826737e-02
   3.30364666e+00 -1.24898452e+00]
 [ 4.04025529e+00 -4.70855767e+00  7.82376161e-01 -5.43833487e-01
   2.71768335e+00 -2.49524222e-01]
 [-2.65073241e+00  3.11425085e+00 -1.30884322e+00 -4.59540169e+00
  -2.71376731e+00 -4.66039179e+00]
 [ 3.73732496e-01  5.73104594e-01 -3.25558956e+00  1.57117789e+00
   9.41536358e-01  2.94926641e+00]
 [ 2.26624406e+00 -5.63302621e-01 -2.42388732e+00  4.80666452e+00
   3.37040710e+00 -6.51703393e-01]
 [-4.99681617e+00 -4.59550259e+00  2.80836039e+00  2.40572625e+00
  -3.32161830e+00  2.63060722e+00]
 [ 1.28081736e+00  3.67196304e+00 -4.42782929e+00 -1.01552550e+00
  -4.52451533e+00  1.24859283e+00]
 [ 2.04754361e+00  2.88297280e+00  2.64240513e+00  1.34141744e+00
   2.06142567e+00 -1.68816868e-01]
 [-4.10653369e+00  2.62422681e+00  2.58070066e+00 -4.88362355e+00
  -4.08767635e+00  4.60167514e+00]
 [ 2.88280001e+00 -1.18313687e-01  3.85467474e-01 -4.22924673e+00
   6.90641992e-01 -4.30640155e+00]
 [-5.67279730e-01 -3.48920188e+00  4.69541487e+00  2.84507882e+00
   3.87753816e+00 -3.56844768e-01]
 [-2.98817506e+00 -2.16830812e+00 -1.26263978e+00 -4.02338422e-01
   5.77381194e-01 -1.08456248e-01]
 [ 4.17578358e+00 -3.89224452e-01  1.43279228e+00  3.64527606e+00
  -6.40919940e-01 -2.04706994e+00]
 [-1.58275925e+00  1.56165817e+00  7.97311558e-02 -4.43670667e-01
  -1.00388390e+00  2.03106910e+00]
 [ 4.35902028e-01  2.01494430e+00 -4.21976773e+00 -2.74563657e-01
  -9.40099087e-01  2.69173761e+00]
 [-2.13891395e-03 -2.68906365e+00 -4.87832884e+00  3.27722656e+00
   1.33686182e+00 -3.53529492e+00]
 [-3.22170593e+00  3.27902497e+00 -1.71059211e+00  2.65059691e-01
  -3.32811485e+00 -3.39557091e+00]
 [ 2.91281372e+00 -1.04292195e+00  1.62564562e+00 -1.04493048e-01
  -2.01905010e+00 -2.48549756e+00]
 [ 3.54308010e+00 -1.77604696e+00  2.18855588e+00  4.37141996e+00
  -2.46032400e+00 -4.79359076e-01]
 [-1.99182180e+00  4.81502094e+00  3.80184339e-01  4.15442132e+00
   4.15541204e+00  3.96180858e+00]
 [ 4.49270389e+00 -3.16350040e+00 -8.13369158e-01  1.06113230e+00
   4.96381386e-01 -4.60876752e+00]
 [ 3.80023551e+00  4.76986092e+00  3.83012218e+00 -2.85140887e-01
  -2.51931128e+00 -1.85092522e+00]
 [-1.66568219e+00  2.30395882e-01  3.70501852e+00 -2.11766770e+00
   3.71001133e+00 -6.79491888e-01]
 [ 4.19180638e+00  1.71876490e+00  4.18162048e+00 -3.75192987e+00
   2.36594882e+00 -5.76470181e-01]
 [ 4.14972289e+00 -1.34156804e+00  4.27961983e-01  1.93269446e+00
  -4.49620052e+00 -4.80367176e+00]
 [-9.98497464e-01  3.98834250e+00  2.25553474e+00  4.68568781e+00
  -1.89177521e-01 -1.81153932e+00]
 [-4.06955318e+00 -4.66722394e+00 -2.73985878e+00  2.96254965e+00
   1.88014036e+00 -5.75475463e-01]
 [ 2.33825460e+00 -4.64317942e+00  3.98918538e+00  4.85637524e+00
  -7.64700116e-01 -2.52799090e+00]
 [ 4.03450496e+00 -5.47331348e-01 -2.21889285e-01  3.18525821e+00
   2.54359944e+00 -3.04661000e+00]
 [-2.91743528e+00  4.55060511e+00 -1.58638592e-01 -2.09179547e+00
   1.44689536e+00  3.96551589e+00]
 [-1.25207526e+00  4.14421665e+00  3.12299175e+00 -2.76349792e+00
   3.86730531e+00  4.22443505e+00]
 [ 5.50113765e-01  1.59840380e+00  1.14575939e+00 -4.21854256e+00
  -1.17584125e+00 -2.95530166e+00]
 [-1.80927886e+00  3.36518462e+00  2.64726098e+00 -3.91612996e+00
   3.17237069e+00  5.65547724e-01]
 [ 6.37460736e-01  1.96454718e-01  3.01743036e+00 -2.78186422e+00
   3.98241361e+00  7.40785016e-02]
 [ 1.01559691e+00 -9.77762163e-01 -3.06830375e-01 -1.34797219e-01
  -1.08538500e+00  2.31760736e+00]
 [ 4.06614324e+00 -4.76909423e+00  3.44583674e-01  8.22320286e-01
   2.89682091e+00  7.23567235e-01]
 [ 3.48865841e+00  3.09550648e-01 -1.42448495e+00  3.70244040e+00
  -2.01451484e+00  4.66015552e+00]
 [-1.85274857e+00  3.03545102e+00  2.42460183e-01 -4.85412725e+00
  -3.08222739e+00  5.54949467e-02]
 [ 4.60381939e+00 -2.54991202e+00 -2.63458511e+00 -3.30500671e-01
  -4.67925340e-01  1.72557012e-01]
 [-1.06102347e+00  1.59566425e+00 -1.29315609e+00  2.96102754e+00
  -2.92861959e+00 -3.62492439e+00]
 [-3.29802957e+00  2.24659621e-02  1.89706108e+00  1.01306635e-01
   4.39726386e+00 -4.27409061e-01]
 [ 1.16497694e+00  2.89703418e+00 -1.13059662e+00  1.34211026e+00
  -2.98581583e+00 -7.12898066e-01]
 [-2.29941510e+00  4.64193665e+00 -1.14937431e+00  2.28600178e+00
  -7.11861269e-01 -4.51510341e-01]
 [-3.84242840e+00  1.65365627e+00 -1.90842446e+00 -1.37952678e+00
   4.96793797e-01  3.31783281e-01]
 [ 4.08944946e+00  2.49295748e+00 -1.87641162e-01 -1.60635814e+00
   2.19247277e+00  4.15886307e+00]
 [ 4.93315843e+00 -8.72755298e-01  2.11594546e+00 -1.34708588e+00
   3.96760349e+00  4.45860764e+00]
 [ 2.97247537e+00  4.36553239e+00  4.65822714e+00  4.71351309e+00
  -2.58503962e+00  4.91006892e+00]
 [ 2.73837920e-01  1.04585774e+00 -2.09049928e+00  4.29873053e-02
  -1.73441117e+00  2.58326040e+00]
 [ 1.78559046e-01  2.16247763e+00 -4.65676844e+00 -1.37983012e+00
  -3.57221831e+00 -4.24508154e+00]
 [-5.65894500e-01  1.74134670e+00  4.35559931e+00  7.83386123e-01
  -3.80241897e+00 -2.45782119e-01]
 [ 4.75056252e-01 -8.37767600e-01 -1.43856016e-01 -1.35868477e+00
   4.35485028e+00 -1.85071912e+00]
 [ 3.62435095e+00 -5.34053976e-01 -1.07972921e+00  1.06489229e+00
  -3.03650955e+00  5.59297526e-02]
 [-3.78060769e+00  1.48918635e+00 -6.59272627e-01  1.19497687e+00
   3.90857264e+00 -4.73505508e+00]
 [ 3.98646042e+00 -4.33668388e-01  2.75622716e+00 -1.09043191e+00
   3.55616055e+00 -4.54208460e+00]
 [-3.98213526e+00 -2.27549448e-01 -3.65192090e-01  2.49387687e+00
   2.41588636e+00 -8.21436899e-01]
 [ 4.34021442e+00 -3.37349682e-01  8.63107149e-01  6.11364222e-01
   3.41130956e+00 -1.63769606e+00]
 [ 3.00553893e+00 -3.16566210e+00 -3.90181842e+00  9.75092949e-01
  -8.32312842e-01 -4.97513564e+00]
 [-2.84807681e+00  6.36548601e-01  2.08521283e+00 -1.13558202e+00
   3.85460796e+00  5.39814184e-01]
 [-1.80434979e+00  1.32855252e+00  3.59764236e+00  4.34068879e+00
   3.02598834e+00 -5.57248032e-02]
 [ 4.80898825e+00 -2.76363303e+00  1.26847986e+00  3.03091161e+00
  -1.67742318e+00  3.81130190e+00]
 [ 4.52339828e+00  3.86367169e+00 -3.33647072e+00  2.20054766e+00
  -1.90814947e+00  3.97092272e+00]
 [-3.34183140e-01 -3.51614944e+00 -9.74152724e-01 -1.51188709e+00
  -1.49307229e+00 -4.27198123e+00]
 [-5.72493108e-01  4.32482153e+00  2.88927115e+00 -2.07442717e+00
  -4.14892450e-01 -1.43842864e+00]
 [ 1.70655758e+00  1.77705911e+00 -1.80402562e+00  4.88269268e+00
  -4.92969353e+00  2.80987258e+00]
 [ 2.95115353e+00  9.35486610e-01  3.47559596e+00  3.15960765e+00
  -2.83076822e+00 -1.16940750e+00]
 [ 3.41840885e+00  1.05627647e+00  1.49538290e-01 -4.88685911e+00
  -4.60752488e+00  2.92588578e+00]
 [-3.35459800e+00  3.98938805e+00 -8.07896424e-01 -1.54172899e+00
  -1.77421977e+00  9.97469545e-01]
 [ 4.49235241e-01 -7.77475500e-01 -2.82735555e+00 -4.60231988e+00
  -1.02129128e+00 -1.30219003e+00]
 [ 3.19513025e-01  4.33967947e+00  2.57317860e+00 -4.47907763e+00
  -2.87728441e+00  3.73259234e+00]
 [-4.32777822e+00  1.42546487e+00  2.01216360e+00  2.27988481e+00
  -9.41572169e-01 -1.89972764e+00]]
