[[-0.76706873  3.63244814 -3.45751495 -0.46983808  4.29168824 -4.49015798]
 [-1.72914699  4.32919415 -1.41808055  1.09397477 -0.15418516  2.28432941]
 [-0.41447207 -4.60199721  2.78657858  0.72906294  3.72588709  4.3549676 ]
 [-3.77810562  3.99972276  4.79984767  1.06042688  0.42483126  4.03099096]
 [ 2.84044829  3.24941357  1.3883637  -1.11641624  3.90070043 -0.55676619]
 [-3.35457988 -0.37656569  3.15934283 -2.96440716  3.64621256  1.31174495]
 [-0.468459    3.2332752  -1.01582332 -3.55688279 -1.8251167  -0.13251584]
 [-2.71633971  4.86311893  2.44772555 -2.88916957 -2.15425386 -2.46763592]
 [-3.76332959 -0.41484586 -4.87496545 -4.77032265 -1.60257303 -4.27770517]
 [ 4.95205303  1.73596731  3.86691822  4.6582809   0.40676197 -4.90654129]
 [-1.51006355  0.57352329 -3.97188765  3.21280048 -4.89859071 -4.50127968]
 [ 3.75142834 -0.87769509  4.25963159  3.97065147  2.03239941 -3.99184443]
 [-0.3532955   2.32651869  0.8340176  -4.30536854  3.89089712  2.82410301]
 [ 1.20473674  1.50273591 -1.24793286 -1.75660771 -1.20354614  0.29161639]
 [ 0.49963469  3.58238134 -2.92226169  2.49944517 -2.49722101 -1.21202252]
 [-4.10828813 -2.37921262 -2.3110642   2.13304414 -1.84279679  4.86241486]
 [-3.36872833  1.09630566 -4.46180888 -2.72679858 -3.31090244  4.58751369]
 [ 2.96854745  3.49426311  4.93862423  4.24109483 -1.82957525 -4.18522708]
 [ 0.85237526  1.92073757  4.76181372 -3.49735513 -4.99799212  0.48298025]
 [ 1.57927032  4.52092956 -1.92286279 -3.81965263  4.36308409 -0.44250146]]
