[[ 4.46340023  3.2231476  -1.13412403 -4.32040046 -3.26882691  1.0746692 ]
 [ 1.29189742  0.68731801 -0.81343329 -3.37042435 -3.2556573   0.50274999]
 [ 3.10220589 -3.98370852  4.40348951  1.90531861  4.10909018  4.78410166]
 [-3.82225938  0.82301202  0.66181301 -3.76438203 -4.65734127 -4.11606927]
 [ 3.48317393 -4.11897162  0.76443849  4.94110754 -3.45719772 -3.82035019]
 [-4.20195877 -2.0986521   0.23643765 -4.83361893 -3.24077575 -2.96542519]
 [-0.98424035 -1.19978456 -2.85037495 -0.99746429 -4.59197478 -0.72389214]
 [-3.84072753  2.27956281 -3.93031504  2.77032294  0.24266746  0.4942724 ]
 [ 3.57333775  2.52892328  3.54133053  3.17985004  1.97570655  0.98580956]
 [ 4.17196802  3.060313   -4.54983872 -3.96113106 -0.08862044 -1.62093237]
 [ 2.35439709 -4.44251076 -4.81880415 -3.37822624  2.08117457 -4.56016346]
 [ 1.00896599 -1.30400229  0.74380664 -3.77946482 -3.57413902 -4.36574961]
 [ 3.92304624  3.11690562 -3.29078012 -3.22819244  2.13457912 -2.36869736]
 [-0.64073228 -3.91365624  0.26274428 -0.90061308  1.13137464  3.4321625 ]
 [-2.79257913  3.44859784  1.68679795  1.69325586 -4.33789601 -3.80048725]
 [-3.42008518  1.20290399  0.18430082  2.53492096 -3.53509331  3.95587413]
 [ 0.09421517 -3.67775248 -3.09852342  1.86361    -0.23634844 -1.51359914]
 [ 0.24954351  0.89024751  3.04337494  3.38077362  0.18722052  1.5653474 ]
 [-2.52941653  0.13932012 -0.50411324 -3.05479783 -2.4695191  -0.65546989]
 [-3.73029468 -4.83107247 -3.26478477 -3.48070255  4.59427644  1.19279908]]
