[[-2.69785406  2.07576062  4.07911735 -3.47297551 -0.04399408 -3.92490853]
 [ 2.84788706  3.49264289  4.23149269  0.2359459  -2.67274437  0.41856809]
 [-3.45767898 -1.6559002   0.45059681  2.32111617 -4.5745071   4.0579056 ]
 [ 0.43347281 -4.0761875  -0.34470211 -4.4353913   1.26078624 -0.71665723]
 [ 0.74738392  4.85311531  0.03856369 -4.06666035 -3.68086647  3.01145844]
 [-1.8169965  -4.70631455 -2.24795714 -1.32499806 -2.23775284 -0.0545194 ]
 [ 3.15702923 -0.47727745 -0.85940232  4.94160585  2.56587329  0.01853192]
 [ 4.66045611  3.61363127 -3.14567954  0.35710043 -2.98861992 -0.93802444]
 [-0.81082558 -3.06149767 -3.58333611  3.59031943  4.88324779  1.44937819]
 [ 0.18488354 -0.37577715  2.63224152  0.47109031  3.501467   -3.74002389]
 [-2.08098679  0.49506856 -4.79312371 -1.93198607  3.74123495 -3.50799023]
 [ 1.84003297  3.2509683  -4.99998833  1.78989304  1.41452513  1.71875923]
 [ 1.49907573  2.99127214  1.4736637   4.419643   -0.5351957   0.57695279]
 [-3.09276562  3.9695472  -2.59630202  0.00812511 -2.64694717 -4.62323239]
 [-4.15430864  2.88411199 -0.17832993 -2.01378372  2.18965141 -4.82803883]
 [-3.54388491  1.90912115 -4.58315875  2.75407706 -1.16510059  0.29690158]
 [-1.49081554  4.31836253 -3.36705405  2.64441575  1.85932987 -2.10406723]
 [-0.97038229 -4.17040525  4.4004921  -2.26052767  2.50394156 -4.15657687]
 [-3.76129833 -1.77148358  1.32963262 -4.59507535 -0.81628551 -0.46828456]
 [ 3.56328638 -0.82725625  3.47831451 -3.75863733 -0.8379664  -3.44520133]
 [ 4.56838265 -2.35027793  0.99696314 -0.46419654  4.43923665  2.10474451]
 [-4.25709755  4.43508753 -2.52798884 -1.12856046  2.43925369  1.12147671]
 [ 3.29490784 -4.67366311  0.52578282  2.14966582 -2.32246451  2.44928755]
 [-0.42199189  3.26626006  3.32415877  1.63547    -3.0681025   4.93403417]
 [-2.95715509  3.39259143 -1.53569631  3.23369672 -1.41478784  4.59237141]
 [-0.36719596 -1.33027933 -1.07552242  4.30818717 -1.73327025  0.61452351]
 [ 2.39572168  4.92751048 -0.74703379  3.15214479 -0.471214   -3.3135655 ]
 [ 0.23930327  1.0556426   3.83374652  4.83188057  4.32027633 -1.29264657]
 [-1.65968715  1.40261604  0.63490297 -0.8995908  -3.33401583 -1.13481306]
 [-1.56971649 -2.77122134 -3.42347835 -2.42823538  4.57244783  2.56711531]
 [ 3.63337696  4.25817257  3.40523406 -3.41036841  1.10028055  0.14968163]
 [-4.31770399 -3.30880822  1.10169272  2.00344763 -3.59684261 -1.43686394]
 [ 2.67220731  0.90348117 -2.98429835 -1.0666993   4.76262229  0.32736678]
 [-3.27516536 -3.3725011  -1.01882314 -2.04197794  1.22191228 -3.86352299]
 [ 3.19652957  1.5573646  -2.67340483 -1.47453593 -3.50373046  4.75290812]
 [-1.388278   -1.22979896  4.38616158  3.87721974 -0.30879571  1.58250166]
 [ 2.11900116 -4.20517558  0.80048057 -2.96703831 -4.28685091 -1.8566577 ]
 [ 2.87212167 -1.48102136  4.63767824  0.76922863 -0.21632671  4.11765368]
 [-3.05448978 -3.82501132 -4.85747271  1.48791606  1.83259534 -2.75820452]
 [-2.56494471 -2.54005162 -4.61216892  2.08456824 -4.19300046  1.8167307 ]
 [-4.67955235 -0.26258153  3.13437537  1.36393297  0.56571532 -3.04854378]
 [ 0.99996074  4.78156304 -1.46894791 -2.47826643  1.69320739 -1.37697325]
 [ 1.77357307 -4.9264975  -2.22889884 -0.62970961  3.85886073 -2.37307899]
 [-4.95744673 -0.17650936 -0.04908045 -0.36426048  0.2975822   2.15442265]
 [ 1.65428165 -2.95650908 -4.38588895  1.17771014 -2.49390643 -1.71077938]
 [ 3.82847102 -0.55236394 -2.95629526 -3.60982937  0.69237715 -0.21389368]
 [-2.5464743  -0.77344962  4.14987069 -0.02337919  4.98037739  3.48722101]
 [-0.58310446 -2.08481108 -1.64205961  0.16015249 -1.3085514   4.33917308]
 [-2.32699699  0.80335943 -4.27518102 -3.81769847  0.80271513  2.88435089]
 [ 3.0136381  -0.02723035 -3.5277458   1.23830897  2.12489897 -3.63786752]
 [ 4.82388977  2.15085581  2.14472782  0.5736537  -1.43610394 -4.01022874]
 [-1.3243342   4.66191921 -4.02304922 -0.22473073 -4.02149944  1.39721201]
 [ 1.34289747  2.64340837 -0.53571206  2.88883543 -4.98502491  2.29082518]
 [ 4.02568706 -1.53581466  1.60716045  4.13029412 -3.97449455 -2.29655411]
 [ 3.97714174 -2.75319926  1.94989987  3.99673299  1.53642137 -4.45760045]
 [ 2.24773299 -3.22885002 -3.73493094 -4.11440454 -2.7973715   1.86398694]
 [-0.28586022 -1.96476179 -1.97252726  4.68518252  2.72562474 -4.50223036]
 [ 4.97421641 -1.91732918  4.7786122   1.57724238  0.94486718 -0.85591519]
 [ 3.73206317  3.70908037  1.27820673  0.88278616  3.46294575 -2.54973919]
 [-1.98459712 -2.28761644  2.28518882 -2.24300243 -4.16207876 -4.25575366]
 [ 0.90065378  0.31743789  0.32581252  1.93342336 -4.66189549 -4.99057769]
 [ 4.36308962 -3.69312334 -0.27108712 -0.11684715 -0.97615547 -1.83000397]
 [-0.67585915  3.06438255 -4.39205209 -4.72750332 -3.26369171 -0.54101457]
 [ 0.33235901 -3.48001161  2.74549076 -0.95984884 -4.41919621  2.72773474]
 [-0.04362362  2.79600752 -1.78319691 -1.41568066  3.00342779  4.81582015]
 [-4.77505589 -4.30258922 -0.44175625  2.45003717  0.43200675  2.83802149]
 [ 0.62699444  0.22704489  2.42889422 -3.14927186 -1.53922384  3.72420919]
 [-1.03625159 -4.86269788  3.05211968  3.49258263  0.11846647 -2.71552442]
 [-2.80073245 -1.1418887  -2.39101016  2.99658741 -1.91221275 -4.7389092 ]
 [-3.80981687 -1.03006201  1.88418382  4.76011778  2.95738954  3.8842216 ]
 [-4.47976053  2.32192464  1.662993    4.23034744 -2.08369947 -0.33899991]
 [-2.44163528  0.19132262  0.17228707 -1.63959469  4.65758787 -0.12222846]
 [ 4.46478484  1.71414329 -2.11047322  2.772799   -0.1502332   4.4565152 ]
 [ 1.94708918  1.44782008  2.1271277  -4.24001086  4.0829731  -2.90420091]
 [ 1.15308657 -0.95927446 -2.84447211 -2.73132916 -4.75333624 -3.17046559]
 [-4.03147213  1.81121003  1.21441923 -4.58785155  2.76729154  3.11449503]
 [-0.13645716  0.55889194 -1.18931259 -4.96914974 -0.65564168 -3.09216141]
 [ 0.03496826  2.71658121  3.93832734 -4.84297788 -3.78536715 -0.65019631]
 [ 4.23388488  3.79333879 -1.24213107 -2.82865473  1.5295665   3.45350306]
 [-1.21112277  4.01790151  2.94072339  2.38799924 -1.04095882 -4.31141167]
 [-1.87451862  4.50309549  1.78685117 -0.52466185  0.10028746  2.35072052]
 [-0.88619951  2.39530652 -1.86196372  3.88085983  3.31808853  3.35881692]
 [-2.18163717 -4.50055034  2.51209322 -0.72259166  2.29106172  1.22716516]
 [-4.87895304  0.00696014 -3.17259845 -3.20169795 -2.87142572 -2.00305263]
 [-3.17490387  4.14618529  3.67928208 -1.57585172  3.8870997  -1.09329399]
 [ 0.56284255 -0.61492005  4.97691829  0.99303353 -1.80986768 -2.19527091]
 [ 2.52794636 -3.93734123  4.4921342  -3.30437297  0.38046793  1.18740861]
 [ 2.648081   -2.98413642 -0.65257999 -4.31120976  2.02071053  4.49108202]
 [ 4.16573856  1.13704141  0.82640239 -2.63913722 -4.85518423  0.81120469]
 [ 4.74330903 -4.44682575 -3.90873468  3.69681772  0.88811398  0.878596  ]
 [-3.96914955 -2.57682432  0.26454203  3.29708614  4.07885588 -1.56718712]
 [ 3.41086477 -2.16030807 -3.7811638   0.66523998  3.0640089   4.18478456]
 [ 1.55589111 -3.59938796  2.78059701  3.46243481  3.64304863  3.83616047]
 [ 2.15749215  2.46180014  3.65472975  1.06593329  3.20947485  2.0098776 ]
 [-3.59685591  1.98251213 -1.41082085 -2.9340601  -3.42774114  3.22737847]
 [ 1.32590949  1.28021131 -4.18169725  4.5427635  -2.03404747 -2.64067924]
 [ 1.08492891  0.68893141  3.22025679 -3.93732865  4.19772069  3.59595466]
 [-4.50240927  0.92189502  4.86446222 -1.74236653 -2.42323207  0.94459891]]
