[[ 2.38615651 -3.98061399  4.42833785 -1.1411168  -3.89780851 -0.86544105]
 [-2.79246299 -0.04974059 -0.78059944  2.09186617 -1.3955083  -3.48979836]
 [-1.72795917  1.01794602 -4.47784981 -4.44180599  2.81355419  0.99864076]
 [ 2.43078346  3.17251401  4.70916161  4.66045853  3.38164886 -4.06565443]
 [ 0.65528064 -2.01412777 -0.62401053  4.04979264  2.80424219 -3.16968216]
 [-4.10740093  3.95784467 -3.86267322 -2.3806085  -3.43505704  2.94839222]
 [ 4.54730625  0.90431108  1.06755505 -1.0471423  -1.61279163 -0.20623621]
 [-3.41924162  4.11935988 -4.10066312 -4.83664001 -4.14012086  0.82890506]
 [ 2.57806353 -0.73222269 -0.03099314  1.15578639  1.81072883 -4.71629537]
 [-1.52415899  1.92067667  2.52339532  0.82157512  3.61618232  4.2753864 ]
 [ 4.11201609 -0.32238815  3.11735137  2.41186319  3.46869157 -1.46585331]
 [ 3.12614169  4.50722073  2.41964307  3.24218146  4.08791422  2.00809357]
 [ 0.58103404 -0.15046846  4.48762411  2.07770355  3.24532968 -1.52044864]
 [ 3.90178913 -0.69134259 -4.41619989  0.15483846  4.56586082  4.78673003]
 [ 2.86940574  1.44127058 -0.78856929  3.70415087 -4.32384118  4.71375186]
 [ 3.08637385 -1.79828684 -3.29751868  3.45197336 -2.12343543  2.14902132]
 [-1.35944483 -1.10574739  1.26140443  0.18742053  1.07571133  2.08538714]
 [-2.45084139  4.89401148  0.09527074 -3.56126126 -3.28654427  3.33929347]
 [-0.53131042  0.14361268 -2.91070448  2.23157508  1.9313447   1.74889863]
 [-2.99410214 -0.94498141 -1.90076834  3.01608388 -3.98033984  4.80901429]]
