[[-1.34697933 -0.91398405 -1.91994229 -4.31541444  3.47166392 -3.76379421]
 [-4.46773103  0.75407056  3.84626487  2.25912641  0.74840786  3.33586658]
 [-0.95533189  1.93099809 -4.65637498  0.95361517  1.36983291 -4.56632376]
 [-0.5600967   3.31664565  3.00887571  0.58169018  4.45513492  0.9184294 ]
 [-2.13502042 -4.77193886  2.22113832  2.70004191  4.63840818 -0.50953056]
 [-4.9293183  -0.49468493 -3.99018822 -0.4205803   2.41611563  2.94980372]
 [-2.66935388  4.44941149  3.22356129 -0.72825538  0.91969177 -3.85624311]
 [-3.59529232 -3.04832388 -2.38137082  0.68756834  0.29886386 -2.73747486]
 [ 1.69326331 -3.84158887 -0.20044705 -3.85590774  4.87452515  1.48910489]
 [ 3.70257153  1.09546823  1.87760292 -3.44970702  2.5223903   2.11470494]
 [ 3.61217944 -4.0811682   2.73252871 -0.03984414  1.94922068  2.74200015]
 [-3.86669476  4.12740201 -1.13548599  3.69699489 -1.46440204 -0.02201963]
 [-4.17349336 -1.26802588 -1.65188539  4.25793326 -0.15597539  3.2145271 ]
 [-3.28773993 -0.15782179  4.63469654  2.93180319  2.2160528  -3.35597316]
 [-1.76847455 -3.23490576  1.51862377  3.31858069 -2.1159625  -4.71436958]
 [ 4.54650211  4.63947837 -2.55456082 -0.44969003 -1.34139673 -3.11229242]
 [ 0.99913146 -3.67978316 -4.99998061 -1.07856691  3.23200983  0.70196037]
 [-0.92465222  3.83235446 -3.97995114  1.53327912  3.79937382  1.74701026]
 [ 2.60414906 -2.05808987 -4.35580601 -0.08667523 -3.81544727 -0.34129744]
 [-0.31865157  1.40838825 -0.42881017  1.10424051 -3.29661806 -4.98434939]
 [ 1.5838533   1.59413429 -3.79606339 -2.93807556  0.95509816  2.40645038]
 [-4.13587342  2.68091253 -4.30761963 -2.69090302 -0.55256818 -1.08112823]
 [-1.60679998 -4.8779111   0.75426714  2.43361251 -3.37469398  1.88339511]
 [ 3.07842709 -0.28322358  2.06424896  3.89823461 -4.03527507  4.00033343]
 [ 2.83026608  3.68221016  0.21233145  4.41005963  1.91320834 -3.21425485]
 [-4.79893895  0.55460645  0.57759591 -1.23169928  4.24474748 -0.93007526]
 [-1.17609657 -1.29796087  0.02868354  0.4109844   4.02265528  4.87407954]
 [ 2.33653835 -3.62202906 -0.397154   -4.94875719 -4.75945856  1.01790884]
 [ 0.69775904 -2.29669674  4.05353368 -1.92590919 -2.66933179  3.84884651]
 [ 4.34653314 -3.46553177 -1.96465506  4.08757374 -0.07350257  2.52725616]
 [ 1.10534319  4.80578228 -2.64689727 -3.52901093  3.50185957 -2.41745305]
 [ 1.83309234  0.12036848 -2.2876491  -4.32741329 -1.79108551 -3.59905989]
 [-3.02308565  0.36262049 -2.89869884 -1.3933587  -4.29324908  4.32581872]
 [ 2.69516603  2.02037181  2.57132013 -1.5684388   3.05554486 -4.17319619]
 [-0.75051283  4.23341373  2.85480445  1.43052669 -2.51467093  3.79824331]
 [ 1.2933893   4.836368    1.32961638 -3.23488487 -1.09153937 -0.63663969]
 [-1.96848439 -2.67355966  4.96105741 -2.46358643  2.79216984  1.15797688]
 [ 4.02509043  1.71171361  0.34316446 -1.62321618 -3.65956008  3.1020612 ]
 [-3.39125879 -4.17040565 -1.60537178 -2.18353476 -4.43840268 -1.2763397 ]
 [-1.83205137  2.51231881  2.41525793 -3.73764517  0.12886697  4.7644476 ]
 [ 1.95828971  0.04158211  4.17841892 -4.54737839 -2.38845139 -2.90715833]
 [-4.62636403  3.01189971  1.61280225 -2.01298981 -3.60819862  0.22114484]
 [ 0.82881487 -4.4579489  -2.97549241  0.09602313 -0.8373361   4.26341311]
 [-0.15146958  2.38759887  4.35966935  3.57110075 -2.80889685 -1.96111233]
 [ 0.54831626  2.86893237 -3.1873898   3.26625151 -2.23277205  3.55370848]
 [ 0.19147754 -0.97506413  3.36913969  4.77140751  1.57603451  1.42014101]
 [ 4.80108593  3.25985467  3.74449354  2.10484776  0.42609349  0.4634512 ]
 [ 2.18247124 -2.47527352  3.59125648  1.81084919  1.68367396 -4.09906515]
 [ 4.23997577  1.26236783 -4.76325975  3.11099965  1.13155869 -0.18980658]
 [-2.43817865  0.84508316 -1.00741691  4.58278654  3.93704842 -1.75859814]
 [-3.76602644 -1.60572695  1.24188398 -4.06217538 -0.71994479 -4.37418261]
 [ 3.36316761 -1.65161643 -1.41963164  0.85585558  4.78025712 -2.19880371]
 [ 3.85713869 -4.51218349  0.9616874  -3.03617711 -1.13438895 -2.52174649]
 [ 0.28702276  3.62287486 -3.3772682  -2.35959498 -4.97512612  0.26541713]
 [-2.94249553 -2.82925571 -0.89394757 -4.7391836  -0.41186065  2.22509766]
 [ 4.96603649 -0.59876672  0.86513737  1.71075956 -2.98247425 -1.83104777]
 [-2.58136815 -1.78011477  4.67775312 -0.8113578  -4.59028732 -1.20544735]
 [ 0.00863529 -2.19090178 -3.64078526  4.95453027 -1.6590636  -1.51884219]
 [ 3.23262517  2.28369213 -0.66642365  2.53404643  2.94576242  4.65250949]]
