[[-3.33112517e+00  2.01744573e+00  2.38504296e+00  4.95541439e+00
   1.27656069e+00  2.82779935e-01]
 [-1.12727460e+00  4.77402349e-01  3.81292485e-01 -3.14027038e+00
  -8.23521202e-01  4.47852936e+00]
 [ 2.94319338e+00  4.46074807e+00 -2.64722750e+00 -9.64609284e-01
   3.80071894e+00  3.34531458e+00]
 [ 2.70159422e+00  3.20086065e+00 -4.13099592e+00  4.33227092e+00
  -6.87219799e-01  1.68605179e+00]
 [ 7.71867186e-01  2.25932399e+00 -3.39687128e+00 -1.24646643e+00
  -1.44451702e+00  4.62526783e-01]
 [ 4.70458987e+00 -3.70681173e+00 -2.67304523e+00  3.31081486e+00
  -2.37675058e+00  2.57279719e+00]
 [-3.76415586e+00 -3.03224795e+00 -2.95456883e+00  1.02706657e+00
  -2.39053408e-04 -4.29250657e+00]
 [ 5.70541619e-01 -4.80641703e+00 -5.54025991e-01 -2.76436979e+00
   3.58802638e+00 -3.51663272e+00]
 [ 4.67003227e+00  3.91414471e+00 -1.58741024e-01 -9.66258260e-01
   3.33243643e+00  1.72032457e+00]
 [ 3.95164807e+00 -4.08432831e+00 -2.71070990e+00  4.09110970e+00
   2.09305845e+00 -3.67166407e+00]
 [-1.27148315e+00 -5.74260539e-01 -4.57520611e+00 -1.27663758e+00
   2.81046430e+00  2.62668011e+00]
 [-3.42186424e+00  3.55132701e+00  2.64490631e+00 -1.49552264e+00
   9.22935726e-01 -1.26669554e+00]
 [ 4.57568441e+00 -3.77185565e+00 -2.00917032e+00  1.03233452e+00
   1.60249111e-01  1.51021228e+00]
 [-3.98801140e+00  1.61002295e+00  4.41669358e+00  3.51040227e+00
   3.76148986e+00  3.12139815e+00]
 [-4.84610976e+00  2.48404506e-01  1.72550866e-01  3.96034218e+00
  -2.48774481e+00  1.84811287e+00]
 [ 1.54836558e+00 -1.92752480e+00 -3.66193960e+00  1.86951190e+00
  -4.18648184e+00 -3.12745801e+00]
 [ 1.71605985e-02 -3.88567792e+00  2.28042470e-02 -1.59225064e+00
   4.55408220e+00  1.33061128e+00]
 [-8.63451107e-01 -2.61370393e+00  2.94602102e-01 -8.69606346e-01
  -5.28672119e-01 -2.65208988e+00]
 [-4.46062403e+00  4.27318538e+00 -3.51331368e+00  3.22588042e+00
  -3.42377984e-01  1.38892657e+00]
 [-4.06815441e+00 -4.05535412e+00  2.87241475e+00 -1.24970254e+00
   2.17255234e+00  2.47979607e+00]]
