[[ 4.18035405 -0.63301602  2.41206844  3.36383897 -0.55269672 -0.0389578 ]
 [ 4.97283735 -2.3628094  -1.03098606  0.85372317  3.36139981 -0.86382669]
 [-4.30545179 -2.19613369 -1.385025    0.9573325  -4.88883448 -2.64173646]
 [ 1.56588441  2.95412846  4.14265255 -2.992329    2.84952683  0.21858417]
 [ 2.43684362  4.42657226 -1.62753515  4.68035252 -0.74734657  1.34140558]
 [ 2.20648096  2.48007646  3.69203155 -3.21812461 -1.53941346 -3.26943575]
 [-4.39725844  0.26866097 -3.18372789  2.49754723 -0.16021934 -0.78239584]
 [ 0.84079113  4.17847555 -1.30475361 -4.63263589  4.86490739  1.07534229]
 [-0.46843987 -4.75854524  3.94444786  4.19504371  3.36824065  3.56035439]
 [ 1.17836365  0.07974563  3.12397882  1.00571693 -4.50026818 -3.20844933]
 [-4.81889736 -3.0199822  -0.65093088  1.90226025 -1.12377182  1.40593398]
 [-0.27378837  3.92158304 -1.75988376  1.12278514 -2.15759085  1.64630455]
 [-1.82140536 -3.36593646  2.43190343 -2.40271419  4.86769475  4.56593383]
 [-2.24059022  0.57063755 -4.92887968 -2.01119074 -0.1564198   0.94736115]
 [ 2.87666395  3.51297418  0.94273899 -1.53544484 -4.37809322 -4.40616964]
 [ 2.95954078 -1.86718336  3.04740701 -2.29834333 -1.06215584 -3.65744841]
 [-4.49990779  2.6989346   0.62375906  0.01343212  2.33984259  1.11648168]
 [ 1.4335447  -2.6273121  -1.43112608 -4.17703441  3.28564265  0.38990611]
 [-2.12972051  1.43918016 -4.4463784   0.93679436 -3.40566927 -3.24367646]
 [-1.37413796  0.77555841 -2.38866995  3.34420498 -0.58568009  1.80589815]
 [ 1.90920483  0.98718016 -2.01158559 -0.68671177  1.03307518  2.53183349]
 [-2.38911423  2.18400157 -3.25811917  3.10135401 -0.29567367  0.77587333]
 [-0.34059912  2.48264384  1.7737962  -2.54637802 -2.19992444 -1.01331603]
 [ 3.92862192  3.18750253  3.39727834  1.41078074 -3.00392197  1.55083961]
 [ 1.50923827 -3.9000285   4.92469222  1.04267474  1.34280515  2.15492934]
 [-1.8353564   0.44097298  3.89997211 -4.14035643  2.03419589 -1.59108782]
 [-0.70768868  0.20934284  1.78618542  1.71622151  3.13055007  1.36337407]
 [-2.72824003  2.96074983  0.25300731 -2.25592455  2.85322837 -4.86120864]
 [-3.3745973   3.25156795 -0.03283732 -1.94845202  2.62676313 -2.81482598]
 [-1.02946374  4.99877992 -1.22858874 -1.39133359  1.35977123 -3.07875663]
 [-0.29798763 -2.61153004 -0.85655714  2.92997028 -0.11768768 -1.7345361 ]
 [ 1.45792696  4.75390065 -3.20480199 -1.22748085  2.8522939  -0.74228228]
 [-2.77352227  4.2026745  -1.41737533 -4.27313396 -1.00578887 -4.26286369]
 [ 3.32707102  0.48396901 -2.10131046 -2.30437196 -2.11072337  3.81508862]
 [-4.76432109 -2.48468954  1.02208047  1.2969892   0.59517116 -2.5015027 ]
 [-1.58088014 -0.33385603 -1.28447353  3.9490695  -2.05751665  3.66240191]
 [ 4.17679069 -4.02037012 -2.94772487 -1.38512686  1.06536651 -4.5398729 ]
 [-3.37780776  4.25712079  4.07603699 -1.94294011  2.29553527  4.80977902]
 [ 2.78909695  3.2651738  -1.00323729  3.25612999  2.33550641  2.67460566]
 [ 4.85572129  4.33776093 -4.82838227  2.66261738 -0.96110478  2.03726782]
 [ 4.65915251 -3.66136284  1.96244429  1.51477787 -1.53080514 -2.73662126]
 [-4.01682585 -4.48048199  0.98970515 -3.395212   -4.29003402  4.66317818]
 [ 0.55690077  1.29390866 -3.30886204 -4.6905315   3.31236835 -4.1124826 ]
 [ 1.7889827  -1.72951592 -1.37425014  2.55136454 -0.69829981  3.22442024]
 [-0.96775032 -0.11921285  2.98787774  2.64994925 -0.28939564  4.89544619]
 [-1.9198941   3.81918658  3.23422241  2.18151726  2.98402024  1.44714794]
 [-3.65650848  0.18300301 -3.13313896  3.8596797   3.14829     4.85698681]
 [ 4.21326333 -2.52105576 -2.25410129  2.54383209 -3.93130063  2.54725651]]
