[[1.00000000e+000 1.62589155e-019 3.79656286e-056 9.29170552e-026
  4.65065774e-021 2.93236684e-032 1.07709033e-030 1.94895109e-020
  2.12615475e-038 2.94559164e-011 2.12606960e-045 2.11871051e-039
  2.54270296e-021 2.21957143e-047 4.24792982e-043 3.63556242e-021
  3.99596086e-023 1.91776702e-011 3.92380800e-021 8.52681063e-037
  1.00000000e+000]
 [1.62589155e-019 1.00000000e+000 2.63647334e-069 2.22878238e-040
  4.90738382e-042 3.64685820e-047 6.68941204e-067 2.44067886e-032
  2.32681582e-032 2.69370546e-017 4.93821662e-015 3.66272891e-080
  2.67811109e-026 4.64120720e-062 1.31134558e-079 6.50999049e-023
  3.54453585e-021 6.05293211e-021 1.39406404e-016 4.56897958e-074
  1.00000000e+000]
 [3.79656286e-056 2.63647334e-069 1.00000000e+000 1.24593679e-031
  5.08571150e-061 5.35302259e-030 1.22850181e-081 2.77531693e-059
  3.13848230e-041 1.99200695e-089 5.75019756e-111 6.09487571e-071
  3.76416433e-095 5.04118738e-035 1.87391109e-066 7.13531424e-084
  1.82926993e-052 1.69583018e-062 9.79617578e-084 4.28964824e-045
  1.00000000e+000]
 [9.29170552e-026 2.22878238e-040 1.24593679e-031 1.00000000e+000
  2.76393518e-037 2.17299101e-031 6.74499208e-040 6.13686961e-052
  2.57306106e-022 2.60503953e-044 1.93176426e-076 4.77528145e-040
  6.44935884e-067 4.01329425e-065 4.84572403e-027 2.41057235e-024
  5.41633489e-041 7.14018906e-047 1.31639833e-049 3.49894957e-041
  1.00000000e+000]
 [4.65065774e-021 4.90738382e-042 5.08571150e-061 2.76393518e-037
  1.00000000e+000 5.28337815e-028 1.11250057e-007 6.27485435e-018
  5.36333832e-027 5.39127201e-023 1.87236675e-044 3.96409290e-019
  1.12655612e-047 7.35670509e-034 1.29416110e-022 2.23444204e-041
  1.18920721e-052 1.20201124e-035 7.87490998e-035 3.57846175e-027
  1.00000000e+000]
 [2.93236684e-032 3.64685820e-047 5.35302259e-030 2.17299101e-031
  5.28337815e-028 1.00000000e+000 3.81590784e-038 8.92699188e-054
  3.33151465e-028 5.08887073e-058 2.02843503e-066 4.72752771e-023
  1.26176084e-046 1.80824154e-014 5.52080679e-055 2.90286428e-058
  1.44214317e-024 2.86861127e-059 1.84176076e-027 3.79112863e-051
  1.00000000e+000]
 [1.07709033e-030 6.68941204e-067 1.22850181e-081 6.74499208e-040
  1.11250057e-007 3.81590784e-038 1.00000000e+000 1.05982614e-040
  4.83562825e-039 2.59307112e-037 2.72846008e-073 1.55024891e-010
  6.08312484e-067 2.96776456e-057 5.42085240e-014 1.82728728e-044
  1.37418368e-073 5.13424392e-059 1.60356142e-048 1.87152218e-037
  1.00000000e+000]
 [1.94895109e-020 2.44067886e-032 2.77531693e-059 6.13686961e-052
  6.27485435e-018 8.92699188e-054 1.05982614e-040 1.00000000e+000
  1.20031824e-044 3.02212217e-017 1.66460685e-042 1.20143638e-062
  5.62546382e-046 3.97519845e-043 6.61329297e-049 9.13537118e-051
  3.81199623e-054 6.21557234e-010 5.84846965e-051 1.26934527e-025
  1.00000000e+000]
 [2.12615475e-038 2.32681582e-032 3.13848230e-041 2.57306106e-022
  5.36333832e-027 3.33151465e-028 4.83562825e-039 1.20031824e-044
  1.00000000e+000 2.55024943e-049 9.42149272e-048 2.40566322e-050
  6.10112551e-079 2.25811223e-052 7.32950177e-033 1.55323098e-026
  6.23441257e-054 1.75186825e-056 1.58244423e-038 1.31374572e-065
  1.00000000e+000]
 [2.94559164e-011 2.69370546e-017 1.99200695e-089 2.60503953e-044
  5.39127201e-023 5.08887073e-058 2.59307112e-037 3.02212217e-017
  2.55024943e-049 1.00000000e+000 1.34364535e-024 3.25485433e-056
  5.12783749e-022 1.49411766e-067 2.97853479e-055 2.77311808e-027
  4.71538803e-038 7.39161903e-013 1.03593363e-027 9.68614541e-044
  1.00000000e+000]
 [2.12606960e-045 4.93821662e-015 5.75019756e-111 1.93176426e-076
  1.87236675e-044 2.02843503e-066 2.72846008e-073 1.66460685e-042
  9.42149272e-048 1.34364535e-024 1.00000000e+000 2.11738910e-090
  7.78570611e-036 1.94561879e-071 9.71604149e-102 4.46390170e-050
  1.02489987e-044 5.06036000e-045 1.18733121e-024 1.73096178e-093
  1.00000000e+000]
 [2.11871051e-039 3.66272891e-080 6.09487571e-071 4.77528145e-040
  3.96409290e-019 4.72752771e-023 1.55024891e-010 1.20143638e-062
  2.40566322e-050 3.25485433e-056 2.11738910e-090 1.00000000e+000
  1.30302477e-062 8.71094183e-044 1.08002165e-030 2.82074380e-065
  3.67506625e-060 5.46394681e-077 5.61163561e-049 4.96628629e-040
  1.00000000e+000]
 [2.54270296e-021 2.67811109e-026 3.76416433e-095 6.44935884e-067
  1.12655612e-047 1.26176084e-046 6.08312484e-067 5.62546382e-046
  6.10112551e-079 5.12783749e-022 7.78570611e-036 1.30302477e-062
  1.00000000e+000 1.30814865e-051 1.09594011e-106 7.55742922e-060
  2.02864074e-013 7.72063985e-030 1.42751392e-017 1.38457462e-067
  1.00000000e+000]
 [2.21957143e-047 4.64120720e-062 5.04118738e-035 4.01329425e-065
  7.35670509e-034 1.80824154e-014 2.96776456e-057 3.97519845e-043
  2.25811223e-052 1.49411766e-067 1.94561879e-071 8.71094183e-044
  1.30814865e-051 1.00000000e+000 4.67966966e-082 1.28104062e-098
  9.94640123e-038 4.14608249e-057 4.46944739e-048 4.55519958e-045
  1.00000000e+000]
 [4.24792982e-043 1.31134558e-079 1.87391109e-066 4.84572403e-027
  1.29416110e-022 5.52080679e-055 5.42085240e-014 6.61329297e-049
  7.32950177e-033 2.97853479e-055 9.71604149e-102 1.08002165e-030
  1.09594011e-106 4.67966966e-082 1.00000000e+000 2.61501853e-041
  8.00808904e-098 2.64611803e-067 3.94361281e-080 2.53246431e-038
  1.00000000e+000]
 [3.63556242e-021 6.50999049e-023 7.13531424e-084 2.41057235e-024
  2.23444204e-041 2.90286428e-058 1.82728728e-044 9.13537118e-051
  1.55323098e-026 2.77311808e-027 4.46390170e-050 2.82074380e-065
  7.55742922e-060 1.28104062e-098 2.61501853e-041 1.00000000e+000
  2.82437356e-052 8.81737824e-041 5.02071928e-032 2.20778080e-081
  1.00000000e+000]
 [3.99596086e-023 3.54453585e-021 1.82926993e-052 5.41633489e-041
  1.18920721e-052 1.44214317e-024 1.37418368e-073 3.81199623e-054
  6.23441257e-054 4.71538803e-038 1.02489987e-044 3.67506625e-060
  2.02864074e-013 9.94640123e-038 8.00808904e-098 2.82437356e-052
  1.00000000e+000 4.47781800e-036 4.33066824e-017 1.10107804e-066
  1.00000000e+000]
 [1.91776702e-011 6.05293211e-021 1.69583018e-062 7.14018906e-047
  1.20201124e-035 2.86861127e-059 5.13424392e-059 6.21557234e-010
  1.75186825e-056 7.39161903e-013 5.06036000e-045 5.46394681e-077
  7.72063985e-030 4.14608249e-057 2.64611803e-067 8.81737824e-041
  4.47781800e-036 1.00000000e+000 2.34986981e-043 4.13686576e-037
  1.00000000e+000]
 [3.92380800e-021 1.39406404e-016 9.79617578e-084 1.31639833e-049
  7.87490998e-035 1.84176076e-027 1.60356142e-048 5.84846965e-051
  1.58244423e-038 1.03593363e-027 1.18733121e-024 5.61163561e-049
  1.42751392e-017 4.46944739e-048 3.94361281e-080 5.02071928e-032
  4.33066824e-017 2.34986981e-043 1.00000000e+000 4.35526574e-085
  1.00000000e+000]
 [8.52681063e-037 4.56897958e-074 4.28964824e-045 3.49894957e-041
  3.57846175e-027 3.79112863e-051 1.87152218e-037 1.26934527e-025
  1.31374572e-065 9.68614541e-044 1.73096178e-093 4.96628629e-040
  1.38457462e-067 4.55519958e-045 2.53246431e-038 2.20778080e-081
  1.10107804e-066 4.13686576e-037 4.35526574e-085 1.00000000e+000
  1.00000000e+000]
 [1.00000000e+000 1.00000000e+000 1.00000000e+000 1.00000000e+000
  1.00000000e+000 1.00000000e+000 1.00000000e+000 1.00000000e+000
  1.00000000e+000 1.00000000e+000 1.00000000e+000 1.00000000e+000
  1.00000000e+000 1.00000000e+000 1.00000000e+000 1.00000000e+000
  1.00000000e+000 1.00000000e+000 1.00000000e+000 1.00000000e+000
  0.00000000e+000]]
