[[ 0.16956684 -0.11912879 -0.25829148 -1.40339571  2.10404347 -1.69105733]
 [-3.46967526 -2.25367817  1.57535601 -0.34557125  4.86294521  1.96542758]
 [-4.8446252   2.32824793 -4.96302904 -4.13567199 -3.71201161  4.05807378]
 [ 0.13827799  4.6650918  -1.39254116 -2.81749859  1.42132049  3.87635002]
 [ 1.39440805  0.01108704  1.91256855  1.78602945 -2.88192903  0.66586829]
 [-4.12461969  3.60614498 -2.35614089  2.39519104 -1.99065098  0.47515004]
 [ 3.7088873   3.06575391  2.42229849  2.04392322 -2.93722986 -0.33127236]
 [ 0.50204777 -4.80307923  0.99697781 -1.93568589 -1.90907571  0.62633687]
 [-3.4093549   3.0177898   3.48429957 -0.74262784 -0.9719231   4.6484858 ]
 [ 2.12979995 -3.16166204  1.48329     0.33978806  3.29808676  0.2197197 ]
 [-2.7550528  -4.58732789  3.61899213  4.14545838  3.9605277   3.31635792]
 [ 2.49419303  4.99994967 -1.26801544  3.97236257 -3.00547363 -0.50123584]
 [-1.26352012 -2.88361638 -2.75552575  3.49057168  4.7211966  -2.52072176]
 [-4.80532943 -0.90464265 -3.67528012  2.84865195 -4.93118558 -0.01552999]
 [ 4.12032587  4.59240529  2.79818884 -2.40005176 -3.57523332  2.45238288]
 [-0.08255313  2.86695848  4.36234849 -2.59277671  4.71948432  1.22060367]
 [-4.34595214 -0.00973209 -4.12867644  1.66395857  4.15589236 -0.08679182]
 [-0.08982607 -4.53281095 -0.66349663 -3.3647514   1.87579544 -0.65849006]
 [-3.66995207  0.70938166  1.45622861  3.64915951  3.81669865 -1.29380649]
 [ 3.94294915 -1.41143605 -4.24008996 -1.56987379 -3.96177362  2.11254487]]
