[[-0.9966063   3.58908914  4.53286196  3.17260305 -0.92847572  4.53866171]
 [-4.89068398 -2.94784566 -1.81209693 -0.65691399 -0.18638372 -4.60482731]
 [ 1.81003167 -1.01488329 -4.00413446 -4.62325349 -4.22117213 -1.48309852]
 [-2.664009   -0.21584449 -3.43322178  4.70459995  2.27664178  4.88077217]
 [-4.48934101  4.78901497 -2.91836571 -3.042235   -3.75023568  0.76047144]
 [ 1.90122346  1.90823097  4.10497117 -0.5623453  -3.37678153  2.39749412]
 [ 3.43319706  3.00819315  3.82134661 -3.53439535  0.13020029  3.79260651]
 [-3.45315131  4.83032408 -4.67407466 -4.20454058  2.85427241  0.79030568]
 [-3.0307478  -4.21754307 -4.95257946 -4.08926562  0.06087485  0.68480774]
 [-0.85412535  1.90817146  0.65708075  1.10520977  3.44797856 -1.46970717]
 [-1.0945027  -1.10349418 -2.35667524  2.3440167   3.16154334 -1.96254908]
 [ 4.75606322 -1.64640174 -4.87256577 -0.90595431 -2.69924404  3.41984034]
 [-0.5871597  -4.37304705 -1.23688445 -3.20005447 -3.95466859  0.95534022]
 [ 0.91256846  3.50703723 -3.59363154  3.89890624  2.75706901  1.25705221]
 [-2.83709778  0.18971507 -2.55468452 -3.81569001 -2.60884738 -4.82693295]
 [ 3.99935471  1.93412517 -2.29052219 -4.40814719 -2.45862371  0.98497206]
 [-0.20443587 -2.54583399  1.9365032  -4.20211357 -1.80664147  0.89006241]
 [ 3.61036908  3.67466589  2.79087304  2.39711262  3.87174505  3.49847036]
 [-3.9231384   3.47597282 -4.2159565   1.51198657 -2.48664     4.64215254]
 [-0.45939098 -1.89430512 -3.31950547  4.12617596  0.44390231  2.48315011]]
