1inputのノード特徴量 [[ 2.17493935e+01  5.91385040e+01 -2.85581322e+01  3.70499992e+01
   5.62871132e+01 -8.11936111e+01  3.04134350e+01  6.83835831e+01
  -1.78178921e+01  2.01955853e+01]
 [-3.57257271e+01 -6.92128143e+01 -3.08329105e+01  7.61498165e+00
   9.68500214e+01 -2.81109734e+01  8.76663513e+01 -3.76945839e+01
  -3.45729752e+01  8.41373978e+01]
 [ 5.14138718e+01  9.32760086e+01 -6.74694061e+01 -4.29907751e+00
  -9.76283188e+01  9.97643375e+00 -8.48575897e+01  7.05510941e+01
  -6.61851425e+01  6.39804173e+00]
 [-8.32899246e+01 -5.61139717e+01  2.50628910e+01  1.15980935e+00
   7.26657410e+01 -1.47970810e+01  1.48134155e+01  6.14896965e+01
   1.89493294e+01  4.85286560e+01]
 [ 6.33493233e+00  3.78474464e+01  3.18138695e+01  5.52304306e+01
   5.19201736e+01 -9.16791840e+01  1.35777493e+01 -5.13793030e+01
  -9.57017822e+01 -4.60126991e+01]
 [ 2.38228607e+01 -5.47918739e+01  2.30955887e+01 -5.91979027e+01
  -4.49395981e+01 -4.05731010e+01 -4.06344948e+01  3.90795784e+01
   2.75460911e+01  1.76171017e+01]
 [ 4.95558472e+01 -6.35047569e+01 -8.16200867e+01 -7.25765610e+01
   2.65821838e+01  5.55784454e+01 -7.25955582e+01 -7.30205307e+01
   4.49044952e+01  9.18659668e+01]
 [-9.29499512e+01 -3.88807678e+01 -4.52333145e+01 -2.47351861e+00
  -2.65805798e+01  1.70998230e+01 -7.73615646e+01  7.81479797e+01
   5.27374535e+01 -2.72100849e+01]
 [ 5.60036011e+01 -4.07043190e+01 -3.20008736e+01  8.55607376e+01
   7.84511614e+00 -7.21593781e+01 -1.54749479e+01  3.29131165e+01
  -7.91235123e+01  2.69988995e+01]
 [-6.92512894e+01  2.60513306e+01  9.59580917e+01 -3.33531380e+01
  -7.29193878e+01  3.32132950e+01 -7.50319595e+01  2.55712357e+01
  -2.16611938e+01 -2.64674835e+01]
 [ 8.49178982e+00  4.60562325e+01 -4.95139122e+01 -7.41997223e+01
  -7.91296244e+00  9.93523865e+01 -8.93208313e+01  7.16743927e+01
  -1.55891008e+01  1.43686790e+01]
 [ 8.11088867e+01 -8.86266327e+01  7.50817184e+01 -5.48486252e+01
   5.85951157e+01  9.50868073e+01  3.14261131e+01  5.12907791e+01
  -5.27102242e+01 -5.38531113e+01]
 [-1.22715187e+00 -2.86403751e+01  7.50776062e+01 -3.66583900e+01
  -8.76369705e+01  9.03893051e+01  9.03970795e+01  7.62834597e+00
  -4.03597641e+00 -9.13973770e+01]
 [ 3.85887451e+01 -4.85839195e+01  9.23161774e+01  6.59585648e+01
  -1.57178802e+01 -5.14680634e+01  7.83998585e+00 -6.01709404e+01
   1.74091816e+01 -7.47286758e+01]
 [-4.81289444e+01  3.55937805e+01  9.20318222e+00  3.69763756e+01
   1.58549843e+01 -1.82321873e+01  6.12240067e+01 -3.89675560e+01
  -5.96777191e+01 -1.38636408e+01]
 [-7.69339447e+01  3.23733864e+01  3.98862762e+01  9.87253036e+01
  -7.27778549e+01  1.82794151e+01 -3.85437469e+01  3.73993683e+01
  -5.06907310e+01  6.55951157e+01]
 [-2.45655937e+01  9.03881454e+01  7.18379517e+01  5.10250511e+01
   5.75304151e-01 -7.59301376e+01  4.41260910e+01  1.28783121e+01
  -9.88020630e+01  1.99625435e+01]
 [-5.11174736e+01 -5.15791740e+01 -6.52033463e+01 -8.91575317e+01
  -1.74827194e+01  3.57862167e+01 -6.28930664e+01 -7.20544815e+01
   9.68580551e+01  5.33893623e+01]
 [ 2.05145283e+01  4.99322662e+01  4.18155060e+01  2.86022701e+01
   7.22858505e+01 -2.64414043e+01 -8.98192139e+01 -5.31433916e+00
   8.64860153e+00 -6.75625153e+01]
 [-4.36004906e+01 -4.67569809e+01  5.41683912e+00 -4.12410965e+01
   8.40381622e+01 -7.23331299e+01  7.73249817e+01  2.39667950e+01
   7.26682129e+01 -2.71567898e+01]
 [-4.65858889e+00 -3.99669933e+00  3.32424393e+01 -9.83430634e+01
   1.63973446e+01  3.35128098e+01 -2.65285897e+00 -2.77236958e+01
   3.41894188e+01  3.90997772e+01]
 [ 9.98072510e+01 -8.07043686e+01  5.77233925e+01  3.34555855e+01
   7.55559311e+01 -5.45065451e+00  3.71103477e+01 -2.63359280e+01
  -4.22047234e+00  5.30715408e+01]
 [ 7.32882538e+01  5.97509117e+01 -3.71559868e+01 -1.66217670e+01
  -7.17994537e+01 -7.07008266e+00  5.47621613e+01  8.80027103e+00
  -8.03297958e+01  8.60203323e+01]
 [-7.97052765e+01 -6.25954742e+01 -1.48847809e+01  7.03157883e+01
  -4.73411980e+01 -7.10637360e+01 -7.98447800e+01  8.19820175e+01
   2.82358017e+01  9.09245453e+01]
 [-8.90081100e+01  3.92111740e+01 -8.73935547e+01  5.93909607e+01
  -8.66844101e+01 -3.15496502e+01  6.43371887e+01 -8.98519363e+01
   2.80683937e+01 -9.99096451e+01]
 [ 7.19300156e+01 -8.61590881e+01  1.20125046e+01  3.31485443e+01
  -1.81219139e+01  5.94986076e+01  1.51333790e+01 -7.14955368e+01
   7.37366562e+01 -7.22342758e+01]
 [ 7.17923069e+00 -7.27829437e+01  2.71435356e+01 -9.79811096e+01
  -1.51198597e+01 -7.18990173e+01  5.50106583e+01 -7.30325546e+01
   2.57002316e+01  4.41844635e+01]
 [-9.40317917e+01  5.64995232e+01 -1.44994488e+01 -1.63529282e+01
  -2.60895939e+01  5.95703468e+01  1.49428072e+01  7.16715012e+01
   2.12107010e+01 -2.92032480e-01]
 [-3.82734394e+00 -4.81911808e-01 -5.64717445e+01 -4.41490412e+00
   9.15464096e+01 -3.42087822e+01  2.14456959e+01  8.23084259e+00
  -1.78040142e+01  8.81154442e+00]
 [ 8.25083694e+01 -2.10739880e+01  2.77810574e+01  5.40581560e+00
  -7.96370087e+01 -9.20028534e+01 -8.84819603e+00 -7.35036469e+01
  -7.91468658e+01 -4.33650932e+01]
 [ 7.24844360e+01 -2.84569454e+01  1.16128950e+01  7.01286240e+01
   5.92676086e+01  5.93688679e+00 -1.50259533e+01  6.91037216e+01
   3.99357681e+01 -5.74727678e+00]
 [-3.11170444e+01 -6.15006943e+01  6.05237198e+01 -2.59531403e+01
  -2.31074181e+01  5.22852540e-01  9.91263123e+01  6.40911713e+01
   7.22954941e+01 -3.94510460e+01]
 [-8.25596619e+01 -3.23464661e+01  1.63626289e+01 -8.97712860e+01
   1.83554325e+01  6.62002335e+01 -2.78977728e+00  8.68150024e+01
   6.50753555e+01  8.22740555e+01]
 [ 6.68096542e+01 -4.54488945e+00 -4.53548819e-01 -1.57089338e+01
   5.47884140e+01 -3.02339478e+01 -9.14445114e+01 -3.73067169e+01
  -1.37748260e+01 -7.26848679e+01]
 [-8.15087128e+01  2.94187450e+01 -6.87480850e+01  3.37420425e+01
  -2.95838718e+01 -6.69364929e+01  2.19119663e+01  1.04080515e+01
   4.33510246e+01  3.48596306e+01]
 [ 9.47170944e+01 -7.97783279e+01  5.39834938e+01 -2.43567390e+01
   6.46680374e+01  1.62684937e+01  2.38538742e+01  9.26245270e+01
   2.05957489e+01 -6.31571655e+01]
 [ 1.32184639e+01  8.81859741e+01  5.35753288e+01  3.86733131e+01
   5.33968773e+01 -2.46091480e+01 -1.88153114e+01  3.54070625e+01
   4.97929726e+01  6.44819412e+01]
 [-2.59707165e+01 -7.60461197e+01  7.07379837e+01  7.55438995e+01
   9.79776764e+01 -6.20044937e+01 -4.44070015e+01  3.86745110e+01
  -2.28806763e+01  3.02612991e+01]
 [ 2.41112652e+01  9.23842163e+01  7.88206558e+01  4.28773832e+00
   7.64149246e+01 -3.72820015e+01 -7.10784531e+01 -9.22988586e+01
   8.96690369e+01  6.96759186e+01]
 [ 5.71873436e+01 -9.77106705e+01  3.15511398e+01 -1.93006516e+00
  -1.15172262e+01 -9.98937321e+00  5.85247803e+01 -8.95104370e+01
  -2.91385746e+01  6.53748932e+01]
 [ 7.10660706e+01  5.03145752e+01 -8.74177246e+01  5.80611801e+01
   7.91886826e+01 -8.10666046e+01  5.97237015e+01  5.83486137e+01
   5.14659920e+01  6.01962051e+01]
 [-6.56918564e+01 -9.87966385e+01  9.51411743e+01 -8.99917030e+00
   6.83467712e+01  7.26912165e+00 -8.54920006e+00 -7.61490784e+01
  -8.17347813e+00 -1.80994644e+01]
 [-9.01914825e+01  5.15091362e+01 -4.74447670e+01  2.27780056e+01
  -1.07897844e+01 -2.84517460e+01  3.07724495e+01 -3.52237473e+01
  -1.74136124e+01  2.78464527e+01]
 [ 1.30666933e+01  9.45866394e+01  6.99848480e+01 -7.27481604e+00
  -6.33814011e+01 -6.26727066e+01 -4.25260086e+01 -4.06102142e+01
   6.00964127e+01 -9.41265945e+01]
 [ 3.11576881e+01  4.70955238e+01 -2.23709927e+01  5.57282639e+01
   3.26235085e+01 -6.92998962e+01 -3.06922913e+01 -5.66278496e+01
   8.10753937e+01  9.02365265e+01]
 [-1.99233036e+01 -3.65320015e+01 -8.34923325e+01 -9.76119709e+00
   5.90850906e+01  2.66334095e+01 -8.26496315e+00  8.63067474e+01
   2.35602379e+01  5.70838928e+01]
 [ 9.23408279e+01 -7.08868942e+01 -4.13474693e+01 -2.88190880e+01
   7.55960541e+01 -9.59725494e+01 -9.11405792e+01 -3.43497047e+01
  -6.78789291e+01  1.56294365e+01]
 [-2.87693539e+01 -1.42322350e+01 -9.00584793e+01  7.67575550e+00
   5.40109634e+00 -8.97490692e+01 -3.03844719e+01  3.74779625e+01
  -4.52889862e+01 -9.50664825e+01]
 [ 2.11269593e+00 -6.72624054e+01  9.92442513e+00 -9.71060486e+01
  -3.88373756e+01  2.18178868e+00 -4.15942802e+01  8.07149277e+01
  -1.17263832e+01 -2.01628418e+01]
 [-1.44409790e+01  9.91054306e+01  9.95825882e+01 -3.37782593e+01
   9.49239120e+01  1.94272003e+01  4.16619949e+01  3.67354012e+01
  -3.74438210e+01  6.58124542e+01]
 [-6.77999592e+00  5.37478256e+01 -5.11920776e+01  2.51599865e+01
   7.69097595e+01  8.74323883e+01  3.59872780e+01  2.96244564e+01
   7.82728119e+01 -5.48978043e+01]
 [ 6.58891907e+01  4.04357719e+01  5.73304977e+01  7.74199753e+01
   4.64355558e-01  2.25563984e+01  3.90731430e+01  5.50929451e+01
   6.22206535e+01  6.63268051e+01]
 [ 6.97053680e+01  6.87583542e+01 -8.61262283e+01  1.48837433e+01
   3.38059998e+01  9.00508881e+01  3.75793839e+01  1.64854603e+01
   9.74578552e+01 -1.74869804e+01]
 [ 1.02243652e+01 -1.41135063e+01 -6.63719788e+01  4.74498482e+01
  -3.91087379e+01  5.41840553e+01 -5.20355463e+00  8.29139786e+01
  -7.10933387e-01  5.70195618e+01]
 [-5.75796165e+01  8.83332520e+01 -4.88802147e+01  4.24329720e+01
  -1.48126249e+01  6.56317902e+01 -1.20790710e+01 -6.93859787e+01
   4.45725441e+00  5.06279984e+01]
 [ 9.51804657e+01 -5.28629446e+00 -8.87582397e+00 -7.68214951e+01
   3.83172989e+01 -9.02975388e+01  8.20864105e+01 -4.37731628e+01
  -2.01508026e+01  3.59499397e+01]
 [ 7.48490906e+01  8.64459686e+01 -2.05017605e+01  9.04442291e+01
   7.59891968e+01 -9.36747665e+01  8.55234375e+01  8.07893448e+01
  -6.57166519e+01  8.02373276e+01]
 [ 7.25529633e+01 -1.06853211e+00 -8.17549515e+01  7.21206589e+01
   1.66292706e+01  5.10052025e-01 -1.19438686e+01 -5.59339561e+01
  -8.39316177e+01 -8.31809006e+01]
 [ 6.22464371e+01 -5.82149172e+00 -2.83759308e+01  5.43034897e+01
   6.46850491e+00  4.27061920e+01 -1.57919607e+01  2.32684879e+01
   7.15030670e+01 -3.23171806e+01]
 [-8.28119659e+01  8.43705826e+01  8.68616333e+01 -9.06554260e+01
  -8.89191666e+01  3.60009384e+01  3.41416817e+01 -4.84781761e+01
   7.45149088e+00  7.80825577e+01]
 [-4.61642914e+01 -9.04104614e+01 -9.24723434e+01  8.03902283e+01
   7.44525909e+01  3.28681221e+01  5.01157036e+01  2.04944363e+01
   4.78444481e+01  1.74082890e+01]
 [ 4.97126465e+01 -3.98967743e+01 -5.83522491e+01 -2.40874977e+01
   4.21095276e+00  2.46794434e+01 -3.25893745e+01 -2.33628807e+01
   8.74283905e+01 -9.59479904e+01]
 [ 6.71084518e+01 -4.43400154e+01  6.77796173e+01  9.58407288e+01
  -2.09043522e+01  1.18017273e+01 -3.16594486e+01 -5.61971359e+01
   3.73843193e+00 -6.14990082e+01]
 [ 8.35929871e+01 -5.84628448e+01  6.21620979e+01  1.56334887e+01
  -5.11783752e+01 -8.48856735e+00  6.57976532e+01 -7.08919220e+01
  -4.90784912e+01  9.66261005e+00]
 [-6.51956940e+01  3.39912567e+01 -6.48677979e+01 -5.61696129e+01
  -8.34715576e+01  4.99350433e+01  3.60954452e+00 -3.66429977e+01
   1.43702784e+01  4.51066246e+01]
 [ 4.96901989e+00 -4.98689957e+01  4.42204475e+01 -4.14272728e+01
  -2.58390236e+01  1.60154991e+01 -6.70905304e+01 -8.94208755e+01
  -7.63395844e+01 -7.05654755e+01]
 [ 8.09338303e+01  1.41968851e+01  9.81299362e+01  1.63257027e+01
   2.99266758e+01 -9.28018036e+01 -3.18124199e+01 -7.30014181e+00
   7.35496521e+01 -8.75736237e+01]
 [-3.82113190e+01  2.94504948e+01 -4.58551102e+01 -6.55593033e+01
  -4.36147919e+01 -6.28257637e+01  1.24264565e+01 -4.07736931e+01
   1.06455898e+01 -6.13981361e+01]
 [ 3.42892838e+01  5.08883362e+01 -4.74196768e+00 -6.05942383e+01
  -3.58422165e+01  8.82715912e+01 -6.91638184e+01 -7.99236679e+01
   7.05019302e+01 -3.54914436e+01]
 [ 5.31869431e+01  7.51840668e+01 -4.24413986e+01 -5.35544739e+01
  -4.04296112e+00  7.38127136e+01  2.05089722e+01  6.41493912e+01
  -5.90272064e+01  5.49302750e+01]
 [ 1.82520809e+01  1.59539309e+01 -8.27859192e+01 -8.18915634e+01
  -6.51836319e+01 -7.61013947e+01 -3.14670801e+00 -6.87947845e+01
  -2.90495663e+01  8.60464096e+00]
 [ 1.12131367e+01  1.26825838e+01 -4.94426193e+01 -8.70818787e+01
  -8.82158432e+01 -6.45893173e+01 -5.21282005e+01 -6.74270554e+01
  -2.77154694e+01 -7.02898254e+01]
 [ 4.52438278e+01  5.63068619e+01 -6.69370651e+01  5.25319176e+01
  -1.35239372e+01  9.36388550e+01  2.55184841e+01 -3.58983727e+01
  -5.99844093e+01 -9.67766342e+01]
 [-6.40247498e+01  9.01625366e+01  9.20877304e+01 -5.72593536e+01
   8.65040970e+01 -5.14666748e+01  9.50769138e+00  7.27815323e+01
  -5.24143295e+01 -4.59784241e+01]
 [ 9.22648087e+01  4.49937286e+01  4.38951683e+00  2.71234722e+01
   2.66673279e+01 -5.83935165e+01  5.12025690e+00 -7.41884537e+01
  -1.11285315e+01 -2.82848263e+01]
 [ 4.73196106e+01 -2.96228085e+01 -1.50799599e+01 -5.73148003e+01
  -3.31334534e+01  6.92433777e+01 -7.19313736e+01  1.24936199e+00
  -8.97524338e+01 -4.79614487e+01]
 [ 2.52625275e+01 -6.33073196e+01 -1.54377689e+01 -6.34028511e+01
  -8.96881409e+01 -8.35816727e+01 -7.56413193e+01  6.98234406e+01
   7.18472977e+01 -8.75019073e+01]
 [-6.04711609e+01  6.69234314e+01 -7.23090057e+01 -8.09740906e+01
   6.12668991e+01  7.96284256e+01  9.63937607e+01 -5.88109512e+01
   6.16868496e+00 -2.16408672e+01]
 [-4.16306992e+01 -2.41414146e+01  9.55128784e+01 -1.82422581e+01
  -6.18022690e+01  8.53520737e+01  1.50205975e+01  5.27235794e+01
   9.01047058e+01 -6.00074768e+01]
 [ 1.97866039e+01  3.44697723e+01 -1.92203102e+01 -6.40616715e-01
   9.70863190e+01  1.05120354e+01 -7.79888077e+01 -3.70519906e-01
  -3.98724098e+01  4.62575836e+01]
 [-8.09371109e+01  1.91593132e+01 -7.03914261e+01  5.72053432e+00
  -4.74299431e+01  1.29170380e+01  2.53547058e+01 -9.64121933e+01
   1.80887091e+00  4.32591476e+01]
 [ 8.49871114e-02  3.49489141e+00 -5.87133102e+01 -9.00993576e+01
  -6.80454712e+01  2.43294296e+01 -6.28126945e+01  5.05749245e+01
  -7.79006348e+01 -6.51532135e+01]
 [ 6.43064499e+01  4.04975243e+01  9.94806442e+01 -3.26614952e+01
  -2.99937229e+01 -6.62180099e+01  4.84662399e+01  4.96796799e+01
   6.80020981e+01 -2.47855968e+01]
 [-6.83763657e+01 -9.98823700e+01  5.28271599e+01 -3.60214996e+00
  -1.37204685e+01  4.34053230e+01 -7.75251923e+01  6.96947479e+01
   4.58728943e+01 -6.37459297e+01]
 [ 2.24395142e+01 -3.40914383e+01  4.16205635e+01  1.73924618e+01
  -3.57750549e+01 -8.06347122e+01  6.61947708e+01  8.05175209e+00
   4.39941635e+01  6.86946335e+01]
 [ 3.17870235e+01 -3.44132309e+01 -9.01178074e+00  4.41442833e+01
  -8.12546921e+01  2.12102470e+01 -8.48294220e+01  8.96791000e+01
  -3.27655125e+00  3.71828003e+01]
 [-4.47613068e+01 -8.90311127e+01 -1.75409756e+01 -4.10710602e+01
  -9.19492111e+01 -5.39097252e+01  5.25465012e+01  7.15899429e+01
   1.25937634e+01  5.14088478e+01]
 [-9.94931335e+01 -4.08054466e+01 -6.92772446e+01  3.90140305e+01
   2.45413876e+01 -4.83910522e+01  9.38693542e+01 -6.09034271e+01
   2.73891544e+01  1.05156412e+01]
 [-4.07170582e+00 -6.09615479e+01 -6.36168823e+01 -6.72080231e+01
  -3.52292023e+01 -2.89379425e+01  2.98198071e+01 -8.13044434e+01
   4.38927727e+01 -4.67675552e+01]
 [ 5.12397156e+01 -8.28195190e+01  2.99716072e+01 -8.24079666e+01
   1.56255245e+01 -6.13914986e+01 -1.69266434e+01 -2.80356941e+01
   6.93796387e+01 -7.97273407e+01]
 [ 8.31954269e+01 -1.64944210e+01  1.09723263e+01  7.61157074e+01
   2.46037483e+01  2.20528584e+01 -4.92489395e+01  7.25237503e+01
  -6.71727800e+00  1.72502518e+01]
 [-7.79190369e+01  6.25014000e+01  9.11723938e+01 -3.96585007e+01
  -6.49298477e+01  5.99841576e+01  7.48092957e+01 -7.57786789e+01
   9.25490570e+01  5.48157082e+01]
 [ 5.11305923e+01  2.41890373e+01  1.97081604e+01 -8.25204239e+01
   5.43865242e+01  8.75705032e+01 -6.80908060e+00  4.33150291e+01
   7.95038376e+01 -6.97556305e+01]
 [-7.06003010e-01  9.94592361e+01 -9.10782471e+01 -3.13038292e+01
  -9.60493927e+01 -4.20918427e+01  4.54533386e+01 -9.70057602e+01
   2.57690964e+01  3.21203346e+01]
 [ 7.78591690e+01 -8.67742691e+01  9.05564308e+00 -6.40317535e+01
   4.99758682e+01  8.74228668e+01 -5.84929466e+01 -6.27830734e+01
  -1.94923153e+01  8.31348267e+01]
 [ 6.07911224e+01  9.15104446e+01 -8.39759636e+00 -1.84858074e+01
  -9.62900314e+01  7.49561768e+01  4.92205391e+01  4.28670273e+01
   3.60217018e+01 -7.35354280e+00]
 [-2.68545876e+01 -7.59327698e+01  9.03900070e+01 -6.00869608e+00
  -9.14318542e+01 -1.26221323e+01 -9.25530624e+01 -3.78424149e+01
  -9.12651901e+01  2.35628395e+01]
 [ 4.79742355e+01 -7.05536575e+01 -1.12756901e+01  8.92223892e+01
  -8.96759415e+01  1.36865501e+01  2.95095787e+01 -3.09047737e+01
  -1.31125653e+00 -4.65765152e+01]
 [-4.81879158e+01  6.47113800e+01 -3.24715271e+01  8.34858551e+01
  -9.43474960e+00 -8.36461105e+01  3.20282707e+01  5.59199257e+01
   1.00054140e+01 -4.12887650e+01]
 [ 2.79801044e+01 -2.20950069e+01 -6.04019661e+01 -9.48716202e+01
   2.34044590e+01 -6.72039108e+01 -3.77651711e+01 -7.06572495e+01
  -3.13801727e+01 -5.95172081e+01]]
2inputのノード特徴量 [9.1418204e+09 1.7794982e+10 2.9025454e+10 1.0141673e+10 1.8232310e+10
 3.4697792e+09 1.6671976e+10 1.6198304e+10 1.3484681e+10 1.7131497e+10
 2.2981581e+10 2.5450129e+10 2.2434793e+10 1.1828707e+10 3.8376102e+09
 1.7278319e+10 2.3018254e+10 2.2790799e+10 1.0305512e+10 1.5253405e+10
 9.7807350e+09 1.8959829e+10 1.1944858e+10 1.9812743e+10 2.7648211e+10
 1.5217800e+10 1.8535231e+10 1.2687286e+10 8.2644526e+09 2.3045956e+10
 8.9463265e+09 1.6861292e+10 2.0512104e+10 1.0280008e+10 9.2399299e+09
 2.2178796e+10 8.5796265e+09 2.0370008e+10 3.0801453e+10 1.8054119e+10
 2.1321861e+10 2.5051498e+10 8.1124685e+09 1.5496097e+10 9.2954399e+09
 1.1883142e+10 3.1568429e+10 1.3933237e+10 1.5768641e+10 2.8219023e+10
 1.4799155e+10 9.2912589e+09 2.5973801e+10 8.2426614e+09 1.2273150e+10
 2.3403033e+10 3.7605413e+10 1.5956465e+10 5.4410614e+09 2.9313843e+10
 2.2876240e+10 8.2822272e+09 1.4056416e+10 1.3358449e+10 1.0378295e+10
 1.3455153e+10 2.4215355e+10 4.8572196e+09 1.7359868e+10 1.1048157e+10
 1.6982754e+10 1.7410949e+10 1.3412807e+10 2.6390000e+10 1.1892034e+10
 1.3420986e+10 2.3215491e+10 2.5582928e+10 2.2799278e+10 1.2979651e+10
 1.5929556e+10 1.6090918e+10 1.7132816e+10 1.9609952e+10 7.0484741e+09
 1.6546789e+10 1.8469587e+10 2.2500696e+10 1.0216411e+10 1.3982288e+10
 1.1538638e+10 2.8931107e+10 1.6410241e+10 3.5217601e+10 2.0383128e+10
 2.0966590e+10 3.1520932e+10 1.6153230e+10 1.3177090e+10 1.4523994e+10]
(100,) (100,) (100,)
hidden:これがノードにつく特徴量 [[ 2.17493935e+01 -3.57257271e+01  5.14138718e+01 -8.32899246e+01
   6.33493233e+00  2.38228607e+01  4.95558472e+01 -9.29499512e+01
   5.60036011e+01 -6.92512894e+01  8.49178982e+00  8.11088867e+01
  -1.22715187e+00  3.85887451e+01 -4.81289444e+01 -7.69339447e+01
  -2.45655937e+01 -5.11174736e+01  2.05145283e+01 -4.36004906e+01
  -4.65858889e+00  9.98072510e+01  7.32882538e+01 -7.97052765e+01
  -8.90081100e+01  7.19300156e+01  7.17923069e+00 -9.40317917e+01
  -3.82734394e+00  8.25083694e+01  7.24844360e+01 -3.11170444e+01
  -8.25596619e+01  6.68096542e+01 -8.15087128e+01  9.47170944e+01
   1.32184639e+01 -2.59707165e+01  2.41112652e+01  5.71873436e+01
   7.10660706e+01 -6.56918564e+01 -9.01914825e+01  1.30666933e+01
   3.11576881e+01 -1.99233036e+01  9.23408279e+01 -2.87693539e+01
   2.11269593e+00 -1.44409790e+01 -6.77999592e+00  6.58891907e+01
   6.97053680e+01  1.02243652e+01 -5.75796165e+01  9.51804657e+01
   7.48490906e+01  7.25529633e+01  6.22464371e+01 -8.28119659e+01
  -4.61642914e+01  4.97126465e+01  6.71084518e+01  8.35929871e+01
  -6.51956940e+01  4.96901989e+00  8.09338303e+01 -3.82113190e+01
   3.42892838e+01  5.31869431e+01  1.82520809e+01  1.12131367e+01
   4.52438278e+01 -6.40247498e+01  9.22648087e+01  4.73196106e+01
   2.52625275e+01 -6.04711609e+01 -4.16306992e+01  1.97866039e+01
  -8.09371109e+01  8.49871114e-02  6.43064499e+01 -6.83763657e+01
   2.24395142e+01  3.17870235e+01 -4.47613068e+01 -9.94931335e+01
  -4.07170582e+00  5.12397156e+01  8.31954269e+01 -7.79190369e+01
   5.11305923e+01 -7.06003010e-01  7.78591690e+01  6.07911224e+01
  -2.68545876e+01  4.79742355e+01 -4.81879158e+01  2.79801044e+01]
 [ 5.91385040e+01 -6.92128143e+01  9.32760086e+01 -5.61139717e+01
   3.78474464e+01 -5.47918739e+01 -6.35047569e+01 -3.88807678e+01
  -4.07043190e+01  2.60513306e+01  4.60562325e+01 -8.86266327e+01
  -2.86403751e+01 -4.85839195e+01  3.55937805e+01  3.23733864e+01
   9.03881454e+01 -5.15791740e+01  4.99322662e+01 -4.67569809e+01
  -3.99669933e+00 -8.07043686e+01  5.97509117e+01 -6.25954742e+01
   3.92111740e+01 -8.61590881e+01 -7.27829437e+01  5.64995232e+01
  -4.81911808e-01 -2.10739880e+01 -2.84569454e+01 -6.15006943e+01
  -3.23464661e+01 -4.54488945e+00  2.94187450e+01 -7.97783279e+01
   8.81859741e+01 -7.60461197e+01  9.23842163e+01 -9.77106705e+01
   5.03145752e+01 -9.87966385e+01  5.15091362e+01  9.45866394e+01
   4.70955238e+01 -3.65320015e+01 -7.08868942e+01 -1.42322350e+01
  -6.72624054e+01  9.91054306e+01  5.37478256e+01  4.04357719e+01
   6.87583542e+01 -1.41135063e+01  8.83332520e+01 -5.28629446e+00
   8.64459686e+01 -1.06853211e+00 -5.82149172e+00  8.43705826e+01
  -9.04104614e+01 -3.98967743e+01 -4.43400154e+01 -5.84628448e+01
   3.39912567e+01 -4.98689957e+01  1.41968851e+01  2.94504948e+01
   5.08883362e+01  7.51840668e+01  1.59539309e+01  1.26825838e+01
   5.63068619e+01  9.01625366e+01  4.49937286e+01 -2.96228085e+01
  -6.33073196e+01  6.69234314e+01 -2.41414146e+01  3.44697723e+01
   1.91593132e+01  3.49489141e+00  4.04975243e+01 -9.98823700e+01
  -3.40914383e+01 -3.44132309e+01 -8.90311127e+01 -4.08054466e+01
  -6.09615479e+01 -8.28195190e+01 -1.64944210e+01  6.25014000e+01
   2.41890373e+01  9.94592361e+01 -8.67742691e+01  9.15104446e+01
  -7.59327698e+01 -7.05536575e+01  6.47113800e+01 -2.20950069e+01]
 [-2.85581322e+01 -3.08329105e+01 -6.74694061e+01  2.50628910e+01
   3.18138695e+01  2.30955887e+01 -8.16200867e+01 -4.52333145e+01
  -3.20008736e+01  9.59580917e+01 -4.95139122e+01  7.50817184e+01
   7.50776062e+01  9.23161774e+01  9.20318222e+00  3.98862762e+01
   7.18379517e+01 -6.52033463e+01  4.18155060e+01  5.41683912e+00
   3.32424393e+01  5.77233925e+01 -3.71559868e+01 -1.48847809e+01
  -8.73935547e+01  1.20125046e+01  2.71435356e+01 -1.44994488e+01
  -5.64717445e+01  2.77810574e+01  1.16128950e+01  6.05237198e+01
   1.63626289e+01 -4.53548819e-01 -6.87480850e+01  5.39834938e+01
   5.35753288e+01  7.07379837e+01  7.88206558e+01  3.15511398e+01
  -8.74177246e+01  9.51411743e+01 -4.74447670e+01  6.99848480e+01
  -2.23709927e+01 -8.34923325e+01 -4.13474693e+01 -9.00584793e+01
   9.92442513e+00  9.95825882e+01 -5.11920776e+01  5.73304977e+01
  -8.61262283e+01 -6.63719788e+01 -4.88802147e+01 -8.87582397e+00
  -2.05017605e+01 -8.17549515e+01 -2.83759308e+01  8.68616333e+01
  -9.24723434e+01 -5.83522491e+01  6.77796173e+01  6.21620979e+01
  -6.48677979e+01  4.42204475e+01  9.81299362e+01 -4.58551102e+01
  -4.74196768e+00 -4.24413986e+01 -8.27859192e+01 -4.94426193e+01
  -6.69370651e+01  9.20877304e+01  4.38951683e+00 -1.50799599e+01
  -1.54377689e+01 -7.23090057e+01  9.55128784e+01 -1.92203102e+01
  -7.03914261e+01 -5.87133102e+01  9.94806442e+01  5.28271599e+01
   4.16205635e+01 -9.01178074e+00 -1.75409756e+01 -6.92772446e+01
  -6.36168823e+01  2.99716072e+01  1.09723263e+01  9.11723938e+01
   1.97081604e+01 -9.10782471e+01  9.05564308e+00 -8.39759636e+00
   9.03900070e+01 -1.12756901e+01 -3.24715271e+01 -6.04019661e+01]
 [ 3.70499992e+01  7.61498165e+00 -4.29907751e+00  1.15980935e+00
   5.52304306e+01 -5.91979027e+01 -7.25765610e+01 -2.47351861e+00
   8.55607376e+01 -3.33531380e+01 -7.41997223e+01 -5.48486252e+01
  -3.66583900e+01  6.59585648e+01  3.69763756e+01  9.87253036e+01
   5.10250511e+01 -8.91575317e+01  2.86022701e+01 -4.12410965e+01
  -9.83430634e+01  3.34555855e+01 -1.66217670e+01  7.03157883e+01
   5.93909607e+01  3.31485443e+01 -9.79811096e+01 -1.63529282e+01
  -4.41490412e+00  5.40581560e+00  7.01286240e+01 -2.59531403e+01
  -8.97712860e+01 -1.57089338e+01  3.37420425e+01 -2.43567390e+01
   3.86733131e+01  7.55438995e+01  4.28773832e+00 -1.93006516e+00
   5.80611801e+01 -8.99917030e+00  2.27780056e+01 -7.27481604e+00
   5.57282639e+01 -9.76119709e+00 -2.88190880e+01  7.67575550e+00
  -9.71060486e+01 -3.37782593e+01  2.51599865e+01  7.74199753e+01
   1.48837433e+01  4.74498482e+01  4.24329720e+01 -7.68214951e+01
   9.04442291e+01  7.21206589e+01  5.43034897e+01 -9.06554260e+01
   8.03902283e+01 -2.40874977e+01  9.58407288e+01  1.56334887e+01
  -5.61696129e+01 -4.14272728e+01  1.63257027e+01 -6.55593033e+01
  -6.05942383e+01 -5.35544739e+01 -8.18915634e+01 -8.70818787e+01
   5.25319176e+01 -5.72593536e+01  2.71234722e+01 -5.73148003e+01
  -6.34028511e+01 -8.09740906e+01 -1.82422581e+01 -6.40616715e-01
   5.72053432e+00 -9.00993576e+01 -3.26614952e+01 -3.60214996e+00
   1.73924618e+01  4.41442833e+01 -4.10710602e+01  3.90140305e+01
  -6.72080231e+01 -8.24079666e+01  7.61157074e+01 -3.96585007e+01
  -8.25204239e+01 -3.13038292e+01 -6.40317535e+01 -1.84858074e+01
  -6.00869608e+00  8.92223892e+01  8.34858551e+01 -9.48716202e+01]
 [ 5.62871132e+01  9.68500214e+01 -9.76283188e+01  7.26657410e+01
   5.19201736e+01 -4.49395981e+01  2.65821838e+01 -2.65805798e+01
   7.84511614e+00 -7.29193878e+01 -7.91296244e+00  5.85951157e+01
  -8.76369705e+01 -1.57178802e+01  1.58549843e+01 -7.27778549e+01
   5.75304151e-01 -1.74827194e+01  7.22858505e+01  8.40381622e+01
   1.63973446e+01  7.55559311e+01 -7.17994537e+01 -4.73411980e+01
  -8.66844101e+01 -1.81219139e+01 -1.51198597e+01 -2.60895939e+01
   9.15464096e+01 -7.96370087e+01  5.92676086e+01 -2.31074181e+01
   1.83554325e+01  5.47884140e+01 -2.95838718e+01  6.46680374e+01
   5.33968773e+01  9.79776764e+01  7.64149246e+01 -1.15172262e+01
   7.91886826e+01  6.83467712e+01 -1.07897844e+01 -6.33814011e+01
   3.26235085e+01  5.90850906e+01  7.55960541e+01  5.40109634e+00
  -3.88373756e+01  9.49239120e+01  7.69097595e+01  4.64355558e-01
   3.38059998e+01 -3.91087379e+01 -1.48126249e+01  3.83172989e+01
   7.59891968e+01  1.66292706e+01  6.46850491e+00 -8.89191666e+01
   7.44525909e+01  4.21095276e+00 -2.09043522e+01 -5.11783752e+01
  -8.34715576e+01 -2.58390236e+01  2.99266758e+01 -4.36147919e+01
  -3.58422165e+01 -4.04296112e+00 -6.51836319e+01 -8.82158432e+01
  -1.35239372e+01  8.65040970e+01  2.66673279e+01 -3.31334534e+01
  -8.96881409e+01  6.12668991e+01 -6.18022690e+01  9.70863190e+01
  -4.74299431e+01 -6.80454712e+01 -2.99937229e+01 -1.37204685e+01
  -3.57750549e+01 -8.12546921e+01 -9.19492111e+01  2.45413876e+01
  -3.52292023e+01  1.56255245e+01  2.46037483e+01 -6.49298477e+01
   5.43865242e+01 -9.60493927e+01  4.99758682e+01 -9.62900314e+01
  -9.14318542e+01 -8.96759415e+01 -9.43474960e+00  2.34044590e+01]
 [-8.11936111e+01 -2.81109734e+01  9.97643375e+00 -1.47970810e+01
  -9.16791840e+01 -4.05731010e+01  5.55784454e+01  1.70998230e+01
  -7.21593781e+01  3.32132950e+01  9.93523865e+01  9.50868073e+01
   9.03893051e+01 -5.14680634e+01 -1.82321873e+01  1.82794151e+01
  -7.59301376e+01  3.57862167e+01 -2.64414043e+01 -7.23331299e+01
   3.35128098e+01 -5.45065451e+00 -7.07008266e+00 -7.10637360e+01
  -3.15496502e+01  5.94986076e+01 -7.18990173e+01  5.95703468e+01
  -3.42087822e+01 -9.20028534e+01  5.93688679e+00  5.22852540e-01
   6.62002335e+01 -3.02339478e+01 -6.69364929e+01  1.62684937e+01
  -2.46091480e+01 -6.20044937e+01 -3.72820015e+01 -9.98937321e+00
  -8.10666046e+01  7.26912165e+00 -2.84517460e+01 -6.26727066e+01
  -6.92998962e+01  2.66334095e+01 -9.59725494e+01 -8.97490692e+01
   2.18178868e+00  1.94272003e+01  8.74323883e+01  2.25563984e+01
   9.00508881e+01  5.41840553e+01  6.56317902e+01 -9.02975388e+01
  -9.36747665e+01  5.10052025e-01  4.27061920e+01  3.60009384e+01
   3.28681221e+01  2.46794434e+01  1.18017273e+01 -8.48856735e+00
   4.99350433e+01  1.60154991e+01 -9.28018036e+01 -6.28257637e+01
   8.82715912e+01  7.38127136e+01 -7.61013947e+01 -6.45893173e+01
   9.36388550e+01 -5.14666748e+01 -5.83935165e+01  6.92433777e+01
  -8.35816727e+01  7.96284256e+01  8.53520737e+01  1.05120354e+01
   1.29170380e+01  2.43294296e+01 -6.62180099e+01  4.34053230e+01
  -8.06347122e+01  2.12102470e+01 -5.39097252e+01 -4.83910522e+01
  -2.89379425e+01 -6.13914986e+01  2.20528584e+01  5.99841576e+01
   8.75705032e+01 -4.20918427e+01  8.74228668e+01  7.49561768e+01
  -1.26221323e+01  1.36865501e+01 -8.36461105e+01 -6.72039108e+01]
 [ 3.04134350e+01  8.76663513e+01 -8.48575897e+01  1.48134155e+01
   1.35777493e+01 -4.06344948e+01 -7.25955582e+01 -7.73615646e+01
  -1.54749479e+01 -7.50319595e+01 -8.93208313e+01  3.14261131e+01
   9.03970795e+01  7.83998585e+00  6.12240067e+01 -3.85437469e+01
   4.41260910e+01 -6.28930664e+01 -8.98192139e+01  7.73249817e+01
  -2.65285897e+00  3.71103477e+01  5.47621613e+01 -7.98447800e+01
   6.43371887e+01  1.51333790e+01  5.50106583e+01  1.49428072e+01
   2.14456959e+01 -8.84819603e+00 -1.50259533e+01  9.91263123e+01
  -2.78977728e+00 -9.14445114e+01  2.19119663e+01  2.38538742e+01
  -1.88153114e+01 -4.44070015e+01 -7.10784531e+01  5.85247803e+01
   5.97237015e+01 -8.54920006e+00  3.07724495e+01 -4.25260086e+01
  -3.06922913e+01 -8.26496315e+00 -9.11405792e+01 -3.03844719e+01
  -4.15942802e+01  4.16619949e+01  3.59872780e+01  3.90731430e+01
   3.75793839e+01 -5.20355463e+00 -1.20790710e+01  8.20864105e+01
   8.55234375e+01 -1.19438686e+01 -1.57919607e+01  3.41416817e+01
   5.01157036e+01 -3.25893745e+01 -3.16594486e+01  6.57976532e+01
   3.60954452e+00 -6.70905304e+01 -3.18124199e+01  1.24264565e+01
  -6.91638184e+01  2.05089722e+01 -3.14670801e+00 -5.21282005e+01
   2.55184841e+01  9.50769138e+00  5.12025690e+00 -7.19313736e+01
  -7.56413193e+01  9.63937607e+01  1.50205975e+01 -7.79888077e+01
   2.53547058e+01 -6.28126945e+01  4.84662399e+01 -7.75251923e+01
   6.61947708e+01 -8.48294220e+01  5.25465012e+01  9.38693542e+01
   2.98198071e+01 -1.69266434e+01 -4.92489395e+01  7.48092957e+01
  -6.80908060e+00  4.54533386e+01 -5.84929466e+01  4.92205391e+01
  -9.25530624e+01  2.95095787e+01  3.20282707e+01 -3.77651711e+01]
 [ 6.83835831e+01 -3.76945839e+01  7.05510941e+01  6.14896965e+01
  -5.13793030e+01  3.90795784e+01 -7.30205307e+01  7.81479797e+01
   3.29131165e+01  2.55712357e+01  7.16743927e+01  5.12907791e+01
   7.62834597e+00 -6.01709404e+01 -3.89675560e+01  3.73993683e+01
   1.28783121e+01 -7.20544815e+01 -5.31433916e+00  2.39667950e+01
  -2.77236958e+01 -2.63359280e+01  8.80027103e+00  8.19820175e+01
  -8.98519363e+01 -7.14955368e+01 -7.30325546e+01  7.16715012e+01
   8.23084259e+00 -7.35036469e+01  6.91037216e+01  6.40911713e+01
   8.68150024e+01 -3.73067169e+01  1.04080515e+01  9.26245270e+01
   3.54070625e+01  3.86745110e+01 -9.22988586e+01 -8.95104370e+01
   5.83486137e+01 -7.61490784e+01 -3.52237473e+01 -4.06102142e+01
  -5.66278496e+01  8.63067474e+01 -3.43497047e+01  3.74779625e+01
   8.07149277e+01  3.67354012e+01  2.96244564e+01  5.50929451e+01
   1.64854603e+01  8.29139786e+01 -6.93859787e+01 -4.37731628e+01
   8.07893448e+01 -5.59339561e+01  2.32684879e+01 -4.84781761e+01
   2.04944363e+01 -2.33628807e+01 -5.61971359e+01 -7.08919220e+01
  -3.66429977e+01 -8.94208755e+01 -7.30014181e+00 -4.07736931e+01
  -7.99236679e+01  6.41493912e+01 -6.87947845e+01 -6.74270554e+01
  -3.58983727e+01  7.27815323e+01 -7.41884537e+01  1.24936199e+00
   6.98234406e+01 -5.88109512e+01  5.27235794e+01 -3.70519906e-01
  -9.64121933e+01  5.05749245e+01  4.96796799e+01  6.96947479e+01
   8.05175209e+00  8.96791000e+01  7.15899429e+01 -6.09034271e+01
  -8.13044434e+01 -2.80356941e+01  7.25237503e+01 -7.57786789e+01
   4.33150291e+01 -9.70057602e+01 -6.27830734e+01  4.28670273e+01
  -3.78424149e+01 -3.09047737e+01  5.59199257e+01 -7.06572495e+01]
 [-1.78178921e+01 -3.45729752e+01 -6.61851425e+01  1.89493294e+01
  -9.57017822e+01  2.75460911e+01  4.49044952e+01  5.27374535e+01
  -7.91235123e+01 -2.16611938e+01 -1.55891008e+01 -5.27102242e+01
  -4.03597641e+00  1.74091816e+01 -5.96777191e+01 -5.06907310e+01
  -9.88020630e+01  9.68580551e+01  8.64860153e+00  7.26682129e+01
   3.41894188e+01 -4.22047234e+00 -8.03297958e+01  2.82358017e+01
   2.80683937e+01  7.37366562e+01  2.57002316e+01  2.12107010e+01
  -1.78040142e+01 -7.91468658e+01  3.99357681e+01  7.22954941e+01
   6.50753555e+01 -1.37748260e+01  4.33510246e+01  2.05957489e+01
   4.97929726e+01 -2.28806763e+01  8.96690369e+01 -2.91385746e+01
   5.14659920e+01 -8.17347813e+00 -1.74136124e+01  6.00964127e+01
   8.10753937e+01  2.35602379e+01 -6.78789291e+01 -4.52889862e+01
  -1.17263832e+01 -3.74438210e+01  7.82728119e+01  6.22206535e+01
   9.74578552e+01 -7.10933387e-01  4.45725441e+00 -2.01508026e+01
  -6.57166519e+01 -8.39316177e+01  7.15030670e+01  7.45149088e+00
   4.78444481e+01  8.74283905e+01  3.73843193e+00 -4.90784912e+01
   1.43702784e+01 -7.63395844e+01  7.35496521e+01  1.06455898e+01
   7.05019302e+01 -5.90272064e+01 -2.90495663e+01 -2.77154694e+01
  -5.99844093e+01 -5.24143295e+01 -1.11285315e+01 -8.97524338e+01
   7.18472977e+01  6.16868496e+00  9.01047058e+01 -3.98724098e+01
   1.80887091e+00 -7.79006348e+01  6.80020981e+01  4.58728943e+01
   4.39941635e+01 -3.27655125e+00  1.25937634e+01  2.73891544e+01
   4.38927727e+01  6.93796387e+01 -6.71727800e+00  9.25490570e+01
   7.95038376e+01  2.57690964e+01 -1.94923153e+01  3.60217018e+01
  -9.12651901e+01 -1.31125653e+00  1.00054140e+01 -3.13801727e+01]
 [ 2.01955853e+01  8.41373978e+01  6.39804173e+00  4.85286560e+01
  -4.60126991e+01  1.76171017e+01  9.18659668e+01 -2.72100849e+01
   2.69988995e+01 -2.64674835e+01  1.43686790e+01 -5.38531113e+01
  -9.13973770e+01 -7.47286758e+01 -1.38636408e+01  6.55951157e+01
   1.99625435e+01  5.33893623e+01 -6.75625153e+01 -2.71567898e+01
   3.90997772e+01  5.30715408e+01  8.60203323e+01  9.09245453e+01
  -9.99096451e+01 -7.22342758e+01  4.41844635e+01 -2.92032480e-01
   8.81154442e+00 -4.33650932e+01 -5.74727678e+00 -3.94510460e+01
   8.22740555e+01 -7.26848679e+01  3.48596306e+01 -6.31571655e+01
   6.44819412e+01  3.02612991e+01  6.96759186e+01  6.53748932e+01
   6.01962051e+01 -1.80994644e+01  2.78464527e+01 -9.41265945e+01
   9.02365265e+01  5.70838928e+01  1.56294365e+01 -9.50664825e+01
  -2.01628418e+01  6.58124542e+01 -5.48978043e+01  6.63268051e+01
  -1.74869804e+01  5.70195618e+01  5.06279984e+01  3.59499397e+01
   8.02373276e+01 -8.31809006e+01 -3.23171806e+01  7.80825577e+01
   1.74082890e+01 -9.59479904e+01 -6.14990082e+01  9.66261005e+00
   4.51066246e+01 -7.05654755e+01 -8.75736237e+01 -6.13981361e+01
  -3.54914436e+01  5.49302750e+01  8.60464096e+00 -7.02898254e+01
  -9.67766342e+01 -4.59784241e+01 -2.82848263e+01 -4.79614487e+01
  -8.75019073e+01 -2.16408672e+01 -6.00074768e+01  4.62575836e+01
   4.32591476e+01 -6.51532135e+01 -2.47855968e+01 -6.37459297e+01
   6.86946335e+01  3.71828003e+01  5.14088478e+01  1.05156412e+01
  -4.67675552e+01 -7.97273407e+01  1.72502518e+01  5.48157082e+01
  -6.97556305e+01  3.21203346e+01  8.31348267e+01 -7.35354280e+00
   2.35628395e+01 -4.65765152e+01 -4.12887650e+01 -5.95172081e+01]]
これがrのしゃぺ (100, 100)
weight input to hidden [145.2721907  201.11300608 236.48522762 160.78947356 211.41578715
 173.62484559 238.6724934  215.31001041 192.39702218 212.14910286
 204.50765957 212.51397055 218.99599521 198.95294438 156.02606457
 197.36527451 194.82873671 247.84492251 176.15000711 192.30568425
 151.22950071 161.67928636 192.84784736 240.32883101 278.57558181
 203.06673354 224.19761257 162.85880108 146.04313613 248.39780363
 116.45165956 178.35591754 199.77995119 202.63294644 186.5265133
 183.81903543 109.3927912  197.87803628 209.78001143 201.47015759
 185.58825617 221.81397361 177.9305237  225.77775859 175.16277195
 163.93278043 261.37157052 243.14860184 207.82522604 161.9588094
 153.39746307  93.56887547 165.86009408 149.79391072 181.48867016
 207.84048453 215.62685074 229.28983024 120.85573352 236.56398286
 200.03352217 204.68286848 189.02885386 194.37062125 207.95508569
 244.51334662 208.98920455 215.58502777 212.01130929 165.81186075
 243.80564369 268.15742871 212.41064128 219.84832501 170.42212594
 223.3590847  271.67418597 225.06577834 195.40289925 160.51193103
 212.6539406  249.23804287 167.49236221 226.88431523 154.88621091
 188.65882962 225.05686974 222.47017408 229.25903498 229.48334112
 131.05807492 220.22757707 175.99602481 246.54483842 223.68405795
 168.62592859 263.1187936  200.47463402 184.99224206 247.61474406]
weight input to hidden [147.11613721 203.68654623 239.75679026 163.40572186 215.06181594
 178.28160295 241.96418047 219.57293494 195.80527234 216.05943507
 207.39369562 213.99489994 221.59875789 202.23505958 160.08337658
 199.85492581 196.96266521 252.04011698 179.16598905 195.07548373
 154.90778422 162.42408605 195.22765583 243.50892229 282.80999182
 205.83643128 228.37261137 165.6338901  149.93214029 253.04649918
 116.81316486 180.4191063  201.50300112 206.98142447 190.49194002
 184.91448502 108.41836482 200.07560453 210.40508376 204.69824011
 185.37691567 225.51963336 182.3417069  229.06269926 176.77120931
 166.42475363 265.52929286 248.38880125 212.4181676  161.07522474
 153.7368811   89.48938444 165.56031312 152.10187791 184.24267361
 210.65310177 214.75153452 233.23991514 122.86187366 238.95748733
 202.08247877 208.64020429 191.85283007 197.45215237 212.33393251
 249.8239185  210.96022795 221.14111828 215.21754368 167.22565571
 249.2019767  273.94291749 215.22129436 221.84627442 173.58495071
 228.03624466 276.14674639 227.57909156 197.11064324 163.35888298
 217.19266761 254.36262649 168.48777936 230.52020774 157.22634417
 191.70196027 229.02859356 226.25215925 234.56535638 233.67951829
 132.06313237 221.34067547 177.12517178 250.21813601 226.21538798
 169.51945907 267.80107937 204.13814615 187.88273339 253.15423688]
Mean Squared Error (MSE) between Z and Z_interp: 8.654329478107154e+20
di:データ値をもつ１次元配列 [9.1418204e+09 1.7794982e+10 2.9025454e+10 1.0141673e+10 1.8232310e+10
 3.4697792e+09 1.6671976e+10 1.6198304e+10 1.3484681e+10 1.7131497e+10
 2.2981581e+10 2.5450129e+10 2.2434793e+10 1.1828707e+10 3.8376102e+09
 1.7278319e+10 2.3018254e+10 2.2790799e+10 1.0305512e+10 1.5253405e+10
 9.7807350e+09 1.8959829e+10 1.1944858e+10 1.9812743e+10 2.7648211e+10
 1.5217800e+10 1.8535231e+10 1.2687286e+10 8.2644526e+09 2.3045956e+10
 8.9463265e+09 1.6861292e+10 2.0512104e+10 1.0280008e+10 9.2399299e+09
 2.2178796e+10 8.5796265e+09 2.0370008e+10 3.0801453e+10 1.8054119e+10
 2.1321861e+10 2.5051498e+10 8.1124685e+09 1.5496097e+10 9.2954399e+09
 1.1883142e+10 3.1568429e+10 1.3933237e+10 1.5768641e+10 2.8219023e+10
 1.4799155e+10 9.2912589e+09 2.5973801e+10 8.2426614e+09 1.2273150e+10
 2.3403033e+10 3.7605413e+10 1.5956465e+10 5.4410614e+09 2.9313843e+10
 2.2876240e+10 8.2822272e+09 1.4056416e+10 1.3358449e+10 1.0378295e+10
 1.3455153e+10 2.4215355e+10 4.8572196e+09 1.7359868e+10 1.1048157e+10
 1.6982754e+10 1.7410949e+10 1.3412807e+10 2.6390000e+10 1.1892034e+10
 1.3420986e+10 2.3215491e+10 2.5582928e+10 2.2799278e+10 1.2979651e+10
 1.5929556e+10 1.6090918e+10 1.7132816e+10 1.9609952e+10 7.0484741e+09
 1.6546789e+10 1.8469587e+10 2.2500696e+10 1.0216411e+10 1.3982288e+10
 1.1538638e+10 2.8931107e+10 1.6410241e+10 3.5217601e+10 2.0383128e+10
 2.0966590e+10 3.1520932e+10 1.6153230e+10 1.3177090e+10 1.4523994e+10]
episilon 122.89653547374495
hidden:これがノードにつく特徴量 [[ 2.17493935e+01 -3.57257271e+01  5.14138718e+01 -8.32899246e+01
   6.33493233e+00  2.38228607e+01  4.95558472e+01 -9.29499512e+01
   5.60036011e+01 -6.92512894e+01  8.49178982e+00  8.11088867e+01
  -1.22715187e+00  3.85887451e+01 -4.81289444e+01 -7.69339447e+01
  -2.45655937e+01 -5.11174736e+01  2.05145283e+01 -4.36004906e+01
  -4.65858889e+00  9.98072510e+01  7.32882538e+01 -7.97052765e+01
  -8.90081100e+01  7.19300156e+01  7.17923069e+00 -9.40317917e+01
  -3.82734394e+00  8.25083694e+01  7.24844360e+01 -3.11170444e+01
  -8.25596619e+01  6.68096542e+01 -8.15087128e+01  9.47170944e+01
   1.32184639e+01 -2.59707165e+01  2.41112652e+01  5.71873436e+01
   7.10660706e+01 -6.56918564e+01 -9.01914825e+01  1.30666933e+01
   3.11576881e+01 -1.99233036e+01  9.23408279e+01 -2.87693539e+01
   2.11269593e+00 -1.44409790e+01 -6.77999592e+00  6.58891907e+01
   6.97053680e+01  1.02243652e+01 -5.75796165e+01  9.51804657e+01
   7.48490906e+01  7.25529633e+01  6.22464371e+01 -8.28119659e+01
  -4.61642914e+01  4.97126465e+01  6.71084518e+01  8.35929871e+01
  -6.51956940e+01  4.96901989e+00  8.09338303e+01 -3.82113190e+01
   3.42892838e+01  5.31869431e+01  1.82520809e+01  1.12131367e+01
   4.52438278e+01 -6.40247498e+01  9.22648087e+01  4.73196106e+01
   2.52625275e+01 -6.04711609e+01 -4.16306992e+01  1.97866039e+01
  -8.09371109e+01  8.49871114e-02  6.43064499e+01 -6.83763657e+01
   2.24395142e+01  3.17870235e+01 -4.47613068e+01 -9.94931335e+01
  -4.07170582e+00  5.12397156e+01  8.31954269e+01 -7.79190369e+01
   5.11305923e+01 -7.06003010e-01  7.78591690e+01  6.07911224e+01
  -2.68545876e+01  4.79742355e+01 -4.81879158e+01  2.79801044e+01]
 [ 5.91385040e+01 -6.92128143e+01  9.32760086e+01 -5.61139717e+01
   3.78474464e+01 -5.47918739e+01 -6.35047569e+01 -3.88807678e+01
  -4.07043190e+01  2.60513306e+01  4.60562325e+01 -8.86266327e+01
  -2.86403751e+01 -4.85839195e+01  3.55937805e+01  3.23733864e+01
   9.03881454e+01 -5.15791740e+01  4.99322662e+01 -4.67569809e+01
  -3.99669933e+00 -8.07043686e+01  5.97509117e+01 -6.25954742e+01
   3.92111740e+01 -8.61590881e+01 -7.27829437e+01  5.64995232e+01
  -4.81911808e-01 -2.10739880e+01 -2.84569454e+01 -6.15006943e+01
  -3.23464661e+01 -4.54488945e+00  2.94187450e+01 -7.97783279e+01
   8.81859741e+01 -7.60461197e+01  9.23842163e+01 -9.77106705e+01
   5.03145752e+01 -9.87966385e+01  5.15091362e+01  9.45866394e+01
   4.70955238e+01 -3.65320015e+01 -7.08868942e+01 -1.42322350e+01
  -6.72624054e+01  9.91054306e+01  5.37478256e+01  4.04357719e+01
   6.87583542e+01 -1.41135063e+01  8.83332520e+01 -5.28629446e+00
   8.64459686e+01 -1.06853211e+00 -5.82149172e+00  8.43705826e+01
  -9.04104614e+01 -3.98967743e+01 -4.43400154e+01 -5.84628448e+01
   3.39912567e+01 -4.98689957e+01  1.41968851e+01  2.94504948e+01
   5.08883362e+01  7.51840668e+01  1.59539309e+01  1.26825838e+01
   5.63068619e+01  9.01625366e+01  4.49937286e+01 -2.96228085e+01
  -6.33073196e+01  6.69234314e+01 -2.41414146e+01  3.44697723e+01
   1.91593132e+01  3.49489141e+00  4.04975243e+01 -9.98823700e+01
  -3.40914383e+01 -3.44132309e+01 -8.90311127e+01 -4.08054466e+01
  -6.09615479e+01 -8.28195190e+01 -1.64944210e+01  6.25014000e+01
   2.41890373e+01  9.94592361e+01 -8.67742691e+01  9.15104446e+01
  -7.59327698e+01 -7.05536575e+01  6.47113800e+01 -2.20950069e+01]
 [-2.85581322e+01 -3.08329105e+01 -6.74694061e+01  2.50628910e+01
   3.18138695e+01  2.30955887e+01 -8.16200867e+01 -4.52333145e+01
  -3.20008736e+01  9.59580917e+01 -4.95139122e+01  7.50817184e+01
   7.50776062e+01  9.23161774e+01  9.20318222e+00  3.98862762e+01
   7.18379517e+01 -6.52033463e+01  4.18155060e+01  5.41683912e+00
   3.32424393e+01  5.77233925e+01 -3.71559868e+01 -1.48847809e+01
  -8.73935547e+01  1.20125046e+01  2.71435356e+01 -1.44994488e+01
  -5.64717445e+01  2.77810574e+01  1.16128950e+01  6.05237198e+01
   1.63626289e+01 -4.53548819e-01 -6.87480850e+01  5.39834938e+01
   5.35753288e+01  7.07379837e+01  7.88206558e+01  3.15511398e+01
  -8.74177246e+01  9.51411743e+01 -4.74447670e+01  6.99848480e+01
  -2.23709927e+01 -8.34923325e+01 -4.13474693e+01 -9.00584793e+01
   9.92442513e+00  9.95825882e+01 -5.11920776e+01  5.73304977e+01
  -8.61262283e+01 -6.63719788e+01 -4.88802147e+01 -8.87582397e+00
  -2.05017605e+01 -8.17549515e+01 -2.83759308e+01  8.68616333e+01
  -9.24723434e+01 -5.83522491e+01  6.77796173e+01  6.21620979e+01
  -6.48677979e+01  4.42204475e+01  9.81299362e+01 -4.58551102e+01
  -4.74196768e+00 -4.24413986e+01 -8.27859192e+01 -4.94426193e+01
  -6.69370651e+01  9.20877304e+01  4.38951683e+00 -1.50799599e+01
  -1.54377689e+01 -7.23090057e+01  9.55128784e+01 -1.92203102e+01
  -7.03914261e+01 -5.87133102e+01  9.94806442e+01  5.28271599e+01
   4.16205635e+01 -9.01178074e+00 -1.75409756e+01 -6.92772446e+01
  -6.36168823e+01  2.99716072e+01  1.09723263e+01  9.11723938e+01
   1.97081604e+01 -9.10782471e+01  9.05564308e+00 -8.39759636e+00
   9.03900070e+01 -1.12756901e+01 -3.24715271e+01 -6.04019661e+01]
 [ 3.70499992e+01  7.61498165e+00 -4.29907751e+00  1.15980935e+00
   5.52304306e+01 -5.91979027e+01 -7.25765610e+01 -2.47351861e+00
   8.55607376e+01 -3.33531380e+01 -7.41997223e+01 -5.48486252e+01
  -3.66583900e+01  6.59585648e+01  3.69763756e+01  9.87253036e+01
   5.10250511e+01 -8.91575317e+01  2.86022701e+01 -4.12410965e+01
  -9.83430634e+01  3.34555855e+01 -1.66217670e+01  7.03157883e+01
   5.93909607e+01  3.31485443e+01 -9.79811096e+01 -1.63529282e+01
  -4.41490412e+00  5.40581560e+00  7.01286240e+01 -2.59531403e+01
  -8.97712860e+01 -1.57089338e+01  3.37420425e+01 -2.43567390e+01
   3.86733131e+01  7.55438995e+01  4.28773832e+00 -1.93006516e+00
   5.80611801e+01 -8.99917030e+00  2.27780056e+01 -7.27481604e+00
   5.57282639e+01 -9.76119709e+00 -2.88190880e+01  7.67575550e+00
  -9.71060486e+01 -3.37782593e+01  2.51599865e+01  7.74199753e+01
   1.48837433e+01  4.74498482e+01  4.24329720e+01 -7.68214951e+01
   9.04442291e+01  7.21206589e+01  5.43034897e+01 -9.06554260e+01
   8.03902283e+01 -2.40874977e+01  9.58407288e+01  1.56334887e+01
  -5.61696129e+01 -4.14272728e+01  1.63257027e+01 -6.55593033e+01
  -6.05942383e+01 -5.35544739e+01 -8.18915634e+01 -8.70818787e+01
   5.25319176e+01 -5.72593536e+01  2.71234722e+01 -5.73148003e+01
  -6.34028511e+01 -8.09740906e+01 -1.82422581e+01 -6.40616715e-01
   5.72053432e+00 -9.00993576e+01 -3.26614952e+01 -3.60214996e+00
   1.73924618e+01  4.41442833e+01 -4.10710602e+01  3.90140305e+01
  -6.72080231e+01 -8.24079666e+01  7.61157074e+01 -3.96585007e+01
  -8.25204239e+01 -3.13038292e+01 -6.40317535e+01 -1.84858074e+01
  -6.00869608e+00  8.92223892e+01  8.34858551e+01 -9.48716202e+01]
 [ 5.62871132e+01  9.68500214e+01 -9.76283188e+01  7.26657410e+01
   5.19201736e+01 -4.49395981e+01  2.65821838e+01 -2.65805798e+01
   7.84511614e+00 -7.29193878e+01 -7.91296244e+00  5.85951157e+01
  -8.76369705e+01 -1.57178802e+01  1.58549843e+01 -7.27778549e+01
   5.75304151e-01 -1.74827194e+01  7.22858505e+01  8.40381622e+01
   1.63973446e+01  7.55559311e+01 -7.17994537e+01 -4.73411980e+01
  -8.66844101e+01 -1.81219139e+01 -1.51198597e+01 -2.60895939e+01
   9.15464096e+01 -7.96370087e+01  5.92676086e+01 -2.31074181e+01
   1.83554325e+01  5.47884140e+01 -2.95838718e+01  6.46680374e+01
   5.33968773e+01  9.79776764e+01  7.64149246e+01 -1.15172262e+01
   7.91886826e+01  6.83467712e+01 -1.07897844e+01 -6.33814011e+01
   3.26235085e+01  5.90850906e+01  7.55960541e+01  5.40109634e+00
  -3.88373756e+01  9.49239120e+01  7.69097595e+01  4.64355558e-01
   3.38059998e+01 -3.91087379e+01 -1.48126249e+01  3.83172989e+01
   7.59891968e+01  1.66292706e+01  6.46850491e+00 -8.89191666e+01
   7.44525909e+01  4.21095276e+00 -2.09043522e+01 -5.11783752e+01
  -8.34715576e+01 -2.58390236e+01  2.99266758e+01 -4.36147919e+01
  -3.58422165e+01 -4.04296112e+00 -6.51836319e+01 -8.82158432e+01
  -1.35239372e+01  8.65040970e+01  2.66673279e+01 -3.31334534e+01
  -8.96881409e+01  6.12668991e+01 -6.18022690e+01  9.70863190e+01
  -4.74299431e+01 -6.80454712e+01 -2.99937229e+01 -1.37204685e+01
  -3.57750549e+01 -8.12546921e+01 -9.19492111e+01  2.45413876e+01
  -3.52292023e+01  1.56255245e+01  2.46037483e+01 -6.49298477e+01
   5.43865242e+01 -9.60493927e+01  4.99758682e+01 -9.62900314e+01
  -9.14318542e+01 -8.96759415e+01 -9.43474960e+00  2.34044590e+01]
 [-8.11936111e+01 -2.81109734e+01  9.97643375e+00 -1.47970810e+01
  -9.16791840e+01 -4.05731010e+01  5.55784454e+01  1.70998230e+01
  -7.21593781e+01  3.32132950e+01  9.93523865e+01  9.50868073e+01
   9.03893051e+01 -5.14680634e+01 -1.82321873e+01  1.82794151e+01
  -7.59301376e+01  3.57862167e+01 -2.64414043e+01 -7.23331299e+01
   3.35128098e+01 -5.45065451e+00 -7.07008266e+00 -7.10637360e+01
  -3.15496502e+01  5.94986076e+01 -7.18990173e+01  5.95703468e+01
  -3.42087822e+01 -9.20028534e+01  5.93688679e+00  5.22852540e-01
   6.62002335e+01 -3.02339478e+01 -6.69364929e+01  1.62684937e+01
  -2.46091480e+01 -6.20044937e+01 -3.72820015e+01 -9.98937321e+00
  -8.10666046e+01  7.26912165e+00 -2.84517460e+01 -6.26727066e+01
  -6.92998962e+01  2.66334095e+01 -9.59725494e+01 -8.97490692e+01
   2.18178868e+00  1.94272003e+01  8.74323883e+01  2.25563984e+01
   9.00508881e+01  5.41840553e+01  6.56317902e+01 -9.02975388e+01
  -9.36747665e+01  5.10052025e-01  4.27061920e+01  3.60009384e+01
   3.28681221e+01  2.46794434e+01  1.18017273e+01 -8.48856735e+00
   4.99350433e+01  1.60154991e+01 -9.28018036e+01 -6.28257637e+01
   8.82715912e+01  7.38127136e+01 -7.61013947e+01 -6.45893173e+01
   9.36388550e+01 -5.14666748e+01 -5.83935165e+01  6.92433777e+01
  -8.35816727e+01  7.96284256e+01  8.53520737e+01  1.05120354e+01
   1.29170380e+01  2.43294296e+01 -6.62180099e+01  4.34053230e+01
  -8.06347122e+01  2.12102470e+01 -5.39097252e+01 -4.83910522e+01
  -2.89379425e+01 -6.13914986e+01  2.20528584e+01  5.99841576e+01
   8.75705032e+01 -4.20918427e+01  8.74228668e+01  7.49561768e+01
  -1.26221323e+01  1.36865501e+01 -8.36461105e+01 -6.72039108e+01]
 [ 3.04134350e+01  8.76663513e+01 -8.48575897e+01  1.48134155e+01
   1.35777493e+01 -4.06344948e+01 -7.25955582e+01 -7.73615646e+01
  -1.54749479e+01 -7.50319595e+01 -8.93208313e+01  3.14261131e+01
   9.03970795e+01  7.83998585e+00  6.12240067e+01 -3.85437469e+01
   4.41260910e+01 -6.28930664e+01 -8.98192139e+01  7.73249817e+01
  -2.65285897e+00  3.71103477e+01  5.47621613e+01 -7.98447800e+01
   6.43371887e+01  1.51333790e+01  5.50106583e+01  1.49428072e+01
   2.14456959e+01 -8.84819603e+00 -1.50259533e+01  9.91263123e+01
  -2.78977728e+00 -9.14445114e+01  2.19119663e+01  2.38538742e+01
  -1.88153114e+01 -4.44070015e+01 -7.10784531e+01  5.85247803e+01
   5.97237015e+01 -8.54920006e+00  3.07724495e+01 -4.25260086e+01
  -3.06922913e+01 -8.26496315e+00 -9.11405792e+01 -3.03844719e+01
  -4.15942802e+01  4.16619949e+01  3.59872780e+01  3.90731430e+01
   3.75793839e+01 -5.20355463e+00 -1.20790710e+01  8.20864105e+01
   8.55234375e+01 -1.19438686e+01 -1.57919607e+01  3.41416817e+01
   5.01157036e+01 -3.25893745e+01 -3.16594486e+01  6.57976532e+01
   3.60954452e+00 -6.70905304e+01 -3.18124199e+01  1.24264565e+01
  -6.91638184e+01  2.05089722e+01 -3.14670801e+00 -5.21282005e+01
   2.55184841e+01  9.50769138e+00  5.12025690e+00 -7.19313736e+01
  -7.56413193e+01  9.63937607e+01  1.50205975e+01 -7.79888077e+01
   2.53547058e+01 -6.28126945e+01  4.84662399e+01 -7.75251923e+01
   6.61947708e+01 -8.48294220e+01  5.25465012e+01  9.38693542e+01
   2.98198071e+01 -1.69266434e+01 -4.92489395e+01  7.48092957e+01
  -6.80908060e+00  4.54533386e+01 -5.84929466e+01  4.92205391e+01
  -9.25530624e+01  2.95095787e+01  3.20282707e+01 -3.77651711e+01]
 [ 6.83835831e+01 -3.76945839e+01  7.05510941e+01  6.14896965e+01
  -5.13793030e+01  3.90795784e+01 -7.30205307e+01  7.81479797e+01
   3.29131165e+01  2.55712357e+01  7.16743927e+01  5.12907791e+01
   7.62834597e+00 -6.01709404e+01 -3.89675560e+01  3.73993683e+01
   1.28783121e+01 -7.20544815e+01 -5.31433916e+00  2.39667950e+01
  -2.77236958e+01 -2.63359280e+01  8.80027103e+00  8.19820175e+01
  -8.98519363e+01 -7.14955368e+01 -7.30325546e+01  7.16715012e+01
   8.23084259e+00 -7.35036469e+01  6.91037216e+01  6.40911713e+01
   8.68150024e+01 -3.73067169e+01  1.04080515e+01  9.26245270e+01
   3.54070625e+01  3.86745110e+01 -9.22988586e+01 -8.95104370e+01
   5.83486137e+01 -7.61490784e+01 -3.52237473e+01 -4.06102142e+01
  -5.66278496e+01  8.63067474e+01 -3.43497047e+01  3.74779625e+01
   8.07149277e+01  3.67354012e+01  2.96244564e+01  5.50929451e+01
   1.64854603e+01  8.29139786e+01 -6.93859787e+01 -4.37731628e+01
   8.07893448e+01 -5.59339561e+01  2.32684879e+01 -4.84781761e+01
   2.04944363e+01 -2.33628807e+01 -5.61971359e+01 -7.08919220e+01
  -3.66429977e+01 -8.94208755e+01 -7.30014181e+00 -4.07736931e+01
  -7.99236679e+01  6.41493912e+01 -6.87947845e+01 -6.74270554e+01
  -3.58983727e+01  7.27815323e+01 -7.41884537e+01  1.24936199e+00
   6.98234406e+01 -5.88109512e+01  5.27235794e+01 -3.70519906e-01
  -9.64121933e+01  5.05749245e+01  4.96796799e+01  6.96947479e+01
   8.05175209e+00  8.96791000e+01  7.15899429e+01 -6.09034271e+01
  -8.13044434e+01 -2.80356941e+01  7.25237503e+01 -7.57786789e+01
   4.33150291e+01 -9.70057602e+01 -6.27830734e+01  4.28670273e+01
  -3.78424149e+01 -3.09047737e+01  5.59199257e+01 -7.06572495e+01]
 [-1.78178921e+01 -3.45729752e+01 -6.61851425e+01  1.89493294e+01
  -9.57017822e+01  2.75460911e+01  4.49044952e+01  5.27374535e+01
  -7.91235123e+01 -2.16611938e+01 -1.55891008e+01 -5.27102242e+01
  -4.03597641e+00  1.74091816e+01 -5.96777191e+01 -5.06907310e+01
  -9.88020630e+01  9.68580551e+01  8.64860153e+00  7.26682129e+01
   3.41894188e+01 -4.22047234e+00 -8.03297958e+01  2.82358017e+01
   2.80683937e+01  7.37366562e+01  2.57002316e+01  2.12107010e+01
  -1.78040142e+01 -7.91468658e+01  3.99357681e+01  7.22954941e+01
   6.50753555e+01 -1.37748260e+01  4.33510246e+01  2.05957489e+01
   4.97929726e+01 -2.28806763e+01  8.96690369e+01 -2.91385746e+01
   5.14659920e+01 -8.17347813e+00 -1.74136124e+01  6.00964127e+01
   8.10753937e+01  2.35602379e+01 -6.78789291e+01 -4.52889862e+01
  -1.17263832e+01 -3.74438210e+01  7.82728119e+01  6.22206535e+01
   9.74578552e+01 -7.10933387e-01  4.45725441e+00 -2.01508026e+01
  -6.57166519e+01 -8.39316177e+01  7.15030670e+01  7.45149088e+00
   4.78444481e+01  8.74283905e+01  3.73843193e+00 -4.90784912e+01
   1.43702784e+01 -7.63395844e+01  7.35496521e+01  1.06455898e+01
   7.05019302e+01 -5.90272064e+01 -2.90495663e+01 -2.77154694e+01
  -5.99844093e+01 -5.24143295e+01 -1.11285315e+01 -8.97524338e+01
   7.18472977e+01  6.16868496e+00  9.01047058e+01 -3.98724098e+01
   1.80887091e+00 -7.79006348e+01  6.80020981e+01  4.58728943e+01
   4.39941635e+01 -3.27655125e+00  1.25937634e+01  2.73891544e+01
   4.38927727e+01  6.93796387e+01 -6.71727800e+00  9.25490570e+01
   7.95038376e+01  2.57690964e+01 -1.94923153e+01  3.60217018e+01
  -9.12651901e+01 -1.31125653e+00  1.00054140e+01 -3.13801727e+01]
 [ 2.01955853e+01  8.41373978e+01  6.39804173e+00  4.85286560e+01
  -4.60126991e+01  1.76171017e+01  9.18659668e+01 -2.72100849e+01
   2.69988995e+01 -2.64674835e+01  1.43686790e+01 -5.38531113e+01
  -9.13973770e+01 -7.47286758e+01 -1.38636408e+01  6.55951157e+01
   1.99625435e+01  5.33893623e+01 -6.75625153e+01 -2.71567898e+01
   3.90997772e+01  5.30715408e+01  8.60203323e+01  9.09245453e+01
  -9.99096451e+01 -7.22342758e+01  4.41844635e+01 -2.92032480e-01
   8.81154442e+00 -4.33650932e+01 -5.74727678e+00 -3.94510460e+01
   8.22740555e+01 -7.26848679e+01  3.48596306e+01 -6.31571655e+01
   6.44819412e+01  3.02612991e+01  6.96759186e+01  6.53748932e+01
   6.01962051e+01 -1.80994644e+01  2.78464527e+01 -9.41265945e+01
   9.02365265e+01  5.70838928e+01  1.56294365e+01 -9.50664825e+01
  -2.01628418e+01  6.58124542e+01 -5.48978043e+01  6.63268051e+01
  -1.74869804e+01  5.70195618e+01  5.06279984e+01  3.59499397e+01
   8.02373276e+01 -8.31809006e+01 -3.23171806e+01  7.80825577e+01
   1.74082890e+01 -9.59479904e+01 -6.14990082e+01  9.66261005e+00
   4.51066246e+01 -7.05654755e+01 -8.75736237e+01 -6.13981361e+01
  -3.54914436e+01  5.49302750e+01  8.60464096e+00 -7.02898254e+01
  -9.67766342e+01 -4.59784241e+01 -2.82848263e+01 -4.79614487e+01
  -8.75019073e+01 -2.16408672e+01 -6.00074768e+01  4.62575836e+01
   4.32591476e+01 -6.51532135e+01 -2.47855968e+01 -6.37459297e+01
   6.86946335e+01  3.71828003e+01  5.14088478e+01  1.05156412e+01
  -4.67675552e+01 -7.97273407e+01  1.72502518e+01  5.48157082e+01
  -6.97556305e+01  3.21203346e+01  8.31348267e+01 -7.35354280e+00
   2.35628395e+01 -4.65765152e+01 -4.12887650e+01 -5.95172081e+01]]
nodes:weight for hidden to output
[-2.19390837e+10  9.39515529e+09  2.31319464e+10 -1.07325984e+10
  1.39462587e+10 -3.15278528e+10  3.51433040e+09  3.51011153e+09
 -1.85726678e+09  1.97901961e+09  1.49428494e+10  1.69562435e+10
  1.40719941e+10 -8.98190773e+09 -2.25312552e+10  9.72104817e+09
  1.68199357e+10  2.10427416e+10  6.89448446e+08  9.66367684e+09
 -1.74417216e+10  5.99947501e+09  2.91636849e+09  1.58731303e+10
  2.47066128e+10  9.40962851e+09  1.25390599e+10 -2.97801622e+08
 -8.26791682e+09  1.47587465e+10 -1.34207809e+09  2.34119843e+09
  1.82045776e+10 -8.92852481e+09 -4.32746228e+09  1.05615307e+10
 -9.74069534e+09  1.46717264e+10  3.04721355e+10  5.50063634e+09
  1.85850177e+10  1.90160438e+10 -1.28026917e+09  6.81736131e+09
 -6.75865918e+08  3.92328644e+09  2.82757492e+10  9.27001579e+09
  1.08684660e+10  2.22994244e+10 -1.32998612e+09  5.34653037e+09
  2.51904891e+10 -7.28023132e+09  4.06636433e+09  1.66544277e+10
  3.80394746e+10  1.00506608e+10 -1.99138909e+10  2.10755597e+10
  1.80499632e+10 -1.15188082e+09  6.64840641e+09 -3.45586681e+09
 -1.13863919e+10 -2.43370000e+09  2.01744386e+10 -2.02791304e+10
  9.83202440e+09 -3.18124272e+09  4.62956259e+08  1.39484695e+10
  5.76178228e+09  2.01482534e+10 -7.25398394e+09 -2.60661143e+09
  2.30435897e+10  2.36557439e+10  1.09570312e+10  4.90163670e+09
  2.17940366e+09  2.80040014e+09  8.88696958e+09  9.04024096e+09
 -5.48765227e+09  7.39233582e+09  1.77893089e+10  1.58170584e+10
 -3.77345331e+09  4.19159908e+09  6.70486849e+09  1.84203875e+10
  6.15498148e+09  3.31968546e+10  1.45937341e+10  1.06994088e+10
  2.75326911e+10  7.61038828e+09  1.31816021e+10  5.06206120e+09]