[[-0.12163089  2.94578223  4.31291573  0.93914877  1.11842032 -2.61392802]
 [ 0.9786607  -1.96920361  1.22194722 -4.26139289 -4.75827377  0.66980679]
 [-4.7900386  -0.35349533 -4.37234787  2.44176379  2.93406382 -2.96988403]
 [ 3.47105886  4.75680907  2.39823987  0.66303337  2.68259814  0.16287366]
 [-3.48768254  2.97467155  1.90400159  3.56859521 -3.85729916  2.86943343]
 [-0.46970229 -1.33012237  0.3078207  -4.66720412 -4.29599804  2.21592188]
 [-3.40278188  4.7969916  -0.23292087 -2.49886425 -4.50469171 -3.93395687]
 [ 0.86122976  2.63906711 -4.53202249  4.4432819  -3.13575602  3.16644775]
 [ 2.86809219 -4.25349782  1.48426734  0.87587086 -3.80364614  0.26003665]
 [ 2.04038027  3.68226375 -1.32460124 -2.1524233  -2.57907337 -4.31212945]
 [ 1.63478969 -1.91341319  3.03744975 -0.4360581   3.4879779   1.16977991]
 [ 2.54654753 -4.79636732  4.31651373 -1.06123528 -1.37026182 -0.93376627]
 [-2.59538694  0.81736783  0.54590437 -2.3393417  -1.7952349  -3.54175028]
 [-4.87728881  0.12660255 -3.2955325   0.76497085  0.48430233  3.13531923]
 [ 2.74582757  3.05023689  1.00879102  1.27848662 -2.24951119 -3.52198502]
 [ 0.23113877  1.87024851  3.89193281 -0.46845156 -3.87489597 -2.78242478]
 [-2.11747488  3.3407827  -2.68420121  1.53024393 -4.51786536  1.0682527 ]
 [ 3.77580153  1.0589247   0.13330893  1.6659307   2.70972075  3.37315256]
 [ 1.30980053  1.14931333 -1.13171317  4.91617333  0.87766741  2.06708436]
 [ 0.99933227 -3.29630859  1.90032281 -0.93721095 -3.0847325   4.61776396]]
