[[ 2.26527185  2.68309872 -4.19411944  3.17975648 -3.67791857  0.96162202]
 [-3.3095617   4.25842942 -2.1117794  -1.91951256 -1.2209243  -1.05923434]
 [ 4.35809248  3.74303997 -1.86492825  0.74459718  0.49827588  1.7834815 ]
 [ 3.21084849 -2.7834349   0.22977932  0.32517235  0.7985372   1.53204205]
 [-0.89918656  1.62830889 -4.89163733  0.15138114  4.14855896  1.03727699]
 [-1.64232102 -0.74773614 -4.11749484  1.0473683   1.15137542  1.69255378]
 [-0.18217132 -0.09931488  3.96219401  2.37507621 -2.29229447  3.43939992]
 [-4.39251627 -4.70226784  2.69677323 -1.76633537 -3.36985474  1.70286155]
 [ 3.37664029  2.1946976   4.67166598 -3.95528507  4.07352208 -0.67453254]
 [ 1.81630222  0.25938347 -0.05248726  1.00770722  2.48385386  2.06059872]
 [ 0.62606771 -3.71443655  2.50595539 -2.76547286 -1.53999576 -1.97438145]
 [-0.6030665   4.47014115  0.74479094  1.03924128  2.51949394 -4.59714266]
 [ 4.32188336 -2.04516061 -1.66072233  2.26093534 -2.84571764  4.29018809]
 [ 3.76465672  3.39667733 -2.20633792  1.59732897  2.83775872  1.96082094]
 [-0.71841813 -2.1255638   1.54276828  4.95697108 -3.54607862  1.74369796]
 [ 4.61672908  1.05596186 -3.1521182   1.83265625 -4.93082233 -3.92950458]
 [-4.80415384 -3.9112611  -0.14938317  4.5777925   2.83572384 -0.01038478]
 [ 4.17392501 -3.22157838  2.7326598  -0.55404192  3.67683302 -0.39842323]
 [-3.67342441 -4.62806326 -1.08905199  0.18304302  4.25773757  0.19902562]
 [ 4.25849338  2.7920407  -1.98145261 -1.52704822  4.37949333  2.4492617 ]]
