[[ 2.88453584e+00 -5.95538752e-01  2.01800432e+00  2.50199707e+00
  -6.35670536e-01  5.11580504e-01]
 [-4.12149285e+00 -2.38747412e+00  3.66512121e+00 -4.83843071e+00
   2.63395729e+00  4.82266079e+00]
 [-3.48033028e+00  3.85709264e+00  1.48588151e+00  4.86663536e+00
   2.14529487e+00 -2.49364081e+00]
 [ 1.15208308e-01  1.13115451e+00 -3.19783400e+00 -4.43992590e+00
   1.71877932e+00  5.10709550e-02]
 [ 4.67789139e+00 -2.73910433e+00  3.38946511e+00 -3.04284958e+00
  -4.33568867e+00  4.60407984e+00]
 [ 1.64374528e+00  1.79031537e+00  4.12660094e+00 -6.89182102e-01
  -4.98403908e+00  1.64202022e+00]
 [-1.08328896e+00 -4.28250486e+00  3.36116741e+00 -9.12529209e-01
   5.84842620e-01  4.14990912e+00]
 [-4.05500191e+00  3.41501679e+00 -4.98561269e+00  1.34999332e+00
   2.82781700e+00 -4.56614612e-01]
 [ 4.96872545e+00  2.96590204e+00  3.11248043e+00 -1.01077953e+00
   2.53462926e+00  2.68114259e+00]
 [-2.47069502e+00 -3.46683881e+00  2.23674999e+00 -3.30781947e+00
  -1.30539673e+00 -4.87007570e+00]
 [-1.06727819e+00 -3.17436031e+00 -2.85358465e+00  2.54235199e+00
   4.37435312e+00  3.43652527e+00]
 [-3.80036277e+00 -2.31169209e-01 -1.85487609e+00  2.17556091e+00
  -1.56243773e+00  4.86398557e+00]
 [ 4.59385855e+00  3.13219514e+00 -2.99931972e-03 -3.63495702e+00
  -4.80447381e-02 -2.66572328e+00]
 [ 3.69013165e+00  3.60269893e+00 -3.58639519e+00  1.56077654e+00
   7.90992132e-01 -7.47843973e-01]
 [ 6.70671363e-01 -7.12716583e-01  3.47434172e+00  1.55503144e+00
   9.46607470e-02 -8.89117443e-01]
 [-4.03819596e+00  4.17148648e+00  4.83107104e+00  4.23447344e-01
   3.06915302e+00 -4.08070948e+00]
 [ 9.99209768e-01 -4.34402310e+00  3.26042823e+00 -4.74112364e+00
   1.01137563e+00 -5.62612109e-02]
 [ 2.38792315e-01 -4.02434399e+00  6.70236590e-01 -6.29511507e-01
  -6.86164174e-02  6.67039574e-01]
 [-9.71249954e-03 -4.53650670e+00 -1.29199873e+00 -4.85665331e+00
  -1.30838582e+00 -8.03864017e-01]
 [-1.26629562e+00 -4.22262546e-01  5.10004026e-01  3.76044648e+00
   4.29227382e+00 -3.71276462e+00]]
