[[ 0.68932298  0.51020696 -1.54475378 -0.37829588 -0.36308646 -0.55455942]
 [ 0.46883241  2.25492678  1.07239187  2.69928726  3.20058659  3.1427875 ]
 [ 2.93642347  2.17538792  2.68668243 -4.90348971 -2.46030564  4.66187638]
 [-3.20686482 -0.34194413  0.92494295  3.93484122 -3.90594747  0.57909596]
 [-2.18634645  2.87296503  1.87844486 -4.82920629 -1.34146631  0.53717387]
 [ 0.21389944  4.28758626 -3.33330575 -1.88721339 -3.27027482  0.40056846]
 [-4.5359428   2.38661506  2.27538898  0.59081052  2.03394108 -3.55711862]
 [ 4.84100589  4.82328512 -2.22578897 -0.98732074  4.79482828  4.69440308]
 [-0.18962236  0.64689833  0.44269311 -2.50562887  2.77969046  4.0993915 ]
 [-1.26909464 -3.24986981 -0.21065518 -0.73403633  2.02794581 -1.73079609]
 [ 3.84136247  3.04592632 -1.64416144 -1.50450173 -3.28001543 -0.53416186]
 [-0.59708559  1.46490869  3.17343234 -3.09575685  0.85149332  2.83247037]
 [ 3.54062176 -1.22283131 -4.75871547 -3.64866727  4.27264182 -1.12390101]
 [ 4.53717483 -4.73347005  4.27104322  0.79843103  0.04333893 -1.66993135]
 [-0.17007727 -0.61879922 -4.27629648  3.44376625  0.01753327 -2.91117803]
 [-4.33905095  2.60417867  2.72578621 -1.18768063  4.48972111 -2.1088564 ]
 [-3.00490431 -1.52093417 -4.79737955 -3.38497646  1.53038026  1.43953001]
 [-4.22664285 -3.19253944  4.81121863  0.62527516 -3.1058985  -3.97442478]
 [ 3.57633197  4.87458599  3.62869994  2.52866587 -0.15465657 -1.26176837]
 [-3.40686675 -4.14168474  1.32639689  1.32193899  3.85769726 -4.82964918]
 [ 0.9063947   4.56244866  2.27797747 -4.59083772 -2.70703934  4.67966839]
 [ 0.58551099 -3.53155618  4.4854953  -2.0980913  -1.56286168  0.52004204]
 [-1.18255709  4.73126156  3.82979503  1.0606281  -1.03669636 -0.23971855]
 [-3.92831753  3.00026772 -3.59656101  0.6362218   1.06450094  1.00478754]
 [ 2.42088029  0.98685258 -4.7825892  -0.85128623 -0.04592208 -4.76742574]]
