[[-3.72778072  1.04448702 -1.04989189  4.29393931  2.0878613   4.18194001]
 [-4.47049087 -4.35816223 -1.12174033  3.791763    0.54635115 -2.6700445 ]
 [-0.45130549 -1.50846325 -3.6278568  -3.32309983 -2.87067013 -4.4852073 ]
 [ 0.16187984  4.86365032 -3.83551271  0.19814715  4.75755712  0.77046432]
 [-4.73810865 -2.18319881  2.96338754  1.19345096  1.63098473  3.21029839]
 [-1.27458178 -2.96950391 -2.87002817 -2.35429596 -0.76618567 -1.81072911]
 [-3.62614591 -4.86683029 -4.32181972 -3.68463863  3.98860438  1.66503937]
 [-0.6546943   2.31897064  2.46780945 -3.37081485 -3.25934809  3.11537646]
 [ 0.04147609  4.1132819   4.95318013 -3.22245985  3.30983378 -1.39978524]
 [-4.87295814  1.03605421 -2.00824964  0.77088745 -4.38663077 -2.68130798]
 [-1.97944439 -2.28701442 -2.58098612 -1.47152046  4.72267374 -2.93496366]
 [ 1.92821841 -3.69398328 -1.31224076  3.6375377  -0.82759719 -2.96928411]
 [ 1.44028854  0.71868178  0.26576124 -1.98270162  0.74003903 -2.72625363]
 [ 4.43684854  0.86099205 -1.0360023  -1.48756282  1.8096091  -2.66657446]
 [ 4.34560725 -2.28947566 -0.51421235 -2.9955676   0.73687671 -0.1953073 ]
 [ 2.162143   -0.69203711  0.79106029 -1.06180417  3.48430558  2.54372465]
 [ 4.50569755 -1.69104704  1.1240343   2.64825328 -0.811898    3.95631057]
 [ 3.62049253 -2.43300044  1.59069105  2.14807151  3.70423774 -1.7735219 ]
 [-0.43538454 -3.79492454  0.17749721  0.63559972  1.32584253  0.7567277 ]
 [-2.84752814  4.37687231 -0.47472486  3.07042254  4.16458559 -3.56049882]]
