[[-2.22045653 -2.71596394 -4.56080409 -4.38877532 -4.99473736 -2.1754643 ]
 [ 2.31783665  1.41300918  0.82805427 -4.28469968 -3.2624603  -2.79188625]
 [ 3.12037969  3.69765217  2.07830384 -1.55012734 -4.88190095  1.22748861]
 [ 2.65901908  4.43211719  0.90664043 -1.24606509 -4.89807535 -1.10594304]
 [-3.51973853  4.42059542  0.42913821 -1.23896429 -0.01279008 -3.76862297]
 [-3.9488298   3.9408535  -3.22046405 -3.50216149  2.49583644  0.99538978]
 [-3.65243922  3.38199995  1.62102592 -2.44669417 -0.14286097 -3.00934517]
 [ 0.83157683 -4.64828615  0.85851215 -3.61814134 -1.41955634  0.24483756]
 [-4.39264475 -3.50544183  4.37221492 -3.50370032 -2.96618135  1.01550248]
 [ 4.58961971  1.4953766   2.71548984 -4.54266833  2.04279237 -3.44593746]
 [ 4.57493917  4.49425476 -2.01364212 -1.91927995  2.97409491 -1.04165698]
 [ 3.05409663 -2.14254366  0.8875832   4.17964782 -4.76416721 -4.90977628]
 [ 4.13515043  3.43484116 -0.31512992 -4.42691501 -4.52270072  2.09565991]
 [-1.19574123 -2.12439799 -1.61127971 -2.345812   -4.24445293 -1.43861819]
 [ 0.29945614  1.21129179 -4.94577471  0.99817044 -2.93250078 -3.60863358]
 [ 0.25548465  2.9517018   0.42892649  2.65706011 -4.2285943  -0.7196024 ]
 [-2.71295424 -4.70048455 -0.62268981 -4.72962675 -3.54074655  0.54579256]
 [ 2.71454914 -3.13328366 -1.35985431 -2.86480527  3.671648    2.80476512]
 [-2.45383797  0.39931669 -4.56408364 -3.07120838  3.94170647 -2.2444854 ]
 [ 2.4999282  -4.68413052  4.50896531 -1.28036506  0.23704239  0.59314998]]
