[[ 0.13236266 -3.52520163 -0.42045976  4.32539527  1.0453057  -1.75797153]
 [-2.88071501  3.57229451  0.61006767 -2.29603324  3.77490922  1.08586299]
 [ 1.23334916  1.57085224 -0.89216152  4.14273092  0.6312331   3.69913308]
 [-0.03757301  1.8778967   4.90315541 -4.90001512  3.03527472 -3.78508458]
 [ 0.0783918   0.63513345 -0.70936182 -4.16595974  1.2600104  -1.23177501]
 [ 3.85034816  4.49714487  4.65614352 -2.66513215 -2.61283229  0.34113103]
 [ 3.68512246 -3.35233154  4.34316226  1.39701752 -1.39723873  0.40915908]
 [ 2.07706345 -4.86307965 -4.49431268  4.84545502  2.98106135  4.27694497]
 [-2.63031868 -4.78086122  0.55971782 -2.74768828 -4.961048   -3.01965936]
 [ 0.69882964 -3.56788437 -4.68455863 -4.24520292 -4.08481786 -0.26736734]
 [ 2.79965462 -1.07536784 -1.19422998 -0.92715263 -4.08245376  3.85091503]
 [-1.46930973 -3.77808282  1.37920597  2.40468534  1.62077046 -0.58667513]
 [ 0.16216033  3.8252122   2.85512398 -0.2970665   4.98544771 -2.139482  ]
 [ 1.54871167 -2.34713921  3.06616154 -4.445663   -3.07971869  2.87678404]
 [-0.34454261 -2.23258579  2.68372443  1.37562047  4.09904074  3.66219106]
 [-2.03873545 -0.98205394  4.63089945  1.01301204  0.02861022  4.12815928]
 [ 2.96510925  3.99308809 -4.55669563  4.93178415 -1.70760857 -1.37968196]
 [ 0.21670952  1.98206812 -1.9028494   1.7495548  -4.64444996 -1.20561275]
 [-1.18417915  2.13184117  3.82686448  4.32676779  3.46944838  1.38583693]
 [ 2.91269167 -4.89727736  1.75478631 -2.60212272  4.47406461 -2.62844437]]
