[[ 1.07429358 -3.99625461 -1.53192801  2.02409431 -1.68694776  0.04173901]
 [ 1.34880126 -1.64316405 -4.20892668 -0.77833204 -0.62255318 -3.58712346]
 [-0.01280047  3.12904419  3.32828242  1.42426967  3.29861646  0.72677652]
 [ 1.12294459  3.17525406  4.747337    2.11389913  4.63809956 -0.69537355]
 [ 1.85112732 -1.74386121  2.32889825 -3.13784952 -3.35365063  1.56322078]
 [ 1.23048607 -1.88965836  1.00868571 -0.81412028 -1.87949969  4.95957752]
 [-2.02756289 -1.60511359  4.25900405  1.72962072 -4.84597343 -2.08914276]
 [ 2.66877013 -1.70496193  3.10367293 -2.99041175  1.53973921  0.31657056]
 [ 1.76077742  4.30475313  2.0578782   0.65516855  2.66176126 -2.55843251]
 [ 1.46707167  0.45531043  4.53878954 -0.02984561  2.35406872  2.73607127]
 [-1.15759691 -4.60643992 -4.24639878  3.36829804 -4.25229344 -4.27461493]
 [-3.6370701   3.05155081 -3.69644759  1.67341032  4.76013331 -4.72049562]
 [ 4.19205084 -2.9875049  -0.46819288  2.5608889  -4.70270375 -4.12084882]
 [ 3.26177625 -0.43348653 -4.91448459 -0.99639331 -3.25448457 -3.58960971]
 [-2.68805168 -1.64985257 -3.5828496   1.98207895 -4.77899919 -1.11633169]
 [ 3.03924144  3.6063904   4.06465063  0.21063029 -3.31530695  0.61234248]
 [ 0.05623834  4.7811666   4.20295065  3.87187428  3.8589673   2.70828584]
 [-0.07912107 -2.95824955  2.28141094  3.63966302  4.94215021  2.93457098]
 [ 3.48743682 -3.52429085 -0.57296551  4.85153362 -2.75945262  0.8992176 ]
 [-2.73689079  3.65372947  3.53083924 -4.07356938  1.41985643 -2.64567254]
 [-2.50609795  2.66122051 -4.76743915 -1.00620792 -4.10191156 -3.54666889]
 [-1.61712357 -3.94614385  3.06280585  0.96320216 -4.00185254  0.66274095]
 [ 2.36976388  0.7678421   3.13896192 -1.12880205  2.62748595 -0.96937647]
 [ 2.06883619  3.01548477 -3.0998152   0.3116071  -0.59464082  4.63442039]
 [-3.71758562 -1.92160517 -3.7636099   0.18275185  3.38766279  0.09609544]
 [-2.60905667 -3.9167821   1.3689708  -1.06342577 -1.54369188 -1.03464908]
 [ 3.75392669  1.897342   -1.04680367  2.80229362  3.73942514 -1.84379682]
 [-4.10333133 -4.40063813  4.1126976  -0.67927495  1.27097427  2.07131572]
 [ 4.72501355 -1.9474034  -1.15341351  4.54343414  1.03528313 -4.59002286]
 [-2.33091186  2.81723221  2.02331783 -2.35243425 -3.03229758 -1.04154536]
 [ 0.00797157 -3.78803946 -3.85391292 -0.45525924 -2.89742055 -0.22896054]
 [ 2.39275556  1.02702588 -4.41495778 -2.34586958 -1.00259638  1.79399307]
 [ 2.24085327  3.9246875   4.84861605 -3.67605608 -4.6385252  -0.18102557]
 [ 0.32351471 -1.9297738   1.3252584   2.05966135 -0.09920801  4.1046198 ]
 [ 4.4410774   4.02761112  4.39302886  4.77320604 -1.24611952 -3.61499962]
 [ 1.65970981 -2.61337601 -4.72904902  1.79369392  1.95685476  3.6916098 ]
 [-3.68368439  0.35962339  4.29178174 -0.64031736 -2.46213328 -4.73944203]
 [-2.29599519 -1.89158572  0.54088274 -2.21938836  0.61355874 -1.21878502]
 [-0.11251208  3.3909848   0.94753004 -2.103005    3.2264878  -4.43412532]
 [-2.8390929   1.99184334  1.0750931   1.87566272 -0.09505373 -1.3423101 ]
 [-3.17441704  2.38843832  0.47488796  1.38207129 -3.4733378  -1.11137216]
 [-2.8582387   0.44002698 -1.98809428 -4.56754382  4.95494587 -3.31139697]
 [ 0.76719038  4.06912729  3.00156773 -4.05218141  4.43924624 -4.95831098]
 [-3.64591501  4.64618102  0.75325943  4.39934372 -1.60887601  4.65058975]
 [ 2.14554098 -3.64380696 -0.70090986  3.33137841  4.18030172  2.67892395]
 [-1.93231959 -4.01007144  1.86931107  3.27725569  0.22833702 -1.37581205]
 [-0.37482411  1.27713729 -1.29355706  3.46482399  3.22579871  1.15641578]
 [ 4.61540283  4.05349672  2.26783488 -4.63354875  2.2404959  -0.43390261]
 [ 4.65650328  2.59558919  2.05869643  1.07863663  1.04348674 -3.98349146]
 [-3.99148879 -2.01911466 -1.07873963 -1.07613215  4.94082491  0.84929253]
 [-3.8490019  -2.46698098 -1.00929148 -0.82577814 -2.25209106  0.40518614]
 [-4.43777218  0.75872931 -2.8358859  -0.61151217 -3.24647685 -3.82000286]
 [-0.58494156 -2.58649167 -3.47614765 -0.3053067  -1.8285359  -3.51718331]
 [ 3.43389309 -3.47161135  2.1759477  -2.98223725 -1.65662001  4.89604523]
 [-2.95634756  0.17002843 -0.29548407  4.15615576  1.60868325 -2.58566835]
 [-4.85290972  0.50856828  1.24979844  2.47645609 -3.70522699 -4.78804344]
 [ 1.21719768  1.6193734  -0.17661004 -0.99903541  3.25886928 -3.49761092]
 [-3.40577481  1.99618701 -2.02037497  3.76519099  4.64618305  3.04787256]
 [-4.62635972  4.25035024  0.21426104 -4.81552196  3.56249822  0.3660055 ]
 [-2.23029037 -4.64043136 -3.19138566 -1.74223272 -1.19918488  1.57476862]
 [-0.05834102  1.73709864  1.9399619  -4.57289007  4.69918811  4.25216389]
 [ 4.8267063   4.76359909 -2.96033972  2.26908861 -2.39507937 -4.83325256]
 [ 0.06295759 -3.96385853 -4.93100748  3.84710896 -0.52686053  0.78820195]
 [-2.59675334  3.96910755 -4.38438788  2.54347635  3.24138591  2.92670261]
 [ 2.65309821  0.99280331  2.61209565  4.99522506 -1.11787136  4.31377214]
 [-3.37827484  2.76731446  2.44468759  1.79991546 -3.43634446  1.41753884]
 [ 0.1359392   0.24070477 -4.93078564  4.3646382  -1.33358279  3.55002052]
 [ 2.9481162   2.68597735 -1.48057744  0.06074416  1.36235093 -0.64360373]
 [ 1.62526964 -1.1375165   4.5222433  -1.95630917 -0.27247587  3.79211762]
 [ 1.32385732  0.3331557  -4.75630068 -4.18919451 -3.57136727  2.73502163]
 [ 1.71622898  3.32619909 -1.728545   -0.09136305  4.68244027  1.83637523]
 [-4.59113549 -4.22424885 -2.40691683 -4.26558223  4.53829289 -4.5274724 ]
 [-1.89031733 -3.06896219  1.13082609 -1.20374097 -0.28537489  1.83591604]
 [ 0.08419852  4.72575857 -3.0027555  -2.30132807  1.03632743 -2.33597866]
 [-0.30698842  2.15906561 -4.65376249  3.96912417 -2.35925195  2.63078941]
 [ 1.01235615  0.72734231 -3.41754426 -3.92507496  3.26187776 -2.67394457]
 [ 1.21975465 -1.86417508 -2.03867011  4.97061492 -1.3029315  -1.05453931]
 [-0.77977036 -2.56143175 -1.24143248  4.11107635 -0.20222069  1.93276291]
 [-2.61146785  4.77845418 -2.8873838   1.73917212  3.5365092  -3.00110666]
 [ 3.56738885  1.76725529 -0.21559595  3.36353517 -1.45031487 -0.34925507]
 [ 4.23870046  0.13966482 -1.44103379 -2.02228955 -1.07746955 -1.67007206]
 [ 1.22737487  0.46127104 -3.152695   -4.10550721 -3.86674817 -3.03862834]
 [ 3.74435299  4.233993    3.32695645 -4.43122911  2.92557603  3.37695438]
 [-0.25873468 -2.67524307  0.16631527  1.36150394  3.14276708  1.10188509]
 [ 4.37502561  3.47528144 -2.99151502 -3.59248581  0.30121727  4.70966046]
 [ 4.14437951  2.79416113 -4.12008624  1.4913549  -0.37682328  0.05039406]
 [-2.08692324  1.2663091  -4.0373108  -0.84016491  3.80372961  0.64837209]
 [ 1.07320421  1.19515411  2.60260044 -3.63479333 -3.40593077 -2.72525641]
 [-0.82407174 -4.33066194 -0.96524289  0.80202752 -2.53517192  3.52407719]
 [-4.66164121  1.10802796 -3.99707553 -3.42515863  0.89660596  1.07904651]
 [ 4.97233191  4.7027868  -4.58449381 -4.35981627  4.35806201 -3.49040464]
 [ 4.07774501  4.92200409  0.26307453  4.20287703  1.59308908  2.96050765]
 [ 1.37284517  4.85471758 -0.65287212 -3.74050021  3.92513117 -1.52830489]
 [ 2.20465746  2.52266569 -0.69501615  2.97497595  3.42296882  4.48129588]
 [ 0.42690563 -2.46828641 -2.18213895  4.91299849  3.04061151 -1.78697272]
 [-3.81380491 -1.4478468   1.73755243 -1.50284772  3.44390778  0.41641178]
 [ 2.78133652  3.25780667  3.86358835  1.73834224  3.22032935 -1.76774032]
 [-2.45225282 -0.36587013  4.87988874  1.65787088 -4.37282639 -1.42709621]
 [-4.10726255 -1.21522556  3.40014118  0.83216786  2.25246566 -3.84765604]
 [-0.73001065  3.83650728 -1.79637912  2.78265627 -2.60061033 -0.97651506]]
