[[-0.71390049  3.89192471 -1.28661983 -0.79155532 -1.06120786  1.80592909]
 [ 0.02502209  0.71262213  2.83521172  3.17142213 -1.60031679 -2.31309293]
 [ 4.54160926  1.16321054  4.727392   -1.16310751 -4.51161899 -4.43406714]
 [ 2.94731408  4.49610485  3.48744205 -0.21834911 -4.37151224 -2.40420691]
 [ 1.1574796   1.85129144  1.82801221 -4.65207629  3.68278753  2.80688314]
 [ 1.42176836  0.8105197  -2.65200106  4.96014925 -0.44670845  2.39765156]
 [ 1.4167475  -4.33653781 -4.61479992 -0.59931274 -4.93720206  3.29960057]
 [-0.40341811 -2.94869424 -0.10802106  1.92409573 -1.58435587 -1.17820227]
 [ 4.48556132  0.40809736  1.66325242 -3.33170981  3.965342    2.61058666]
 [ 0.4384061  -2.89211139 -3.27310435  1.98222602 -3.82279498 -2.61347518]
 [ 3.57042194  0.68594322 -2.28862984 -4.32518719  2.76314315  3.46176175]
 [-3.05760349 -1.38971431  3.38700928  3.44559299  2.73753906  0.96474747]
 [ 3.87202227 -0.37991583  4.90257563  3.37364758 -2.65855728  4.41726539]
 [-2.1308867  -3.78837706 -2.5514446  -0.21047643  4.84146856  0.6729152 ]
 [ 0.73242454 -4.95484193 -2.91779438 -2.01203839  4.10697944 -0.68555279]
 [ 2.18748594 -2.50803725  4.42581179 -2.91913097 -3.8282263  -4.34543115]
 [ 2.92991171 -2.11686398 -0.60450007  1.88924539  4.57829911  3.26218565]
 [-2.81112443 -4.53282902 -3.62665273  4.60330139 -4.46989233  4.94877645]
 [ 2.20887454 -4.08915979  0.61380838 -2.18606577  1.94989684 -0.44357111]
 [-1.7022564  -3.06966756  1.86745067 -4.73788284 -3.35205766  0.43131142]
 [ 1.57225303 -3.27225725  4.98055882 -3.90253439 -0.88863724 -0.29080867]
 [ 0.9464031   2.30640887  2.15088648 -3.58358271  2.45819854 -1.03299403]
 [-2.67059797 -1.27444131 -4.51664015  4.77283373  2.04255381 -0.96999681]
 [ 0.37561931  1.78097756  0.75096092  0.63862744  3.76408743 -1.54018368]
 [-2.55024695  3.7560066   2.11077269 -3.20024438  4.90346269  1.90091432]
 [-3.18374489  1.59467998 -1.83757181  3.86129345 -3.45424142  2.89918321]
 [-4.32464963  4.78765164  2.69058511 -1.33899481  3.57542712  0.52672503]
 [-2.6545944   4.79095734  2.89521107  1.91076356  0.86770746 -3.74577114]
 [-3.29487165  1.12289783  1.65819985 -0.45187852 -4.25911285  2.45230985]
 [-1.7642958  -0.18599985 -0.46818629  4.04308371 -0.76270789 -2.71475776]
 [ 2.45698998 -1.21315584  4.17427082  1.8055414  -3.70190852  1.47648405]
 [ 4.12168189 -2.64341124 -1.38964723 -2.98038788 -3.78361519  2.03134212]
 [ 1.81409592  0.73755101  2.76414143 -0.91729497 -3.38850105 -3.13009738]
 [-1.74041612  4.54242579 -1.8478198  -0.17654742 -3.20135924 -3.38957408]
 [-2.4723005  -1.87171947  4.19260317  0.4513061  -3.80785147  4.07606549]
 [-2.1125646   4.13605096  3.4645725  -2.80010538 -4.56734626 -3.23953583]
 [ 2.67460861  0.38653427  1.46705293  1.56115614  3.80563921 -0.39628827]
 [ 3.76956448 -3.46407653  1.60257462 -3.02700333  0.59950294 -0.54434871]
 [-2.23719642 -4.84919595 -4.66433897 -0.51439061 -2.63293657 -2.63523259]
 [-3.23389431 -4.46635076  3.39326682 -2.85156445  3.29532488 -4.75705597]
 [ 2.36772379  1.95581683  1.76944749 -4.97905652  3.91083011 -3.14837645]
 [ 2.6110547   4.72045877  4.85518504 -4.44491652 -3.72195478  3.05355036]
 [ 1.2982869  -1.93687767 -1.68111789 -1.56201082 -3.88755769  4.85372374]
 [ 2.02328798  4.2290368   4.63687666  3.45421086 -4.61894017  2.44217232]
 [ 0.91596767 -2.53893778 -3.89158207 -1.99578109  0.88753398 -0.69326758]
 [ 2.15486205  1.45542036 -4.29268647  1.54366778  0.93699133 -3.59644372]
 [-1.14580615 -4.7786161   2.77858034 -2.58190053 -0.97381997  3.18058835]
 [-0.75412333  0.15949676  4.59412935  4.57717946  3.36960483  1.80988004]
 [-4.5900898  -1.95401706  0.10764475  3.57941448  3.0782749  -1.62684776]
 [ 2.38537487 -1.9029106  -1.47857489  1.24430914  1.11501718 -4.37684605]
 [-1.23232202 -4.90200959  0.74884643  4.71837429  0.62619098 -3.64844775]
 [-0.43576282  3.53978149 -1.7404667   2.87177854  2.44823814  2.02611512]
 [ 3.68663032 -1.71475602 -4.15477631 -4.06436182  0.97744181  3.74931705]
 [ 2.33913768  1.65604153 -4.20326576  3.15537555 -0.5533564   0.46625965]
 [ 1.07845788  4.68730508 -2.09648159  1.3244516   4.12969283  0.39084384]
 [ 0.10480574  0.71779807 -1.38149962 -1.6055162  -3.8651007   3.14598762]
 [ 0.12208455 -0.55517337 -0.27929645 -4.78443346  0.88058623 -2.78634549]
 [ 4.12459161 -4.60174939  2.49279814  3.16230196 -4.22275717 -3.24960182]
 [ 1.58334999  4.30688393 -4.47423522 -3.47903071  0.74917839 -3.85844914]
 [ 4.08214656 -1.02136095 -4.70353439 -4.19639608 -3.21605415 -0.3730513 ]
 [-2.21046145 -2.83213738 -0.3090367   2.00545105  1.69573111 -3.31166731]
 [-2.981835   -0.38335562  1.93967661  4.36191019 -1.80399976  1.54985272]
 [ 0.6090609  -3.41689158 -0.19053687  2.91062794  1.51751542 -0.61076566]
 [-0.04342832 -0.43732914  4.67168358  1.69458716  1.00379476 -3.17649614]
 [-3.59608503  1.59058321 -3.48756762 -3.34766727  4.69574853  0.30997495]
 [-2.47408365 -3.67000221  2.30976569  0.63100961  3.65040063 -2.77058054]
 [-2.84817403 -0.33820706 -1.61591791 -1.83038688 -2.22638813 -2.68155753]
 [-3.43846778 -3.00615342  4.32252022  2.05052658 -4.36869549 -1.40415174]
 [-1.3707888   3.17234651  3.30599848 -2.44241009 -0.33753249 -2.94542739]
 [-0.92792663  1.72125995  3.18055278  0.27557148 -3.19682208  3.85759963]
 [-4.9798232   3.52747628  4.30538165  3.63201027 -4.5789725   0.08118647]
 [-4.14677848 -3.3077399  -4.32699315 -3.57028708  2.32381314  0.72676598]
 [ 2.21127043 -1.07120786 -3.95078801  3.50352166  1.05056256  4.99750906]
 [ 0.53196297  0.06192115 -1.8746764  -1.76316643  0.90624234 -4.7713811 ]
 [ 2.08934669 -0.47507597  3.51092661 -2.40781126 -4.67479907  4.1471408 ]
 [-2.4481356  -2.44874007  4.07113206 -4.96094941 -3.03916092  4.17367533]
 [ 1.27783252  4.54172803  1.20227877 -0.33966696  3.61187534  0.05352519]
 [ 3.50059702  4.12436732  1.95193634 -1.11235453  2.04182715  2.15994588]
 [ 3.58044887 -2.42417077 -0.29776535 -2.73774072  2.93853612  3.13911532]
 [ 2.30205069 -2.84119775 -3.54738282 -2.47884065 -0.88460276  4.29532725]
 [-2.19539867 -1.63698578 -1.35833632 -1.10899348 -3.62948467 -3.59731194]
 [-2.22175575 -2.59722117  0.65891776 -2.3797046  -3.23433257 -3.86358486]
 [-4.6922197   2.53052374 -1.96345199 -4.63915314  3.9632136  -4.73126893]
 [-3.51492128 -4.25700241  3.69297056 -2.76318698 -0.76408266 -4.5527623 ]
 [ 4.35071666 -1.26538825  0.58891033 -1.41834649  0.76052524  2.73916834]
 [-1.29609128 -2.1122669   2.27953791 -1.76966235 -2.48990431 -1.9128993 ]
 [ 3.85090876 -4.64194771 -2.56620921 -3.90290528  1.6614195  -4.56743635]
 [ 4.13520729  0.32318561  0.2769017  -4.1320476   1.61173094  3.57758401]
 [ 0.82540595  4.93067965 -4.49190634 -0.87383609 -2.84175486 -2.09147608]
 [ 4.07350913 -2.27337407  0.83360793  1.76215336 -1.61572846  3.37907891]
 [-1.21944393  2.76290841  3.83855069 -3.5918678   1.17210187  1.44564754]
 [-3.79414803 -4.46175533 -3.20544274 -2.08157588 -2.27956915 -2.06234051]
 [-1.11022515  3.73162967  4.46536007 -0.80303148  0.27246492 -2.55628546]
 [ 1.53624134  3.70907498  2.08203802  0.54914028  0.35686365 -0.84909864]
 [-2.53585922  4.55316599  4.78442446  2.50504071 -1.02827541 -0.15474689]
 [-0.10318468 -1.40731656 -3.40603569  1.28098342  4.44125794  0.35867376]
 [-2.29537407  0.67615447 -3.29127574 -1.43874998  2.56011364 -0.67812695]
 [-1.2893146  -1.37473951 -2.85059838  2.19225343  3.6963136   0.85221691]
 [ 4.19600538 -3.26699812 -2.81835793  3.22456968 -1.56258393  2.45533422]
 [-1.55267591 -4.59525001 -0.29862019  4.23235564 -3.84362337 -3.45919594]]
