[[1.00000000e+00 1.30762394e-59 5.35791356e-61 2.25659468e-54
  1.69728924e-57 3.24714830e-52 1.00000000e+00]
 [1.30762394e-59 1.00000000e+00 4.33074436e-55 4.79675005e-54
  5.74506851e-57 5.40405795e-52 1.00000000e+00]
 [5.35791356e-61 4.33074436e-55 1.00000000e+00 3.55521673e-54
  1.32514975e-57 2.48789513e-60 1.00000000e+00]
 [2.25659468e-54 4.79675005e-54 3.55521673e-54 1.00000000e+00
  1.48353663e-50 1.30308646e-63 1.00000000e+00]
 [1.69728924e-57 5.74506851e-57 1.32514975e-57 1.48353663e-50
  1.00000000e+00 1.53357194e-61 1.00000000e+00]
 [3.24714830e-52 5.40405795e-52 2.48789513e-60 1.30308646e-63
  1.53357194e-61 1.00000000e+00 1.00000000e+00]
 [1.00000000e+00 1.00000000e+00 1.00000000e+00 1.00000000e+00
  1.00000000e+00 1.00000000e+00 0.00000000e+00]]
