1inputのノード特徴量 [[ 42.26414    48.11114   -75.75733    26.431103   89.34467    -5.9898777
   34.094498   22.330383   -4.5041747  94.28438  ]
 [-41.737637  -60.10055   -63.04599    36.20104    -9.33126    65.42451
   -8.775132  -51.10205    95.270226   38.62512  ]
 [ 61.685555  -37.036514  -34.80396     8.202539  -88.86595   -26.056711
   26.04112    59.083523  -55.57401   -83.06667  ]
 [-85.30455   -19.976725  -83.68976    47.536312  -62.93203   -71.83978
   63.17817     7.1747627 -48.982445  -46.243923 ]
 [ 90.34952    86.121475    7.8628697 -13.445242  -53.693794  -42.494595
  -28.841389  -61.747402   -7.081557  -44.452576 ]
 [ 41.214478   60.519867  -38.114002   93.383286   -5.538646   -1.5989004
   94.085815  -25.022036  -44.59922   -69.993866 ]
 [ 95.28155   -74.22009   -97.19404     4.7365746 -79.65401   -14.454155
   97.034454   55.87045    12.423296  -32.068665 ]
 [-24.145123  -44.065105   15.136441  -63.076897  -33.3402     44.631893
  -30.552101  -88.18617    56.002193   47.24123  ]
 [ 71.119865  -21.136755  -25.680296  -14.138998  -91.78127   -29.206152
   73.931755   34.00951    13.662484  -86.895355 ]
 [-56.564518  -76.99265    44.776333  -80.83013   -43.70867   -60.484104
   82.10035    93.64439     2.366735  -69.86089  ]
 [ 51.546474   20.652607  -40.39904   -52.361736   82.47253    14.380947
   -1.8301677 -91.90414    73.963524  -73.25721  ]
 [ 82.746086   14.878678   83.338326   96.23607   -59.862953   83.28945
   60.28198   -62.52356   -70.536995  -48.963413 ]
 [ 10.901947   74.14404    13.738278  -65.46704   -33.548462   29.940445
  -30.714031   23.413507  -66.86314    -2.2725427]
 [-68.900505  -66.996574    1.3068794  74.706635  -21.049833  -97.608696
  -89.28988   -50.46447   -69.588104   -4.327964 ]
 [ 41.48453   -58.036144  -99.01112   -72.72152    44.682213   78.161255
  -41.18316   -41.679203  -14.5926695  39.526382 ]
 [ 35.027725  -96.30282   -61.745903   -1.9896386  79.95874   -58.03146
  -91.51702    76.84561    39.11224   -14.688165 ]
 [-85.78254     7.5995336  28.28209   -58.299362  -82.9926     66.923065
   41.85408    22.159994   93.37833   -97.18101  ]
 [ 19.81528   -67.42916     8.2227335 -62.290672   27.475655   -3.4267516
  -94.42679   -88.94019   -87.28421    11.515547 ]
 [ 86.626686  -61.065323  -96.16383    -0.2422707  -8.656846   68.50828
   -4.159451   14.6803875  36.189      78.201805 ]
 [ 26.200369  -50.274002  -97.57522   -21.707575  -25.264402   -1.931077
   28.302504  -69.61225   -64.278534    8.842914 ]
 [ 64.78067   -74.76722    30.884184   78.505585    2.3677235   3.6446018
  -72.9869    -61.573753  -16.765003  -88.38832  ]
 [ 41.7131    -90.668564   15.150113  -62.182777  -59.149323   53.024014
   99.70532    24.724258  -82.01792    79.64425  ]
 [ 92.270874    3.9257174 -58.679073  -28.861609  -19.816244  -57.890427
   69.294304  -59.768353  -86.95637    28.19633  ]
 [-47.629265   75.4619     26.2752    -72.11666    82.13481    -2.1204402
  -15.287939   48.78592    31.000977  -86.319786 ]
 [ 21.808037   89.90838   -99.420334   63.01968    58.249714   53.258278
  -11.935391   14.389065   -3.8939457 -21.528574 ]
 [-92.34908    26.97901   -79.58195    65.13988    50.559933   91.036736
   53.501316  -81.72254    88.52098    66.84836  ]
 [ 46.071594   -7.34772    88.366135  -97.55089   -36.751213   12.55825
  -63.64701    99.87322    98.54813    52.172077 ]
 [ 94.498146   -1.0816001 -67.58894     7.942239   35.987522  -96.53777
  -61.588577  -22.084448  -46.84924   -48.53797  ]
 [ 38.15083   -32.077366  -15.506273  -92.11728   -59.343124  -87.82948
   -9.868819   91.50029    17.311275  -86.30214  ]
 [ 62.835537   35.73505   -18.900585   36.227528    7.1140056  58.354164
   94.07693    50.113934  -43.95783    42.642925 ]]
2inputのノード特徴量 [1.0711614e+10 1.4043529e+10 1.0443514e+10 1.7137596e+10 1.4751440e+10
 1.7787281e+10 3.4211942e+10 9.5712481e+09 1.2950730e+10 2.3067554e+10
 1.6403009e+10 2.9478109e+10 7.2086318e+09 2.6218375e+10 1.8784276e+10
 2.6271754e+10 2.1399183e+10 2.3918137e+10 1.8100097e+10 1.4101843e+10
 1.3155391e+10 2.4841062e+10 1.8995606e+10 1.1590944e+10 1.9821201e+10
 3.1612887e+10 3.6659864e+10 2.1038164e+10 2.1907196e+10 1.1730521e+10]
(30,) (30,) (30,)
2次元目ガウス過程にいれたとき [  0.         136.9893029   87.33449796 144.60196562  61.29428153
  12.45304252 133.32582719 113.60744139  75.0194905  159.43043357
  28.98504469  52.3754185   40.75903815 160.02301317 106.15014838
 144.59515004 134.30243009 117.70094636 117.845389    99.68791901
 124.92431958 138.78079903  66.73098995  93.96216456  46.53451683
 136.26183277  55.58940548  71.75177398  80.29393502  24.00728966]
-1.7676767676767677 -5.0 6608.704421705852
outputのノードの特徴量：出力の値 7442470003.187974
Mean Squared Error (MSE) between Z and Z_interp: 5.800442365779289e+19
nodes:hidden to ouput wight 
[ 7.79019780e+10 -1.43256969e+10  5.54649381e+10  1.72770186e+10
  1.51340552e+10 -1.67546290e+10  7.07426271e+10  1.30125308e+10
 -9.67152741e+10  1.54416297e+10 -5.43646961e+10  3.98071067e+11
 -2.84464448e+10  1.76078447e+10  1.57604582e+10  1.52141216e+10
 -1.54299117e+10  2.84359155e+10 -4.22227175e+10 -2.95151806e+10
 -1.84135066e+10  4.33680651e+09 -1.03570989e+12  1.17289760e+10
  3.57777491e+10  3.96037813e+10  7.44545525e+10  7.92161627e+11
 -1.38694059e+10 -8.95532316e+10]