[[ 1.34270642 -0.54610343 -1.20674354  3.98328845 -3.72940476  3.98195984]
 [ 1.32093469 -2.75693759 -0.91384444  0.25380519  1.07276156 -1.77289811]
 [-3.03976463  4.20013368 -3.51330922 -0.78868125 -3.89935638 -2.55561976]
 [-1.87778197  4.13631739  1.31677156 -1.33073379 -3.16753251  0.31633354]
 [ 1.2077957   0.85604881 -0.58046036 -4.14629855 -1.78352534  3.77183834]
 [ 1.89942746  1.44413186 -2.12857927  0.56805285 -2.63549054  2.45880314]
 [ 2.6314453  -0.01397121  1.77844749  0.48027998  2.233041    2.53595648]
 [ 0.4831522  -3.50671991 -4.47682648  3.0111955   4.22169805 -4.63601405]
 [-4.00178862 -4.31926878  2.32999503  4.44062547  1.80930335  1.8569825 ]
 [-2.60839049 -3.82549678 -0.84943246 -3.78540946 -0.54553385 -2.24427651]
 [-1.59050328  3.51456921 -0.06396032 -0.32230129  3.52142874  1.63844391]
 [ 0.50858244  0.60591199  1.68512532  2.0899625   0.47912614  1.52435214]
 [-4.47921614 -2.00152334  2.94362473  1.06305159 -3.20231376  1.69227382]
 [ 0.58893091 -0.36068871  1.39276598 -1.7686358   0.11997659 -3.97769911]
 [-4.44184735 -0.54736157 -0.02049164  4.74336661  1.06613208  2.4954501 ]
 [ 2.68841715 -2.15277788 -4.69553201  2.71448916 -1.24223586 -3.50293637]
 [-1.69915012  1.82078839  3.94627984  2.41598979  4.27412105  3.11707922]
 [ 1.15966551 -2.40084773 -4.2676258   3.59006177 -3.54356003 -3.61459306]
 [ 3.57617863 -0.41124107 -2.8125359   0.95253262  4.15574188  0.77349515]
 [-2.41215823 -2.35041116 -2.54643926 -1.34574982  2.66908389 -4.00827994]]
