[[1.00000000e+00 1.61299229e-53 2.63493722e-12 8.46137874e-53
  1.26205869e-50 3.27514613e-23 4.82718202e-49 1.01637078e-28
  4.05057609e-30 5.53070289e-42 5.33451801e-46 6.88584589e-08
  4.30669788e-29 1.96379215e-71 5.15618254e-16 8.04579356e-45
  2.37021009e-57 2.86498834e-52 6.99365295e-13 7.11313516e-12
  1.00000000e+00]
 [1.61299229e-53 1.00000000e+00 1.88923133e-36 2.89106699e-68
  2.12806008e-33 9.09854266e-27 2.57829163e-54 4.17480867e-31
  1.59272200e-27 2.59725159e-09 3.79267427e-38 8.59334732e-36
  9.43564477e-44 1.57473747e-25 1.28467635e-29 2.61925835e-39
  2.67960843e-45 2.52551177e-31 1.13879721e-49 2.77014998e-41
  1.00000000e+00]
 [2.63493722e-12 1.88923133e-36 1.00000000e+00 1.09516704e-29
  5.77488487e-46 5.76619081e-35 9.66424175e-16 5.19573870e-17
  2.89374909e-19 1.39594540e-32 1.84090615e-19 9.05322756e-09
  4.64914472e-23 1.03382459e-39 4.32936176e-14 7.74559927e-24
  1.06131882e-44 8.32177952e-50 9.31635005e-13 5.28669611e-16
  1.00000000e+00]
 [8.46137874e-53 2.89106699e-68 1.09516704e-29 1.00000000e+00
  3.59918014e-67 2.05214511e-67 4.82369316e-22 1.34617448e-23
  1.74572318e-48 1.34829814e-66 6.25163018e-30 9.15297390e-35
  2.53392118e-82 2.60771623e-46 2.61611267e-25 3.42570565e-67
  2.94505348e-31 2.62160776e-43 3.04021783e-42 9.18866487e-30
  1.00000000e+00]
 [1.26205869e-50 2.12806008e-33 5.77488487e-46 3.59918014e-67
  1.00000000e+00 2.46934048e-17 5.10998635e-63 2.47162243e-21
  1.71920275e-12 6.88694308e-39 4.58450938e-48 4.74161294e-42
  9.22271186e-39 3.60086089e-27 6.05854761e-26 8.00899759e-71
  3.64814311e-16 1.31395691e-25 1.52838467e-29 4.14977360e-53
  1.00000000e+00]
 [3.27514613e-23 9.09854266e-27 5.76619081e-35 2.05214511e-67
  2.46934048e-17 1.00000000e+00 9.88008497e-71 3.89980740e-22
  3.52027372e-24 7.91652053e-24 5.09478412e-49 1.07048592e-19
  1.73059561e-35 3.79018367e-49 2.92032353e-14 3.37992169e-55
  1.86526312e-30 2.67535676e-18 1.16011699e-27 4.35471151e-25
  1.00000000e+00]
 [4.82718202e-49 2.57829163e-54 9.66424175e-16 4.82369316e-22
  5.10998635e-63 9.88008497e-71 1.00000000e+00 3.61117916e-20
  1.60046212e-37 1.32779162e-62 7.64131778e-15 7.25237124e-30
  9.08560380e-39 1.92067196e-39 5.32291131e-37 1.70993107e-28
  4.55333841e-48 1.12557547e-69 1.49348117e-40 2.03292521e-45
  1.00000000e+00]
 [1.01637078e-28 4.17480867e-31 5.19573870e-17 1.34617448e-23
  2.47162243e-21 3.89980740e-22 3.61117916e-20 1.00000000e+00
  9.46956263e-19 2.29081525e-39 5.69149284e-20 1.08303822e-11
  6.93894490e-27 1.03171519e-31 8.10801369e-13 1.98868786e-36
  1.80795822e-16 2.39406819e-25 8.08097139e-25 2.61898582e-23
  1.00000000e+00]
 [4.05057609e-30 1.59272200e-27 2.89374909e-19 1.74572318e-48
  1.71920275e-12 3.52027372e-24 1.60046212e-37 9.46956263e-19
  1.00000000e+00 2.39825518e-29 1.74484870e-36 2.57077719e-27
  7.72561144e-27 1.74922579e-21 2.35066432e-17 1.56921107e-53
  3.98738959e-27 1.11458937e-37 1.06478553e-09 1.95490747e-33
  1.00000000e+00]
 [5.53070289e-42 2.59725159e-09 1.39594540e-32 1.34829814e-66
  6.88694308e-39 7.91652053e-24 1.32779162e-62 2.29081525e-39
  2.39825518e-29 1.00000000e+00 2.23085093e-34 4.98705270e-36
  8.07237857e-54 2.52337381e-25 3.46032719e-20 3.49351167e-39
  9.48837273e-44 2.45908215e-25 5.98232316e-39 1.68499959e-34
  1.00000000e+00]
 [5.33451801e-46 3.79267427e-38 1.84090615e-19 6.25163018e-30
  4.58450938e-48 5.09478412e-49 7.64131778e-15 5.69149284e-20
  1.74484870e-36 2.23085093e-34 1.00000000e+00 1.99560113e-30
  1.76990423e-41 3.18604279e-22 7.55591824e-24 1.38131034e-14
  4.97145274e-30 1.81162417e-40 4.73404403e-40 5.41576923e-45
  1.00000000e+00]
 [6.88584589e-08 8.59334732e-36 9.05322756e-09 9.15297390e-35
  4.74161294e-42 1.07048592e-19 7.25237124e-30 1.08303822e-11
  2.57077719e-27 4.98705270e-36 1.99560113e-30 1.00000000e+00
  2.50971950e-23 1.99202754e-56 4.32038199e-12 4.27834947e-31
  2.09691563e-42 1.73180398e-38 1.93136493e-20 2.56547068e-08
  1.00000000e+00]
 [4.30669788e-29 9.43564477e-44 4.64914472e-23 2.53392118e-82
  9.22271186e-39 1.73059561e-35 9.08560380e-39 6.93894490e-27
  7.72561144e-27 8.07237857e-54 1.76990423e-41 2.50971950e-23
  1.00000000e+00 1.03280892e-61 1.58423196e-42 1.86856742e-27
  1.67409290e-65 1.58638754e-76 2.67249483e-33 9.26190454e-52
  1.00000000e+00]
 [1.96379215e-71 1.57473747e-25 1.03382459e-39 2.60771623e-46
  3.60086089e-27 3.79018367e-49 1.92067196e-39 1.03171519e-31
  1.74922579e-21 2.52337381e-25 3.18604279e-22 1.99202754e-56
  1.03280892e-61 1.00000000e+00 1.16967825e-29 2.13757652e-51
  4.57276770e-21 1.19034243e-31 2.88303975e-41 3.57053705e-61
  1.00000000e+00]
 [5.15618254e-16 1.28467635e-29 4.32936176e-14 2.61611267e-25
  6.05854761e-26 2.92032353e-14 5.32291131e-37 8.10801369e-13
  2.35066432e-17 3.46032719e-20 7.55591824e-24 4.32038199e-12
  1.58423196e-42 1.16967825e-29 1.00000000e+00 3.12906506e-43
  7.40513166e-18 3.08604223e-14 1.07380487e-12 5.94293042e-10
  1.00000000e+00]
 [8.04579356e-45 2.61925835e-39 7.74559927e-24 3.42570565e-67
  8.00899759e-71 3.37992169e-55 1.70993107e-28 1.98868786e-36
  1.56921107e-53 3.49351167e-39 1.38131034e-14 4.27834947e-31
  1.86856742e-27 2.13757652e-51 3.12906506e-43 1.00000000e+00
  2.11350434e-69 2.48049140e-70 5.17919071e-57 1.54358635e-55
  1.00000000e+00]
 [2.37021009e-57 2.67960843e-45 1.06131882e-44 2.94505348e-31
  3.64814311e-16 1.86526312e-30 4.55333841e-48 1.80795822e-16
  3.98738959e-27 9.48837273e-44 4.97145274e-30 2.09691563e-42
  1.67409290e-65 4.57276770e-21 7.40513166e-18 2.11350434e-69
  1.00000000e+00 9.00646420e-12 2.95373613e-36 8.42293881e-46
  1.00000000e+00]
 [2.86498834e-52 2.52551177e-31 8.32177952e-50 2.62160776e-43
  1.31395691e-25 2.67535676e-18 1.12557547e-69 2.39406819e-25
  1.11458937e-37 2.45908215e-25 1.81162417e-40 1.73180398e-38
  1.58638754e-76 1.19034243e-31 3.08604223e-14 2.48049140e-70
  9.00646420e-12 1.00000000e+00 4.19439987e-45 1.80422086e-33
  1.00000000e+00]
 [6.99365295e-13 1.13879721e-49 9.31635005e-13 3.04021783e-42
  1.52838467e-29 1.16011699e-27 1.49348117e-40 8.08097139e-25
  1.06478553e-09 5.98232316e-39 4.73404403e-40 1.93136493e-20
  2.67249483e-33 2.88303975e-41 1.07380487e-12 5.17919071e-57
  2.95373613e-36 4.19439987e-45 1.00000000e+00 1.37578888e-21
  1.00000000e+00]
 [7.11313516e-12 2.77014998e-41 5.28669611e-16 9.18866487e-30
  4.14977360e-53 4.35471151e-25 2.03292521e-45 2.61898582e-23
  1.95490747e-33 1.68499959e-34 5.41576923e-45 2.56547068e-08
  9.26190454e-52 3.57053705e-61 5.94293042e-10 1.54358635e-55
  8.42293881e-46 1.80422086e-33 1.37578888e-21 1.00000000e+00
  1.00000000e+00]
 [1.00000000e+00 1.00000000e+00 1.00000000e+00 1.00000000e+00
  1.00000000e+00 1.00000000e+00 1.00000000e+00 1.00000000e+00
  1.00000000e+00 1.00000000e+00 1.00000000e+00 1.00000000e+00
  1.00000000e+00 1.00000000e+00 1.00000000e+00 1.00000000e+00
  1.00000000e+00 1.00000000e+00 1.00000000e+00 1.00000000e+00
  0.00000000e+00]]
