[[-1.60093610e+00 -3.78049472e+00  3.68774807e+00  1.26776072e+00
   2.21699711e+00  4.19942069e+00]
 [-3.01197351e+00  2.91446145e+00  4.33110095e+00 -1.05505673e+00
  -6.92050071e-01 -3.57705119e+00]
 [-1.56931951e+00 -6.58782306e-01  2.17902628e+00  6.70630539e-01
  -1.56119074e+00  4.10687648e+00]
 [ 4.37500610e+00 -2.23344209e+00 -1.17309335e+00 -9.21604139e-02
  -4.80506813e+00  1.55184150e+00]
 [-3.50222286e+00 -5.36408326e-01 -1.87377255e+00  3.04157333e+00
   2.07341696e+00 -3.96513591e+00]
 [-1.84471303e+00 -1.98439945e+00  2.53580980e+00  7.19631203e-01
   4.45740121e+00 -2.26903283e+00]
 [ 8.22354290e-01  2.85407220e+00 -9.19399562e-01  1.20578199e+00
  -4.11342138e+00  4.44179053e+00]
 [ 1.27338204e+00  6.77980012e-01 -2.89608587e-01  2.13385770e+00
   3.79032424e-01  1.53578564e-01]
 [-4.49231065e+00 -1.17324800e+00  2.03902998e-01  3.13667979e+00
  -1.27122802e+00 -7.72818430e-01]
 [-4.13916923e+00 -1.33385520e-01  3.84842313e+00 -3.77829681e+00
  -2.89406438e-01 -2.39479300e+00]
 [-4.96603254e-01  2.38526356e+00 -1.82057843e+00 -3.09142499e+00
  -1.36460698e+00  2.51521740e+00]
 [ 7.86007827e-01 -9.47762806e-01  3.44140285e+00  1.38768901e+00
   1.43230935e+00  2.75770722e+00]
 [-3.97348384e+00  3.16210107e+00  1.70494995e+00  3.87482893e+00
   2.95750476e+00  3.74167342e+00]
 [-3.76337734e+00  1.36178962e+00 -2.32490229e+00 -1.72911989e+00
  -3.69632075e+00 -2.98311632e+00]
 [-4.67357532e-01 -3.12842336e+00  1.08937944e+00 -7.46681684e-01
   1.11107751e-01 -7.21949027e-02]
 [-1.93867210e+00  4.95643981e+00  1.73977241e+00 -3.13764840e+00
   9.70609307e-01  4.77158152e+00]
 [ 5.23099344e-01 -1.64380045e+00 -3.90019817e+00 -4.34887571e-02
   3.93860044e-02 -3.36821363e+00]
 [ 9.16856436e-01 -2.43550894e+00 -1.88657765e-03 -2.36451006e+00
   1.34089523e+00 -4.90877590e+00]
 [-3.67577288e+00 -4.31001819e+00  5.05713581e-01  2.35152678e+00
  -6.56861655e-01  2.23873107e+00]
 [ 1.36329408e+00 -3.97244881e+00  4.75612900e+00  4.49499952e-01
  -4.14632328e-01  1.35177095e+00]]
