[[ 0.78859869 -3.14024315 -1.83635671  1.84038576 -0.08045243  4.48399766]
 [-0.85553966  4.71190393 -1.92658852 -0.61603137 -2.74588367  1.87500996]
 [ 2.39709239 -4.81068327  0.5304205  -2.25189252 -0.33653976  1.60653398]
 [ 0.25029898  3.75488184 -2.34936409  1.90599643  0.02308534  2.75396063]
 [ 2.59557554  1.83229043 -3.6993701  -0.73372547 -2.74864175  2.53979775]
 [ 1.21577368 -1.80379425 -3.10625631 -2.34782835  3.23267824  4.54895564]
 [ 2.70357759  4.04495022  3.54798792  0.92128063 -4.35991517  0.63916902]
 [ 2.84906617  4.45123847 -1.97759628 -3.43890062  0.87423741  1.05607167]
 [-0.20336745  0.35237557  0.74111607  4.36894152 -0.78042385 -2.59055245]
 [-4.3194656   2.64652616  2.99627567 -4.72097707 -2.31280565  4.62436749]
 [-0.62374536 -3.00849092  2.71988522 -4.3702354   0.86891423  3.12681568]
 [-3.32145789 -3.45464138 -3.50681042  0.73662914 -1.49124217 -4.46593409]
 [ 2.2639454   2.70214296 -1.33895667 -2.7902497   1.41135883 -2.48854311]
 [-1.06117527 -4.63261257 -2.47648844 -2.06993719  1.04237586 -3.59369241]
 [-0.44607183  0.33338551  1.30774913  3.18275096  4.08895476 -4.02812931]
 [ 2.76715438 -4.98569637  2.30757959 -0.30222435  2.87620643  0.91898266]
 [-0.76283642  1.95407024 -3.7464002  -3.32880067  1.55811262 -2.46792952]
 [ 4.74581678  0.82638316  0.95403782  4.30868412 -1.01915383 -4.04408526]
 [-3.57493273  2.81462151  1.89400915 -0.97742164 -2.71593484 -4.50430607]
 [-1.08831267  4.22511145 -3.85229895 -3.74973376 -0.08284318 -2.07625959]]
