[[-9.59288404e-01 -5.77474368e-01  8.53912492e-01 -3.03699905e+00
   4.68395594e+00 -3.57241277e+00]
 [ 1.33702901e+00 -3.33077725e+00  3.70661002e+00 -4.65521325e-01
   1.82150200e-01  4.46504063e+00]
 [-3.33343575e-01 -2.44439536e+00 -7.88815589e-01 -4.30316580e+00
  -9.31395253e-01 -3.31359846e-01]
 [-1.17896777e+00  2.32181750e+00  4.20399704e+00  3.45867157e+00
  -4.26037452e+00  4.99580143e+00]
 [-5.77264306e-01 -3.48022792e+00  4.06376756e+00  1.04577972e+00
   2.50195512e+00 -4.62235280e+00]
 [ 1.54134432e-01 -2.74367927e+00 -2.36733229e+00 -2.94456449e+00
   2.26739410e+00 -3.49922563e+00]
 [-4.76970666e+00  4.12520405e+00 -4.00112201e+00 -7.28413823e-01
  -2.05523788e+00 -4.00130455e+00]
 [-1.22892137e+00  3.80045721e+00 -1.30414974e+00 -3.22464099e+00
   4.35711741e+00 -8.52528178e-01]
 [-3.08537748e+00 -4.02291314e+00 -3.49359594e+00 -1.75451334e+00
   2.23176884e+00  2.47087544e+00]
 [-4.04488250e+00  1.29285390e+00 -3.96732462e+00 -3.04815492e+00
   1.14969636e+00  2.47954238e+00]
 [ 3.01087843e+00 -3.69931623e+00  2.48576049e+00  5.08615751e-01
  -3.99066323e+00  2.14953043e+00]
 [-4.58048192e+00 -3.97839310e+00 -4.93119808e+00  3.36484510e-01
   2.09850901e+00  4.85658089e+00]
 [-1.78569383e-01 -4.99971578e+00 -2.13185688e+00 -2.76254052e+00
  -4.24765313e-01  5.13290400e-01]
 [-4.83713263e+00 -4.39180926e+00  1.29731323e+00  1.47125622e+00
   1.00048541e+00  3.91325448e+00]
 [ 1.85125672e+00 -1.76734319e+00 -4.93998778e+00  2.25335643e-01
   1.99840603e+00 -4.66125601e-01]
 [ 2.09352812e+00  3.21331002e+00  2.37465586e+00  3.88127152e+00
  -3.99283106e-01  6.33649349e-01]
 [ 4.49801077e+00 -2.72085631e+00  4.89839431e-01 -2.38511272e-01
   2.58873515e+00 -2.37149391e+00]
 [ 1.12048909e+00 -5.99209913e-01 -1.07744246e+00  2.09180743e+00
   6.74132879e-01 -2.52807849e+00]
 [ 2.62838240e+00  3.53257914e+00 -4.54460175e+00 -1.75682633e+00
   1.83813249e+00  2.94278098e+00]
 [ 2.52829138e+00  1.33130997e+00  1.78867716e+00 -1.45778228e+00
  -1.76184677e+00 -3.43682637e+00]
 [-8.26749299e-01  4.85350432e+00 -1.21696041e-01  5.16510644e-01
  -3.30195340e+00 -1.64915985e+00]
 [-2.32508432e+00 -4.33185028e+00  3.27954751e+00 -1.31760132e+00
  -2.20075045e+00  3.56958811e+00]
 [-3.19877011e+00  2.35393361e+00 -4.58376720e+00 -1.72857161e-01
   4.49749106e+00  9.43438222e-01]
 [ 2.25706505e+00 -1.64770761e+00  3.00705313e+00 -2.24379950e+00
   4.90228172e-01  1.62035620e+00]
 [-3.65216527e+00 -1.73045722e+00  1.38625178e+00  4.23897831e-01
   3.29259352e+00  2.99132054e-01]
 [-4.24870304e+00  3.85749717e-03 -4.79774948e+00 -4.93361663e+00
   2.01490316e+00  4.19680706e+00]
 [-2.92144614e+00 -2.72074331e+00  3.08266335e+00 -4.44988029e+00
   1.88126226e+00  1.56844461e+00]
 [ 4.10535890e+00  4.29323477e+00  1.78255503e+00  1.73165786e+00
   8.04558670e-01 -1.40079542e+00]
 [-1.29974419e+00  1.93271532e+00 -7.30829819e-01 -4.80494644e+00
   2.94822200e+00  4.71018300e+00]
 [ 2.60917114e+00  3.36799163e+00  2.97533916e+00  4.42375481e+00
   4.97355522e-01 -4.15080032e+00]
 [ 5.82532998e-01 -1.85566776e+00  1.22351029e-02  6.13588655e-01
   1.80373442e+00  2.80397635e+00]
 [-3.87526407e+00  4.81682562e+00  3.29051379e+00 -8.77997719e-01
  -3.55283371e+00 -2.93969979e+00]
 [-4.67186484e+00  2.30047344e+00 -9.09308355e-01 -2.72885069e+00
   3.56507756e+00  3.55696891e-01]
 [ 4.80889672e+00 -4.97991288e-01 -4.03340956e+00  4.31615740e+00
   4.31008591e+00 -3.86474848e+00]
 [ 3.71849993e+00  3.42401158e+00  1.21959541e+00  2.76573534e-01
  -2.22112129e+00  4.72770906e+00]
 [ 3.02084546e+00 -1.64117851e+00 -4.14773242e+00 -3.49671020e+00
  -2.21289388e+00 -1.20723445e+00]
 [ 1.04665423e+00  4.09555569e+00 -3.28720835e+00 -2.32919749e-01
   7.64000816e-01 -1.78230186e+00]
 [-3.64932995e+00 -2.54029522e+00  6.84930342e-01 -3.03362395e+00
  -2.00815263e+00  1.55332054e+00]
 [-4.44298557e+00 -3.89918026e+00  5.94745851e-01  1.55807482e+00
  -3.62491727e+00 -3.27943962e+00]
 [ 7.09761665e-01 -6.53687279e-01 -1.47888488e+00 -1.07117028e+00
   2.44800001e+00 -3.63078068e+00]
 [-8.84612129e-01 -7.77826214e-01 -1.50608932e+00  1.07372108e+00
   3.19080885e+00 -3.70383389e+00]
 [-4.78690937e-01  1.87960968e+00 -1.20502939e+00 -4.98743514e+00
   3.50855492e+00  6.59016604e-01]
 [-1.03293030e+00  6.87986599e-01  4.80387555e+00  3.12409475e+00
   2.18487858e+00 -2.45498982e+00]
 [ 2.03281820e+00 -7.40930634e-01 -4.23657336e+00 -2.38075110e+00
   2.90897664e+00 -3.31557200e+00]
 [ 1.55488349e+00  2.10452890e+00  4.37840370e-01  3.72436466e-01
  -1.30418447e+00 -4.42262523e+00]]
