[[-7.57928825e-02  4.47324800e+00  2.12461862e+00  2.18593140e+00
   4.89837170e+00  3.19549642e+00]
 [-3.16738482e+00 -7.17420091e-01 -3.82520082e+00 -1.75315869e+00
  -5.78678261e-01 -4.31303980e+00]
 [-3.82285642e+00 -4.00939135e+00 -3.44225411e+00 -3.58558230e+00
  -4.93879507e+00 -4.97786761e+00]
 [ 4.54351434e+00  4.95365304e+00 -3.21252077e+00 -4.36425481e+00
   2.72138298e-01 -2.10706019e+00]
 [ 3.57336205e+00  1.73117903e+00 -7.38294515e-01  8.36427144e-01
   8.10788435e-01 -3.25610605e+00]
 [ 4.82343882e+00  3.81477611e+00  1.30523081e+00 -1.59246018e+00
   4.06784563e+00 -3.51039236e+00]
 [ 4.99166265e+00 -1.61481420e+00 -2.99086872e-01  4.27427321e+00
  -2.41587534e+00  1.39604493e+00]
 [ 3.41082134e+00  1.83561331e+00  1.50130539e+00  2.64055708e+00
  -3.51227565e+00  4.94091858e+00]
 [-1.93143474e+00 -3.57931802e+00 -6.84165698e-01  3.60140326e+00
  -7.30468231e-01 -1.65580550e+00]
 [-1.24920118e-03 -2.36089752e+00  2.57252221e+00 -2.38363824e+00
   1.59950961e-01  4.58214370e+00]
 [ 9.32589219e-01  2.49105851e+00  4.32302786e+00  1.41093994e+00
   9.39383189e-01 -8.62412042e-01]
 [-4.44919428e+00  4.67156952e+00  1.75224328e+00 -1.41695325e+00
  -9.38513276e-01 -4.80221099e+00]
 [ 2.82314141e+00  1.81676337e+00  4.51771706e+00 -1.89962523e+00
   3.16951911e+00  2.81631949e+00]
 [ 1.45363882e+00 -3.27867587e+00 -3.32874048e+00 -3.51176994e+00
   2.07025051e+00  3.45290891e+00]
 [-2.63131054e+00  1.60438136e+00 -4.57508439e+00  4.81329388e+00
  -2.28779513e+00  2.31473230e+00]
 [-3.39934088e+00 -2.18628678e+00 -1.31997625e+00  9.38237336e-01
   2.28276497e+00  4.99245158e+00]
 [-4.11655313e+00  4.65021137e+00  4.10100940e-01  2.22534407e+00
  -3.21369067e-01  3.11463360e+00]
 [ 3.57493189e+00 -4.50551441e-01 -2.75596652e+00  2.94822772e+00
  -3.07694163e+00 -4.78729660e+00]
 [ 2.64560618e-01 -3.95927370e+00 -1.04945762e+00  4.92562812e+00
   5.39654402e-01 -2.03106453e+00]
 [ 3.11337189e+00 -7.41579565e-01 -1.24218082e+00  7.08494146e-01
  -2.28317555e-02 -1.55924093e+00]
 [-3.44130563e+00 -4.94903753e+00  4.24902165e+00 -3.46404038e+00
  -1.76239898e+00  2.51701602e+00]
 [-4.19187729e+00 -2.07064865e+00 -4.24256518e+00 -1.23470794e+00
  -1.20083998e+00  4.44132151e+00]
 [ 2.32781877e+00 -4.33030750e+00  4.48629166e-01 -3.01917892e+00
  -3.40648050e+00 -4.96253504e+00]
 [ 6.82473124e-01 -3.45649217e+00  1.10474654e+00 -1.30708948e-01
  -9.22765582e-01 -4.40911053e+00]
 [ 4.66754846e-01 -1.57072410e+00  2.69881088e+00  2.05588110e+00
  -1.77521953e+00 -2.30825918e+00]
 [ 8.05830415e-01  3.82481720e+00 -2.52909767e+00  1.61054141e+00
  -3.60329536e-01  3.25784233e+00]
 [ 3.01782422e+00 -1.15960554e-01 -3.80772670e+00  3.61363423e+00
   2.40419966e+00  4.77665042e+00]
 [ 4.98494723e+00  2.39789363e+00 -3.50008200e+00 -3.09755192e+00
  -3.36441542e+00 -1.00172399e+00]
 [ 4.03275599e+00 -4.00314422e+00  5.71394530e-01 -4.17197328e+00
   4.30770893e+00  4.74558477e+00]
 [-1.36373577e-01  7.54060081e-01 -4.94231960e+00 -3.37516696e+00
   1.33733125e+00  4.26711259e+00]
 [-6.78876216e-01  2.52901207e+00 -3.07855167e+00 -1.69260076e+00
   2.76955574e+00  2.94543109e+00]
 [-9.37626115e-01  1.71473428e+00  4.65148826e+00  2.04779055e+00
  -2.47316884e+00  4.33669509e+00]
 [-3.80097229e+00 -2.09894297e+00  2.96499375e+00  3.97468814e+00
  -4.02755181e+00  9.51956533e-01]
 [ 3.07579208e+00 -1.19729934e+00  2.96704207e+00 -4.38149990e+00
   4.04078096e+00 -4.30308585e+00]
 [ 1.36770018e+00 -3.63770486e+00 -1.31337793e+00  3.77137794e+00
  -2.67031027e+00 -9.83757941e-01]
 [ 4.01081651e+00  4.16048830e+00 -2.61266216e+00  1.46207580e+00
  -4.55141901e+00 -4.43316829e+00]
 [-4.97871544e+00  2.60724429e+00  3.96039723e+00  3.46086531e+00
  -9.30630858e-01  2.38806954e+00]
 [-3.91623566e-01 -5.73811025e-01 -3.88151633e-01 -1.94080786e+00
  -4.85365262e+00 -3.19170650e-01]
 [ 3.41627335e+00  2.89227983e+00 -4.08475693e+00  3.71698006e+00
   8.37362139e-01  1.25680455e+00]
 [-8.87268676e-01 -6.56730177e-01 -2.68009732e-01  4.33893368e+00
   4.34783604e+00  1.03718541e+00]
 [-3.86639174e+00 -3.46252721e+00  1.81895937e+00 -1.62724470e+00
   3.78197340e+00 -4.69546754e+00]
 [-2.20659284e+00  4.84608854e+00  1.33922209e+00 -2.43814565e+00
  -2.35571557e+00  4.05245424e-01]
 [-2.64120900e+00 -3.53710951e-01  3.57443587e+00 -7.39443290e-01
   3.39456415e+00 -9.11173087e-01]
 [ 2.49747838e+00  3.73028369e+00 -2.42602801e+00 -1.71015136e+00
   1.11893677e+00  1.11117680e+00]
 [-5.09479008e-01  2.16608630e+00 -2.75712443e-01  4.11847090e+00
   2.09451229e+00 -1.52778823e+00]
 [-2.86959789e+00 -4.48395193e+00  2.02543619e+00 -2.38396054e+00
   2.85015063e+00 -5.85759413e-01]
 [-2.61884867e+00  3.40815008e+00 -3.09136419e+00 -4.01679445e+00
   1.50928513e+00  1.92458124e+00]
 [-2.26730552e+00  1.81276585e+00 -9.45646830e-01  3.64391554e+00
  -2.38706294e+00 -3.40329058e+00]
 [ 3.69011866e+00  4.34025111e+00  4.21540549e+00 -3.59402320e+00
   4.91422297e+00  1.04510110e+00]
 [ 1.84954799e+00  3.35203504e+00 -4.17028740e+00  4.02233582e+00
   4.16580566e+00  3.00668609e+00]
 [ 3.49038580e+00  2.53023627e+00  2.34660545e+00 -3.56066410e+00
   2.37737836e-01  3.40089279e+00]
 [-1.58890475e+00 -2.02706184e-01 -3.57961918e-02  1.78648050e+00
   1.90481149e+00  9.67366302e-01]
 [-1.10668182e+00  4.23223905e+00 -2.51538491e+00  4.86462987e+00
  -1.92602432e+00 -3.84314179e+00]
 [-2.53843218e+00 -2.99820164e+00  3.61739361e+00 -1.82322550e+00
   6.70998253e-01  3.59085787e+00]
 [-2.21534840e+00 -4.24364256e+00  3.73291532e+00 -8.49998939e-01
   4.67775950e+00 -1.26157964e+00]
 [ 3.27524620e+00  8.95119551e-01 -4.12222455e+00  4.53611314e+00
  -4.28296382e+00 -2.92122521e+00]
 [-4.15733995e+00 -3.28450190e+00 -2.81027568e+00  4.67434180e-01
  -3.19384091e+00 -1.37374859e+00]
 [ 4.08643144e+00  1.37150058e+00 -4.90795746e+00  3.89800391e+00
   2.98080676e+00 -6.35565658e-01]
 [ 3.42889796e+00 -5.95225308e-01 -4.92159912e+00  1.41496291e+00
  -1.34910838e+00  2.76620122e+00]
 [-2.22844066e+00  4.90152176e+00  4.09576808e+00  1.22265599e+00
  -1.12449619e-01 -4.95725737e+00]
 [ 2.14406589e+00  4.79124177e+00  1.38787761e-01  7.37172333e-01
  -4.86076315e+00  2.28735972e+00]
 [ 4.79905224e+00 -2.11261237e+00 -7.59594764e-01  1.97383467e+00
  -6.94652979e-01  2.83350034e+00]
 [ 3.99522602e+00  2.80901390e+00 -9.87366339e-01 -3.30303430e+00
   1.49743157e+00 -4.26759172e+00]
 [ 2.64291865e+00  3.92697657e+00  3.23710622e+00  1.30080610e+00
  -1.17680519e+00 -8.55381297e-01]
 [-2.48296908e+00 -4.04239246e+00 -3.43794063e+00  2.42412847e-01
  -3.04520293e+00  3.80343034e+00]
 [ 1.17037932e+00  3.66371677e+00 -9.97833843e-01 -3.81152628e+00
  -8.75112985e-01 -6.94358943e-02]
 [ 2.59558627e-02 -3.51772992e-01  1.10308080e+00 -4.39332720e+00
   1.23456958e+00 -1.85699960e-01]
 [ 1.09642334e+00  1.17306151e+00  8.55494168e-02 -3.57835926e+00
  -2.13728640e+00  3.89844131e+00]
 [ 4.86686303e+00 -1.09886295e+00 -2.55859804e+00  1.82900510e+00
   1.17781070e+00 -2.68860354e+00]
 [ 1.83002658e-01 -4.86972272e-01 -2.70186766e+00  4.46178212e+00
  -3.72854700e-01 -3.07036286e+00]
 [-3.46584149e+00 -2.92498224e+00  4.11147485e+00  4.19143410e+00
   1.06428571e+00 -4.53645675e+00]
 [-3.37351418e+00  1.01927951e+00  4.13585597e+00 -4.70328015e+00
   4.68688783e+00 -1.75931769e+00]
 [-1.97812710e+00 -6.52345074e-01 -4.59886646e+00  3.13438287e+00
  -4.50325542e+00  1.20629107e+00]
 [ 4.16371469e+00 -5.95455104e-01  3.67455931e+00 -3.61152211e+00
  -1.23344187e+00 -2.96807439e+00]
 [ 1.40799770e+00 -4.85029269e+00 -5.83668423e-01  2.17067884e+00
  -2.75236352e+00 -1.54552907e-01]
 [-2.81827932e+00  1.15446113e+00 -1.91372405e+00 -3.58097834e-01
  -3.85568122e+00 -1.31148036e-01]
 [ 1.29255807e+00  9.26787702e-01  3.34456708e-01 -3.56688253e-01
   3.50462372e+00 -4.23707504e+00]
 [-2.96451887e+00  4.44350048e-01  2.85875951e+00  1.02543247e+00
  -3.70978938e+00  2.76306902e+00]
 [ 3.52709738e+00  1.06290061e+00 -3.99137957e+00 -1.35853308e+00
  -4.18721890e-01  2.05517000e+00]
 [ 2.48198137e+00  6.84483740e-01  6.39437685e-01 -3.86071439e+00
   2.37881909e+00  1.18193576e+00]
 [-3.99067097e+00 -3.31483042e+00  4.32599389e+00  4.22480665e+00
   3.06612686e+00  4.43164030e+00]
 [ 2.51822877e+00 -3.70911648e+00  1.36648084e+00  4.59133504e+00
   3.40034839e+00 -1.15849785e+00]
 [ 3.39927988e+00  2.79213351e+00  3.79331936e+00  1.33817594e+00
  -4.72021865e+00 -2.82389677e+00]
 [-2.44004275e+00  5.51652927e-01 -3.43367288e+00 -1.60708121e-01
   4.18051702e+00 -4.15939664e-01]
 [-1.53398936e+00  1.99369668e+00  4.22738959e+00 -2.33963258e+00
   4.09903516e+00  1.11897142e+00]
 [-1.45616309e+00 -2.84004038e+00  4.14456044e+00  3.06801630e+00
   4.58694073e+00  4.14971924e+00]
 [ 2.53754909e+00  3.17505459e+00 -1.46754284e+00 -3.12977893e+00
   9.71671391e-01 -4.72414546e+00]
 [ 3.51853208e+00  1.63288083e+00 -2.32901283e+00  2.81378791e+00
  -8.70117296e-01 -2.47003314e+00]
 [-6.90263236e-02 -1.88269852e+00  1.10909295e+00  1.32378222e+00
  -1.51697742e+00 -4.28555601e-01]
 [ 7.36794186e-01  2.10127500e+00 -3.53107448e-01 -5.59713841e-01
   4.22574082e+00  1.77847008e+00]
 [-3.26784104e+00  1.59000232e+00  3.61290395e+00 -1.14112789e+00
  -2.46800801e+00 -1.83230889e-02]
 [-7.18774403e-02  4.80961807e+00 -1.54922286e-01  1.14255123e-01
   3.61729740e+00  1.77219388e+00]
 [-2.08973022e+00  3.73801884e+00 -1.07624056e+00 -9.38353725e-01
   4.54562277e-01 -1.86439338e+00]
 [-1.73208569e+00 -4.13875683e+00 -4.97987347e+00  3.15196323e+00
   8.80494544e-01 -3.46604616e+00]
 [ 3.62786315e+00 -1.26317150e+00  4.56937743e+00  1.98041917e+00
   1.72791005e+00 -1.87515172e+00]
 [-6.47076183e-01 -4.77968875e+00  4.01559780e+00  4.40050404e+00
   2.15468066e+00 -2.04917680e-01]
 [-3.09920089e+00  4.71271477e-01 -2.97246047e+00 -4.83525537e+00
  -3.88200131e-01  4.45580325e+00]
 [-3.80491345e+00  3.72484519e+00  4.25946004e+00  1.88347046e+00
   4.79351488e+00  6.76420329e-01]
 [ 4.88992127e+00 -3.08337937e+00  7.29508309e-01  9.90990638e-01
   4.45656925e-01  4.43821795e-01]]
