[[ 1.31852033 -1.15301458  3.24677761 -2.60369872 -1.51345434 -2.62482404]
 [-4.4968177   3.47642041  4.68869367 -0.28534609  2.02561341 -2.14023137]
 [ 4.68578096  0.58091117 -3.19086295  0.8613069  -0.71346742 -2.28691085]
 [-3.3646456  -3.23716968  3.19817965 -4.81162028  3.04666359 -3.27630181]
 [-0.95040427 -2.95412016  0.87416701 -4.63081704  2.31544635  4.95512879]
 [ 1.35108053  2.41245925  4.02905523 -4.31202784 -4.81545878 -1.36589661]
 [-2.60447304  3.697638    4.17264982 -3.2758128  -0.82167307  3.42630783]
 [ 2.25351079  2.69879306 -0.1934316   2.7722899   3.01052025 -0.97213821]
 [-0.86924729  1.53378072  1.7114554  -2.896648   -2.86158417 -1.30984712]
 [-0.35014367 -4.58945548  2.7217254   3.65586662  2.78688982 -3.84150544]
 [ 1.77744204 -3.19572983  4.57815989  1.25457028  0.94567924  4.7738312 ]
 [ 1.02194794 -2.25024382  2.16737779 -2.82011066  3.06713474  1.81910445]
 [-2.39006729 -1.77469085 -0.0983565   0.22220435 -3.66871479 -1.29538819]
 [ 1.7773664  -1.02452389 -2.1317358  -4.51727543 -3.76290322 -0.86902976]
 [-1.92284774 -3.47478819 -2.64095079  2.49008684 -4.12002871 -1.11021593]
 [-3.34669639 -2.86237004  1.74928518  4.96572011  4.41854051 -3.65524467]
 [-1.19727479 -1.17840601  3.45580145 -1.66932625 -2.2562352  -1.40711063]
 [ 3.08088737 -3.17091423  4.09805201 -0.5829174   4.84069119 -0.18856307]
 [-4.72115951  4.64558564 -0.74848735  2.78824549  0.39167407 -0.20936049]
 [ 3.08100176 -1.84081437  1.07390045 -2.50739329  2.39205801  4.66760569]]
