[[ 0.76050837  4.87558793  1.73039412  4.55099835  3.88563972 -2.25671365]
 [-2.04570145 -2.22313539  2.11573986 -1.75090023  0.70911     4.88848777]
 [-1.86517859 -2.0107724  -2.21455089  4.68602588 -4.18611516  0.91631034]
 [-3.05644435  2.69792279  3.97259988  3.42569851  3.53924031  2.32826007]
 [-2.72564298 -1.06734435  1.53506971  2.532874    0.19823106  0.3246243 ]
 [ 1.85249222 -0.07191996  4.44690573  2.02144303 -4.59294148  2.62957969]
 [ 0.30540287  2.18974559  0.7759538  -1.58622653 -0.02617608 -1.49485117]
 [-2.77359514 -1.35813548 -0.67842191 -0.16527917  1.54326886  1.85913807]
 [ 3.66110763  3.30815037  3.85432611 -3.37940064  4.33288141  1.74411849]
 [-2.75851378 -2.29528321 -1.18649525  4.95549051  4.7212037   4.98482937]
 [ 0.7499675  -4.57936593  1.94120178 -1.62355204  0.84662517 -3.88166905]
 [-4.34157421  3.27051463  4.40663873  1.07371694  0.49313533 -3.90134665]
 [ 3.56418447  4.37555713  3.80219518 -0.74562949 -2.61071091 -4.68516787]
 [ 3.91056717  2.84937224 -4.12495896  1.75922917 -0.88340462  3.43766688]
 [-2.58598845 -4.27841486 -0.86746864  4.34100936 -2.54404949  2.17963692]
 [ 3.97126972  1.75424363 -0.70889476  2.57007024 -4.22765806  0.81581504]
 [-2.86852648  2.00698771 -4.65900074 -1.78794068 -3.80543166  4.84621179]
 [-1.8551103   4.08611845  0.55174722  4.73738353 -2.8786986  -1.23983138]
 [ 3.61842547 -0.16240514  0.65630632  0.9694438   3.7733561   0.87717097]
 [ 4.17133947 -4.21884845  3.70147812  3.77700697  0.82750545 -3.86563888]
 [-0.94366538 -1.14330612  3.31991213  1.0021023  -0.86067846 -3.20253606]
 [-1.22437967  2.73929701  3.8599988   3.8827313  -1.52564972 -1.30333887]
 [-4.73591136 -3.75207134  4.0509763   3.0820132   3.15388492  0.88367861]
 [ 3.85394155 -1.334476    1.08056275 -0.85694748 -4.45754335  0.02898805]
 [ 3.90520484 -1.90710713  1.08640784 -3.94755565  2.49863729 -0.03634891]
 [-0.90662483 -4.15949127  3.06519003  1.52171588 -4.53098861  0.47888701]
 [ 4.59539646 -2.71196332 -1.69177586 -3.89822085  0.77777562  2.97732424]
 [-3.79871917  2.79888062  2.86524017 -2.21174902 -3.8415006   1.12136161]
 [-3.75200137 -0.19490703  1.87279087 -0.71986079 -4.36343608 -1.15814499]
 [-2.8645786   3.28164539 -3.53262549  2.91426863 -2.65355138 -0.13162911]
 [-4.60848316  2.42644442 -0.47322564  1.00964671 -1.01304886  3.5664911 ]
 [ 4.72176023 -1.30619707 -4.56014855  2.41775074 -2.90865239 -3.68208219]
 [-4.32299211 -4.62671754 -2.22389206 -3.39797359 -0.144597    4.36124371]
 [-4.43500316 -3.96282114 -4.58363307 -0.15323915 -3.90055559 -1.81197334]
 [-1.82492305 -4.93365467  1.67048424  2.29801663  2.03568957  1.94451609]
 [ 3.60298425 -4.70635505  3.19906418 -3.43661276  2.77537685 -1.3659093 ]
 [ 0.45355603  3.03033707 -0.63942361 -0.62826043  2.9208754   1.27673285]
 [ 1.89871304  0.84366006 -0.08322968  4.8004864   2.17382125  4.2895895 ]
 [-1.33700044 -2.76640167 -2.00225917 -4.7504877   2.32364547 -0.72166279]
 [-1.97429168 -2.98899517  4.66416092  2.20113302 -4.15502429 -3.24550072]
 [-3.19157211 -3.31023476 -2.64303759  1.64929655  3.15645838  4.68616764]
 [ 1.95596323  3.46695061 -0.29695047 -1.72231801 -1.2040789  -0.25025891]
 [-3.32112816 -2.42088047 -0.66542336 -4.97678855 -4.25062258 -3.31995802]
 [-1.22987066  2.78045436 -3.64786403 -2.47101803  3.4386744   1.14405186]]
