[[-3.51180432 -2.57889731  2.68387378 -1.20587491 -1.33677415  3.41170656]
 [-3.06357542 -3.47200577  2.3990324   1.2920978   1.14991531  4.13919047]
 [-4.15013598 -3.66309366 -0.81511443  4.77626815 -3.18365755  1.80932158]
 [-2.23051546 -4.37136643 -4.85425827 -4.2379991   4.98218042 -0.30786992]
 [ 1.14202203  4.43984398 -2.3160519  -3.50269639 -2.88085811 -2.31572205]
 [ 0.0672732  -1.45348158 -0.67347563  4.89734376 -0.87749834  2.93828292]
 [-4.42750492  2.937625    0.83494118 -1.30042229  4.92768814  4.26186029]
 [-0.55221963 -2.12559955  1.18474523  1.60742305  4.20407589 -3.63316514]
 [ 4.07527201  3.81837283  1.18073774 -1.49874577 -1.06181565  3.29739108]
 [ 1.65731663  1.69338869  2.0937377   3.20210592  1.01775866 -3.0451698 ]
 [-0.8484472  -0.91307229 -1.08278052  2.13842454  1.03434569  2.23645352]
 [-1.17515186 -0.52989822  0.31477755  4.41351725  2.11912267 -4.23483987]
 [ 4.90084521  0.39428423  4.44067128  0.34374887  2.42022973  0.03740908]
 [ 0.35958318  2.6232768  -0.66310195 -2.21702217 -3.43868978 -2.89127176]
 [-0.76688033  2.90165236 -0.10112707 -0.73414329 -0.09569008  0.36609291]
 [ 2.39698488  2.58330377 -1.54643979  0.34556182  0.15338331 -2.69276252]
 [ 3.97578199  2.27465044 -4.88769087 -0.89409731 -4.49633339 -3.91261225]
 [ 4.07270659 -2.5399726  -3.27347367  3.73593454 -0.09393037 -2.63731473]
 [-3.59978557 -4.56769369 -1.0491716   3.20436414  2.52045434  4.44021603]
 [-2.17086697  4.93286417  4.24662116 -0.81378888 -2.01214337 -1.74905827]]
