[[-2.33664434  1.54644836 -4.67319948  4.50980501  4.74402088  2.37337426]
 [ 1.44954087  0.97690581  1.40312546 -3.00735741  2.31199588 -3.66032258]
 [ 2.61243813  1.65827643 -3.49830371 -3.35696841  4.97811238 -0.79871598]
 [ 4.89479845  4.26161506  2.65044973  3.1300255   4.53528062 -3.26074155]
 [ 4.59734359  0.35638912 -0.25106089  2.3565453   2.14323738 -4.55355249]
 [ 2.88204367  1.55419899  1.31144369  1.70091919 -3.96513722  0.56830844]
 [-1.73235074 -2.03521918  1.26739272 -0.53007662  3.26421645  3.74152424]
 [-2.41468211  2.85653474  1.0521952  -0.22282336 -3.14043092  0.15769181]
 [-2.6194896  -0.47734812  4.49182347  4.49279663  2.0137881  -1.16298925]
 [ 1.18093518  3.61423847 -0.28805433  4.35044548 -3.49283152  1.03063732]
 [ 2.39036414  1.80909604 -3.86928719 -2.52720413  3.91137409 -1.28034446]
 [-2.04656769  3.95690387 -0.29739508  1.52009602  1.61454536  2.69599125]
 [ 1.34809081 -4.00919544  0.58777209 -1.41067551 -1.64925099 -1.61110779]
 [-4.82927353  0.50767308 -4.92545233 -4.51485031  3.65047249  3.63234319]
 [-2.94938817 -4.04959591  2.52214891 -4.1670669   2.77299986  3.54403292]
 [ 3.00446228 -4.55293041  1.97971282 -0.25963495  4.41947152  2.04229634]
 [-4.84439893  0.45894965  4.29181377 -4.14482532  3.15270571  3.61146684]
 [-4.88078698  1.88911439  2.43862303 -4.27512837  1.24846287 -3.92296793]
 [ 4.20548164  4.18147046 -1.41168731 -3.47441933 -2.07068247 -1.37572538]
 [ 4.41423344  3.7219588   2.98794251  3.11439706 -4.55164167 -0.31147481]]
