[[ 0.50210264  2.12525806 -4.71475986  1.70366377  0.84928283 -3.85419969]
 [ 4.07515775  4.45109793 -1.15664125  3.96442387  0.52671113  1.62764323]
 [ 1.31462552  1.36259718 -4.65068442  0.15594338 -0.20914361 -3.55123633]
 [ 0.29777225 -4.56190624  1.75638307 -3.41498296 -2.44541035 -2.10063271]
 [ 3.57000227  4.06422602  0.13331941 -0.80730112  0.18285849 -2.36408326]
 [ 0.59851625 -0.83479379  2.18872861  1.66146095 -2.5221005  -2.11142174]
 [-1.40131173  3.37077456  0.47147565 -4.70618725 -4.50661285 -0.33269819]
 [ 0.196519    3.92805701  3.22665756  2.77635412  2.0349164   4.12454555]
 [ 3.04785985 -3.42599392  1.8240175  -2.53522035 -1.46975563  0.34054871]
 [ 4.29942084 -0.20973625 -3.60816841  0.01724982 -3.89259583 -1.90807179]
 [-3.57948375  0.62726411 -0.28343865 -3.03357607 -3.98934508 -3.67456759]
 [ 0.98042645  3.66173373  0.68705748 -3.9352514  -3.59086979  0.40401455]
 [ 2.71008032  0.18420537  1.54242266  1.59934933 -0.58573519  4.97682484]
 [ 0.70290064  3.03025052  3.11012266  2.27523971  3.62623244 -0.80064098]
 [-3.20772985  2.88471616 -2.30845535  4.89142318  1.14454912 -1.2740607 ]
 [-4.43643882 -1.84664206 -1.69940767  2.32857261  3.42614302  3.71335236]
 [-0.99069189 -1.1948636  -3.86380351  1.54461894 -4.73046641 -4.70043877]
 [ 1.85537311 -3.08542822 -3.23056471 -0.02047662 -2.38280391  3.3534011 ]
 [-1.20733436  4.53061177  4.93420925  0.73874338 -4.77867583  0.30672933]
 [ 1.28095278 -4.1340476  -4.98147555 -0.18958543 -1.26246729  0.85975565]
 [-4.72218751 -1.27182385  2.92983606 -3.12409484  2.97694602  0.97704724]
 [-3.34099541 -3.7702296  -1.23728715  2.32072815 -4.51025416 -0.67949052]
 [-3.29132019 -2.68084962 -4.74612266 -4.62305451 -0.76854878  0.46755712]
 [ 4.31192112  1.35096868 -4.10034911 -3.60736977  2.51483015  4.79593179]
 [ 1.04947282 -3.79132325  4.56744424  3.70838924  0.57363616 -3.52968343]
 [ 2.60011726  3.37154766  0.60208536 -1.34800903  4.31910839 -4.82170674]
 [-3.708419    0.75855105  4.88285329 -1.50399865  0.16351505 -3.93710436]
 [-4.66208338 -3.50812543  4.96112277 -0.14682844  3.12626913  0.48364154]
 [-0.26581502  4.94934889  4.75971319  4.3287629   0.54872601 -4.69023898]
 [ 0.67405799 -4.16191468 -0.1352503   3.91140407  4.80136779 -2.16302357]
 [-3.46789527 -2.05041815  2.13334822 -4.52476201 -4.19078302 -3.74042722]
 [-3.60031399 -4.89260933  3.44915477  2.5762884  -3.43727214 -3.09710174]
 [ 4.02612598 -0.15364088  2.66164173  4.99071469  1.7313765   2.55006716]
 [-3.39702407 -3.77942212 -2.44833263  2.02011614 -1.77212504 -3.86489836]
 [-4.5461544   2.76776424 -3.59204637 -2.07150496 -2.104476   -1.65532582]
 [-4.48500444 -1.73028115 -1.51456252  3.36022741  1.72142261  3.03505057]
 [-2.75383126 -4.23297744 -1.91583958 -1.22565314 -1.75209449 -1.99515174]
 [ 0.13260651  2.21293466 -0.0929714  -3.85860991 -4.31945278  1.95069508]
 [ 4.92002492 -1.15075391  1.3419705  -3.59316854  4.76650288  4.82257305]
 [-0.82906756  2.52925788  3.35249091  3.15957111  2.7017702  -1.55747383]
 [ 2.20659744 -3.30440591  1.72584793 -4.9231166  -2.01702906 -3.25601334]
 [-4.93853885  3.12771094 -1.58230243  1.10301866 -2.58280913 -1.06212954]
 [-0.93220343  0.8611469  -2.99231981 -1.68271603 -0.63807105  1.7790115 ]
 [ 2.95455785  1.64607705 -1.12493526 -3.42194596 -3.75824634  4.68689181]
 [-4.03551191  1.42083826  0.65756811 -1.09415875 -1.92578563 -0.88148734]
 [ 3.86387417 -2.26370858 -4.10065317  2.37057787 -2.88044941  3.89356222]
 [ 4.80242114 -3.82289762 -4.09511225 -3.85657511 -2.41759886  1.9751938 ]
 [-3.59845116  1.60288326  2.32463842  3.11775646  2.77214018  4.15318471]
 [-0.77432898 -1.18927005  2.65708062  1.22639114  0.90531716 -1.9769366 ]
 [ 0.88667852 -4.94124523 -1.76427901 -2.80093833  0.36559554 -2.37178733]
 [-1.05210424  0.31753062  2.57241008  2.0166956  -3.40444716 -4.74802755]
 [ 3.91101523  1.83170282  2.06726471 -0.94218708  0.18709948  3.5124912 ]
 [ 3.52702562 -3.78245785 -1.07288394  0.85302079 -3.16456878  3.31985751]
 [-4.05336415  2.28226671 -0.84891064 -0.24726147 -1.18872792  1.02021537]
 [ 2.51633901  1.5554685   2.83280028 -3.16434844 -1.66318385  0.30842055]
 [-1.71467745  3.5852952  -2.86506499  1.61312565  4.61354907 -0.83481187]
 [ 2.55774305  0.00714422  4.33039787 -2.57879077  1.52761065 -4.85596232]
 [ 2.95770997 -0.70362017 -0.9809514  -2.11364666 -1.35166064  0.20721805]
 [-4.8124333   2.46820981 -4.19101798  3.81504748 -1.56521215 -3.86109248]
 [-0.37157364  4.67418704 -4.76820022  4.24360235  4.42925863  0.90250705]
 [ 0.94802817 -0.20106909  2.65745459  0.51514472 -3.91830504 -0.66117227]
 [ 3.81958736 -1.27503673  4.16474368  1.82079497  2.77454113 -2.27107293]
 [ 1.01872316 -1.39624109 -1.46950608 -1.58390502  4.62829271  4.29082775]
 [-1.01657354  3.11099331  4.98327825  2.99130895  4.53209161 -3.94199344]
 [-2.23014453  1.74465302  2.02664547  2.76248796 -2.5536983  -0.11838474]
 [-0.90589171  1.21905795  1.29332191  2.34963568  0.96664154  2.06144555]
 [ 4.67209211 -2.96414548 -1.39167583 -0.47590937 -3.72932271 -1.57887697]
 [-1.96227175  2.02103009 -0.80671599 -0.08444061  3.3062149   0.38809529]
 [-1.14473637  2.66460536  2.98647557 -2.61288762  2.49264736 -2.99715776]
 [ 1.46830914  0.42198555  3.48238699  4.14729987 -2.2734749  -4.20250121]
 [ 1.2114828  -0.72413248 -2.09880894  2.72352485  3.19774846 -0.20863954]
 [ 0.8215823   4.2037227  -0.2111423   4.90077965 -0.03580099  4.8952707 ]
 [ 0.59184516  4.17399594  2.82827027 -1.35825228 -3.377613   -2.80739922]
 [-0.23234594 -3.11428918 -3.3932304  -4.79553497  1.21462031 -3.40149347]
 [ 0.01231711 -1.81949958  1.23674419 -3.20232933 -3.18260944 -2.44705198]
 [-2.05953344  1.51911392 -2.39820432 -0.84426094  1.60891555 -1.39520116]
 [ 0.97616673  2.65927021 -1.64889527  2.60726834  4.11279501 -2.62981445]
 [ 4.72313822  4.8030543   4.97547958  4.66421109 -4.27377316  3.32935864]
 [ 0.51041729  1.58060938  4.55698892  3.40998028 -3.15195665  0.1596167 ]
 [ 1.09582851  4.98334742  4.54740262 -4.51829794  3.44798219  2.15034241]
 [-2.64789507  2.58836125 -0.7201577  -4.60879621  4.60341271 -0.73774046]
 [-3.24577511  1.90977984 -2.78402589  4.42087626 -0.17737564 -4.46633786]
 [ 2.62384023  1.76378954  0.89300575 -0.66573955 -1.96506849 -3.83508588]
 [-0.97070121 -0.87810509  2.72856632 -1.41759878  4.44866022 -3.14706407]
 [-3.02156522  1.05697669  2.42641717 -4.24441639 -1.93371448 -2.07661662]
 [ 1.08625418 -2.46585052 -0.63029355  1.84862663  4.65767519  0.01128252]
 [ 1.25075703  0.45469094  0.93247764 -1.03953216  1.30187163 -4.68245851]
 [ 1.60114356  2.32162147 -3.98637194  2.68581374  2.36341034  4.88008278]
 [-3.6295956  -4.34263919 -3.81731467  0.71189712  0.38071123  0.93630861]
 [ 2.47378031 -0.92557491  4.23073798 -3.26462361 -0.53107952 -4.36989469]
 [ 1.78482484  2.97377819 -0.29995887 -0.38036428 -1.34597202  4.59411858]
 [ 1.90178867 -0.18426834  2.93065069 -2.23126754  0.20151076  4.46049654]
 [ 2.29804495  1.72690646  0.16117921 -0.14601368 -3.04004366  1.14822125]
 [ 4.5209547  -4.27570922  2.86188914  0.14149397  2.13617755  3.7287454 ]
 [ 2.92354239 -0.85191903 -0.89268838  2.07625575 -1.57042956  4.70446669]
 [ 3.38913885  4.51503256 -2.28202643 -4.80011404  4.62546576  0.15407983]
 [ 3.5486105   0.29823473  3.98204987  1.71424774  4.03766297 -2.87814401]
 [-3.7602646   3.81559367  1.26429899 -2.63237825 -3.03403     3.87578554]
 [-0.77498434 -2.2958419   3.14105796  1.84948587 -2.14594301  1.0487297 ]
 [ 2.8573016   1.82233658  3.70967749  3.63898787 -2.05661793  0.11602501]]
