[[ 1.48083668 -1.82513371  2.70956353  1.23969852  3.05227079 -2.31927257]
 [-3.55380696 -4.24256224  0.15010222 -3.11498576  1.05313802 -0.71376553]
 [ 3.57080372 -0.47152875 -4.79548575 -3.84273091  4.10151156  2.68218502]
 [-2.92504162  3.09234281 -3.64879497 -4.02757453 -4.00343269  0.10125734]
 [ 0.97912501  2.31833015  4.76574309 -0.65514076 -0.51444992 -3.98933038]
 [ 0.1162476   1.97034146  2.11298937 -2.84771885  4.84367559  3.55023584]
 [ 2.94417267 -4.67125845  0.08403705  1.70778719  0.08320182 -2.36825552]
 [ 2.46256489  1.68556274 -1.76618959 -0.06893275 -1.42992658 -3.3754716 ]
 [-1.12831125 -3.59952859  2.5372      2.199689    4.50352585 -0.13261978]
 [-1.84727145 -3.5698199   4.72483817  2.6888134  -2.45860891 -4.99247863]
 [-0.90410498 -4.39792426 -3.35071821  4.39230558  1.61210029 -2.64838658]
 [ 2.07344989 -4.73965212  3.38309546 -0.33977357 -1.15815844  2.92183845]
 [ 1.59528749 -3.48663704 -0.0098439   3.88930278 -4.19959263  2.62050632]
 [ 0.46087216 -0.68043251 -2.8360115   1.29916087 -0.84711861 -3.86730306]
 [ 0.65100971  1.97931256 -1.7952849  -3.94790982  0.99723525  1.38775291]
 [-3.0337382  -4.97334942 -2.83868148 -3.95048296 -1.40997237  3.30932758]
 [-1.75307214 -0.84956671 -0.36928428 -3.95548971  2.47736816 -4.14961837]
 [-3.32215668 -4.17383952  2.18605174 -3.55013285  4.6472695  -0.1867026 ]
 [ 3.23757129  2.37987412 -0.22900739 -2.0027749  -3.85608322  4.85512304]
 [ 3.36631447 -2.3496089   4.61017827  4.00075172 -1.30302504 -3.03899102]
 [-1.26933276  2.40127852  4.07066532 -1.42825113 -4.70361917  3.77259188]
 [ 3.16651672  4.16702437 -0.28972218  3.75338787 -1.77387953  2.74268258]
 [-4.21867272 -2.53774133 -1.6314256   4.45590893 -2.96638267 -4.49903417]
 [-0.99414956 -3.96299371  2.41735086 -0.57629772  3.78542601 -3.0379134 ]
 [-3.51307297 -0.85260195  1.09624235  0.77165515 -0.75625495 -3.85728024]
 [ 1.07628263 -0.52284677 -3.80379585  4.88464836  4.71218787 -3.29487299]
 [-4.50824129  0.87140157  2.51019829  4.90221698  4.30214774  0.79751014]
 [ 3.96164542 -2.83141339  2.70701015  2.26193843 -3.8194758  -3.42012966]
 [ 2.14224546  3.23254839 -2.90094072  4.72393262 -3.91312071  2.10691268]
 [-1.18889827  1.96007737 -2.42120327  4.63673245 -3.38167808 -1.18906543]
 [-0.77167639 -1.55891097  2.90273385  3.34217534  2.77013947  1.49005053]
 [ 1.53637098 -4.13618153  4.5770796  -0.31796164 -4.72804809 -1.67396316]
 [ 2.89439346 -0.15617036 -1.05446569 -4.84205005  4.66924744  0.12457142]
 [-3.39278364  2.46205033 -2.92412599 -4.79914279  0.87415767  1.07699543]
 [-3.28486951  0.47623146 -1.03338981 -3.91604597  3.66079845  0.79775142]
 [ 2.7302573  -4.27578555 -0.55466193  3.82725314 -4.94811643 -4.21226924]
 [ 4.73062015  0.11454155  1.83899933  0.13965658 -1.02635768  2.81597368]
 [-2.16839382  4.67191849 -1.19860435 -0.70290205  2.98935058 -0.87802905]
 [-2.87402507 -4.40513476  3.58016268  4.82342855  4.30513894  3.7849061 ]
 [ 3.69492229  1.89952332  4.93428851 -1.16700005 -3.51469934  1.58957933]
 [ 1.39434765 -1.92364438 -2.69503148 -3.88385955 -4.84078937 -4.35248195]
 [ 1.7128896   0.34180985  1.17741093  3.68838381  2.19392626  0.65583893]
 [-2.8108284  -0.39803777  0.01108694 -3.53900569 -2.64067509 -2.46550492]
 [-2.20834683  4.82922099  0.30357899  2.61606865 -3.5018478  -1.09522333]
 [ 1.52258057  1.69486089 -2.04363015 -0.79017538 -3.76768691  3.92222963]
 [-2.35368543 -4.48349356  1.5415056   0.40275291  4.99650349 -1.48134682]
 [-2.72499851  4.3110819   3.83899961 -3.32202442 -0.49988614  4.02981694]
 [-0.30874455 -0.04903987 -1.44962702 -1.45668786 -4.02176631 -2.9879044 ]
 [ 2.73667625  1.54400851 -3.1584498  -4.60892923  1.27455831 -4.64008579]
 [ 3.91699766  1.06845545  3.17752106 -4.95496065 -1.71639082 -1.45420647]
 [-3.75662092 -1.21246405  2.63744212 -4.31739381  4.96233922  2.96719188]
 [ 3.44551718 -2.86821415 -2.08245312 -0.69506982 -2.53077949 -2.1895719 ]
 [ 2.34982266 -0.60470906  3.045315    4.79128347 -1.88582423  0.5710978 ]
 [-0.20958674 -3.44169767  4.26343378  0.63167866 -1.78338555  1.91310333]
 [ 3.99005004 -3.3661936  -1.16283847  1.76568039 -1.65092862  3.26432494]
 [-0.66275745  1.2614454   2.4460405  -2.37042073 -0.36144844 -2.63230895]
 [ 0.46701592  4.65483643  3.92971382 -0.53584315  3.19316759  2.10961409]
 [-3.28815494  0.68525598  0.02840418  2.9027859  -3.67621538 -4.57872582]
 [ 4.5850277  -3.00870268  0.62591845  0.86082235 -2.33043775  2.69286581]
 [-2.09577983  0.23193569 -3.62153215  3.31212622  2.5196073  -3.37479639]
 [ 3.06498125 -0.62295169 -1.61764178 -1.85561776 -1.97024809  0.3693191 ]
 [-0.12079201  3.35040991  2.71784822 -0.72314868  0.8128112   4.75330321]
 [ 0.43878411  2.04057111  3.45647536  2.63646502  2.67614606 -3.33798687]
 [-1.12223795 -4.53135334  4.75253975 -0.68131291 -1.18292692 -3.14581252]
 [-3.13260453  3.08182647  4.24213902 -0.32192483 -4.22270112 -0.89222443]
 [ 4.63465953 -3.06287013 -3.07914149 -2.8910162  -2.38869885  4.60798837]
 [-4.25376596 -3.28628117  2.2151177   2.07255424  0.10751057 -3.33837531]
 [ 3.1266055  -0.81487513  4.28159467 -4.75868084  0.5493132   3.50940664]
 [ 2.69133557  3.43056813  0.09633356  1.42035193 -2.5017769  -1.34550113]
 [ 3.48403951 -1.1649364  -0.65199132  4.00809864  4.78718297 -0.18920033]
 [ 0.39851732  3.07715928 -2.22200241 -0.7259657   3.45066099  3.33807373]
 [-4.04045588 -3.0426976   2.4274108  -4.31654076  1.03309787 -1.11515601]
 [-0.79995936  3.30088627 -4.69053812  4.06139268 -3.25112992 -4.15792373]
 [ 0.49190535 -0.51927588 -4.61330083  3.34492908  0.42218835 -0.17101805]
 [ 1.53529205 -3.52004816 -1.84301483  2.21531164  3.04549769 -0.30362619]
 [-3.21204486 -4.13149866  3.09924168 -1.12182568 -2.99420284  2.2435829 ]
 [ 0.13680294 -4.74694383 -1.85230204 -3.36575338  1.98565387  0.9038371 ]
 [-3.25386401  2.90114256  4.8407074   2.70185822  4.06557937 -4.09406759]
 [-3.73403256  4.30197791  1.63922774  3.61602094  3.74804755 -2.31706397]
 [-3.63008927  2.05512925  4.24625608  2.20989686 -0.05952722 -0.72132791]
 [-4.50130192 -3.33650798 -0.77347062 -0.84919863 -0.115333    3.96265379]
 [ 0.05230339  4.22968876  3.24017641  0.91818379 -1.3430936   3.96119084]
 [-0.5572395  -4.40164424  4.67165269 -1.304703   -3.04688005  0.40945683]
 [-3.9158051   1.68609875  2.96932731 -2.96759038 -3.93657181 -4.39636343]
 [ 0.26602939  1.85323415 -3.76738523 -0.04698787 -1.07206667  4.91546446]
 [ 1.80453211 -3.47927258  0.14640087  3.95128938  3.82761433  0.03653938]
 [-1.43162703  3.23570363  0.02887755  1.86121797  3.66247568  3.93293359]
 [ 2.25475546 -3.33812598  3.35153945  2.16792305 -2.48755098 -4.32898934]
 [ 2.52678443  2.57264224  4.98782415 -2.91794964  3.91423796  0.2569774 ]
 [-0.14003311 -0.37312494  3.82765506  4.78782552 -1.68809213  1.24533817]
 [-1.41705707  4.98936444 -1.57405371  4.18201348  4.09490398 -1.50357137]
 [-0.16654146  3.71198681  3.5176882  -4.13732053 -2.06500092 -2.31724845]
 [ 2.35460424  3.51589902 -1.23955447 -1.00096713 -3.96320347 -2.25348801]
 [ 3.81251417  3.54144147  2.11861692 -1.85818781  0.87987059  3.93972414]
 [ 4.81988306 -0.72397049  4.91273339 -3.29567256  4.02105778 -1.2483316 ]
 [-1.19505504 -3.2853053   0.32483358  1.77510542  1.86263932  2.15372156]
 [ 1.86308894  3.44668397  2.38181578 -3.60350371 -2.85002684  2.52970272]
 [-2.55233166 -0.16158056 -1.16460317 -0.81629654  4.99545199 -1.53685224]
 [-2.75587802 -4.32800086  0.39002421 -1.72665607 -1.75081628 -4.04309346]
 [-2.89490755  0.68674777 -1.74999715 -3.4352298   2.53263397  2.30892194]]
