[[ 0.76645347 -0.48862023 -4.77277396  0.37882832  0.75871284  1.69707737]
 [-1.11405934 -0.49326901  0.43881787  0.30737714 -2.12540319 -2.17269075]
 [ 4.89225639 -3.37895325  4.41952109  0.16205429  3.36974072  1.70252364]
 [ 0.96144392 -0.45864702 -2.31385954 -1.33787472  1.60214829 -0.20732999]
 [-3.54131654 -0.23544358  2.10209198 -0.60366719  4.99833545  2.10408698]
 [ 3.18765388  2.05255859 -4.56876914 -1.76246826  1.44516035  3.73755922]
 [ 1.71794044  0.45797913  4.07520627  3.53129567 -4.82721878 -3.83737342]
 [ 3.25949447  4.63152087 -4.2225237   3.69273831  0.9003971   4.29937553]
 [ 1.2482025  -0.80040202  3.96423017 -1.32491457 -1.32692492 -1.71040485]
 [-4.03288532  0.91222289  3.5261247   3.86230698 -4.570062   -3.10504497]
 [-0.45369974 -3.32395936 -2.52701369 -1.07322069 -1.64182538  3.973198  ]
 [ 3.39190889 -4.2334581   3.60735096 -0.42662105  4.06013763  4.9003038 ]
 [ 2.66633984  2.18377781 -0.79169141 -1.82524778 -1.92107742 -3.08298116]
 [-2.34770082  1.43504795 -4.49048286 -0.65947981  2.07070354 -3.74553412]
 [-1.46475846 -0.90817234  4.26124648  4.90442693  4.26930497 -1.68702067]
 [ 2.76317745  1.07405416  0.12621426  1.69355578  1.26669229 -4.00713563]
 [ 4.66154992 -0.70579095 -0.78602612 -1.97901106 -1.12642201  0.64801134]
 [ 1.09754471 -1.85414788  0.44470478  2.96332613  4.4047903   0.55841477]
 [ 0.62593224 -1.9990336   2.20617787 -1.42221308  2.04576233  3.346895  ]
 [ 1.77956708 -2.41223072  3.65826829  2.88833876 -4.54464574  3.91817741]]
