[[-3.69937428 -4.54809096  0.49541323  0.41230241 -2.10794606 -3.34293415]
 [ 2.0207249  -3.93388505 -0.79904668  2.78217251  2.55057177  2.88022751]
 [ 3.6240749  -0.50102592 -3.94078164 -2.10655532  3.20029734 -3.28978972]
 [ 2.58974295 -1.11806591 -2.35436658  1.37305599 -2.02740435 -3.17868206]
 [-0.69323033 -2.07902811  4.09159266 -0.76921351 -1.5500612  -2.70004373]
 [ 0.95437097 -1.76030673 -1.35868222 -4.85640602  2.12677067  2.90269544]
 [-1.3024363  -1.02532514  3.70809737  0.67087065  2.65503373 -4.12821346]
 [ 0.26981958 -1.75781547  1.39046837  2.01886562  4.88904253  4.91626246]
 [ 3.98288062  0.72175259 -1.56938922  4.68390938 -0.04062705  2.52848869]
 [-3.14036296  1.91891159  3.54199881  0.45048735  4.14868958 -0.15564771]
 [-2.09101256  2.56390846  0.6331044   2.4954283  -2.89543199  2.9268895 ]
 [ 1.55153152  2.06835519 -0.91544427  0.65256744 -3.18046847  0.68500601]
 [ 1.65658933  0.48232395 -0.03505049  1.22635261 -3.24385558  1.85064166]
 [ 2.36767796 -1.83465906  0.68928034 -1.62214036 -2.33517386 -4.01757377]
 [-3.96775737  2.7292608  -2.49670401 -3.55511131  1.55492154  2.1630197 ]
 [ 0.8990472   4.51100702  3.26685833 -2.55900646 -1.93028791  2.88907253]
 [-2.06798397 -4.08951494  2.83226899 -2.41509216  3.78521063 -0.62283717]
 [ 2.00793464 -2.79579868  0.07782904  2.56155835 -1.68426337  4.26946213]
 [-4.05713253  1.94612723  0.24086353 -2.76888683 -1.59964007  0.64112046]
 [-1.32909309 -2.73498501 -2.46089797 -0.06021666  4.16246928 -3.70351199]]
