[[1.00000000e+00 3.19356212e-46 7.07638682e-56 2.57259645e-73
  6.37238693e-21 1.12415146e-63 1.95233059e-78 3.74582846e-99
  1.69164327e-58 5.42023786e-64 9.55923055e-94 6.44337684e-66
  5.32321364e-43 8.64153255e-29 5.07173864e-46 1.21262989e-69
  5.85254052e-76 4.48178291e-94 5.13595890e-30 3.95405463e-30
  1.00000000e+00]
 [3.19356212e-46 1.00000000e+00 5.58681429e-44 2.15751072e-38
  3.27551885e-42 2.70910235e-20 1.37481283e-42 5.96156137e-33
  4.68192346e-22 5.29271945e-54 7.39629832e-38 1.53881575e-31
  5.58954564e-34 1.17538532e-46 1.62735299e-11 1.72359304e-37
  1.62011348e-44 2.02417247e-15 5.71926421e-31 2.92675719e-28
  1.00000000e+00]
 [7.07638682e-56 5.58681429e-44 1.00000000e+00 1.16168705e-69
  7.42695833e-58 6.76276803e-61 1.13521265e-50 7.19431781e-61
  3.91021717e-23 2.55962929e-32 2.20706719e-31 1.97514596e-43
  1.27083513e-26 3.10349459e-16 1.17171794e-34 6.29861056e-44
  9.86830310e-52 8.72470616e-67 3.23919566e-74 8.49432331e-33
  1.00000000e+00]
 [2.57259645e-73 2.15751072e-38 1.16168705e-69 1.00000000e+00
  7.64446435e-51 2.32770548e-24 1.93307294e-29 4.20614077e-39
  2.26501852e-54 1.72814307e-47 3.06761161e-38 2.88285558e-46
  3.77461267e-35 1.37315690e-72 3.80908688e-67 1.21671205e-27
  1.42256937e-23 8.82189834e-27 3.33524931e-36 4.64850329e-74
  1.00000000e+00]
 [6.37238693e-21 3.27551885e-42 7.42695833e-58 7.64446435e-51
  1.00000000e+00 6.02347801e-38 8.01543142e-78 7.44234419e-92
  1.04584660e-34 1.18327217e-89 5.29343363e-81 6.24258295e-50
  3.65479320e-63 1.27357390e-56 5.23085489e-47 2.69318562e-56
  5.14668533e-56 1.33621623e-67 1.61331871e-47 2.61171175e-26
  1.00000000e+00]
 [1.12415146e-63 2.70910235e-20 6.76276803e-61 2.32770548e-24
  6.02347801e-38 1.00000000e+00 2.93866392e-26 2.55480639e-19
  4.57459696e-21 1.58004248e-73 8.19526623e-26 1.06264596e-24
  6.99976944e-50 3.00718492e-65 8.00340524e-38 7.25902236e-22
  2.28779474e-18 1.37090451e-16 1.01356426e-44 1.65053089e-29
  1.00000000e+00]
 [1.95233059e-78 1.37481283e-42 1.13521265e-50 1.93307294e-29
  8.01543142e-78 2.93866392e-26 1.00000000e+00 1.56611598e-15
  5.77007672e-44 1.68445828e-29 1.61158270e-11 3.00560729e-54
  1.88921016e-21 7.86361838e-48 6.19025504e-51 2.52525917e-32
  7.90917533e-28 4.94537992e-34 2.84778957e-57 1.14913130e-54
  1.00000000e+00]
 [3.74582846e-99 5.96156137e-33 7.19431781e-61 4.20614077e-39
  7.44234419e-92 2.55480639e-19 1.56611598e-15 1.00000000e+00
  7.13217273e-41 3.19019702e-55 5.71753615e-11 8.07998741e-30
  1.11433373e-41 3.77739619e-61 2.59784733e-54 2.36849095e-19
  1.71104419e-19 9.44212411e-26 3.55426671e-56 7.74795860e-54
  1.00000000e+00]
 [1.69164327e-58 4.68192346e-22 3.91021717e-23 2.26501852e-54
  1.04584660e-34 4.57459696e-21 5.77007672e-44 7.13217273e-41
  1.00000000e+00 1.24189753e-68 1.05611714e-25 5.69502987e-29
  7.81729187e-49 3.04999100e-45 7.72015430e-18 7.94955701e-37
  9.21335195e-39 9.52400401e-31 4.55891450e-72 4.04273094e-13
  1.00000000e+00]
 [5.42023786e-64 5.29271945e-54 2.55962929e-32 1.72814307e-47
  1.18327217e-89 1.58004248e-73 1.68445828e-29 3.19019702e-55
  1.24189753e-68 1.00000000e+00 6.56708579e-38 4.06420396e-74
  5.96191068e-04 2.56329539e-24 9.52851182e-58 1.26960662e-52
  3.15350817e-58 5.40136561e-68 1.07769597e-50 2.93614349e-76
  1.00000000e+00]
 [9.55923055e-94 7.39629832e-38 2.20706719e-31 3.06761161e-38
  5.29343363e-81 8.19526623e-26 1.61158270e-11 5.71753615e-11
  1.05611714e-25 6.56708579e-38 1.00000000e+00 2.40323624e-34
  3.83239735e-30 2.57894213e-46 1.50261833e-45 5.40202124e-22
  3.57847326e-21 6.54044088e-29 3.99308441e-72 4.90307278e-47
  1.00000000e+00]
 [6.44337684e-66 1.53881575e-31 1.97514596e-43 2.88285558e-46
  6.24258295e-50 1.06264596e-24 3.00560729e-54 8.07998741e-30
  5.69502987e-29 4.06420396e-74 2.40323624e-34 1.00000000e+00
  3.07020646e-54 3.60025593e-45 1.35394343e-57 4.15574327e-07
  6.41087013e-13 4.15454371e-48 6.78812377e-41 2.98183975e-32
  1.00000000e+00]
 [5.32321364e-43 5.58954564e-34 1.27083513e-26 3.77461267e-35
  3.65479320e-63 6.99976944e-50 1.88921016e-21 1.11433373e-41
  7.81729187e-49 5.96191068e-04 3.83239735e-30 3.07020646e-54
  1.00000000e+00 7.34651140e-17 4.42805022e-39 2.16335010e-38
  2.48151276e-43 2.66387057e-50 5.74139631e-33 1.13153242e-51
  1.00000000e+00]
 [8.64153255e-29 1.17538532e-46 3.10349459e-16 1.37315690e-72
  1.27357390e-56 3.00718492e-65 7.86361838e-48 3.77739619e-61
  3.04999100e-45 2.56329539e-24 2.57894213e-46 3.60025593e-45
  7.34651140e-17 1.00000000e+00 3.65373748e-44 3.76686220e-42
  1.80402842e-51 3.95478531e-86 1.06720640e-42 3.21391636e-31
  1.00000000e+00]
 [5.07173864e-46 1.62735299e-11 1.17171794e-34 3.80908688e-67
  5.23085489e-47 8.00340524e-38 6.19025504e-51 2.59784733e-54
  7.72015430e-18 9.52851182e-58 1.50261833e-45 1.35394343e-57
  4.42805022e-39 3.65373748e-44 1.00000000e+00 3.88299180e-66
  4.81626309e-73 4.19407954e-31 5.83785858e-61 2.91369941e-22
  1.00000000e+00]
 [1.21262989e-69 1.72359304e-37 6.29861056e-44 1.21671205e-27
  2.69318562e-56 7.25902236e-22 2.52525917e-32 2.36849095e-19
  7.94955701e-37 1.26960662e-52 5.40202124e-22 4.15574327e-07
  2.16335010e-38 3.76686220e-42 3.88299180e-66 1.00000000e+00
  1.25452638e-02 6.83008041e-44 4.04179423e-36 6.19869473e-44
  1.00000000e+00]
 [5.85254052e-76 1.62011348e-44 9.86830310e-52 1.42256937e-23
  5.14668533e-56 2.28779474e-18 7.90917533e-28 1.71104419e-19
  9.21335195e-39 3.15350817e-58 3.57847326e-21 6.41087013e-13
  2.48151276e-43 1.80402842e-51 4.81626309e-73 1.25452638e-02
  1.00000000e+00 1.11109254e-43 1.99972216e-43 7.69877757e-48
  1.00000000e+00]
 [4.48178291e-94 2.02417247e-15 8.72470616e-67 8.82189834e-27
  1.33621623e-67 1.37090451e-16 4.94537992e-34 9.44212411e-26
  9.52400401e-31 5.40136561e-68 6.54044088e-29 4.15454371e-48
  2.66387057e-50 3.95478531e-86 4.19407954e-31 6.83008041e-44
  1.11109254e-43 1.00000000e+00 3.58569450e-61 2.84361092e-58
  1.00000000e+00]
 [5.13595890e-30 5.71926421e-31 3.23919566e-74 3.33524931e-36
  1.61331871e-47 1.01356426e-44 2.84778957e-57 3.55426671e-56
  4.55891450e-72 1.07769597e-50 3.99308441e-72 6.78812377e-41
  5.74139631e-33 1.06720640e-42 5.83785858e-61 4.04179423e-36
  1.99972216e-43 3.58569450e-61 1.00000000e+00 1.04929765e-56
  1.00000000e+00]
 [3.95405463e-30 2.92675719e-28 8.49432331e-33 4.64850329e-74
  2.61171175e-26 1.65053089e-29 1.14913130e-54 7.74795860e-54
  4.04273094e-13 2.93614349e-76 4.90307278e-47 2.98183975e-32
  1.13153242e-51 3.21391636e-31 2.91369941e-22 6.19869473e-44
  7.69877757e-48 2.84361092e-58 1.04929765e-56 1.00000000e+00
  1.00000000e+00]
 [1.00000000e+00 1.00000000e+00 1.00000000e+00 1.00000000e+00
  1.00000000e+00 1.00000000e+00 1.00000000e+00 1.00000000e+00
  1.00000000e+00 1.00000000e+00 1.00000000e+00 1.00000000e+00
  1.00000000e+00 1.00000000e+00 1.00000000e+00 1.00000000e+00
  1.00000000e+00 1.00000000e+00 1.00000000e+00 1.00000000e+00
  0.00000000e+00]]
