[[-4.53182251e+00  1.34481728e+00  7.54936992e-01 -1.33989965e-02
   2.86569009e-01 -2.97472468e-01]
 [ 3.87337023e+00 -4.20216159e+00  3.16637054e+00 -9.73813249e-01
   4.84544939e+00  2.49186315e+00]
 [-2.30841874e+00 -3.20600279e+00 -2.71716136e+00 -3.00615457e+00
   3.28592056e+00  8.90603539e-01]
 [-1.09987054e+00  4.20876881e+00 -2.71742311e+00 -1.14468660e+00
   1.61800863e-01 -3.86364973e+00]
 [ 4.47861980e+00 -1.48715853e+00  2.47442628e+00 -1.96024605e+00
   2.26354198e+00  4.99957303e+00]
 [ 1.08451243e+00  9.11998673e-01  2.79287411e+00 -3.48203468e-01
   2.99430843e+00 -3.24572316e+00]
 [ 3.82775259e+00  3.06748063e+00  2.87359108e-01  1.09561475e+00
   2.25736373e+00  2.28550146e+00]
 [-2.73625407e+00  2.78783970e+00 -3.76676125e+00  3.09652744e+00
   3.54176457e+00 -2.50314808e+00]
 [-2.74387711e+00  3.18286147e+00  3.49321565e+00 -8.43864161e-01
   1.58582835e+00 -8.38607638e-01]
 [-2.73966187e+00 -3.69401975e+00 -4.32003274e+00  1.61863223e+00
  -2.95674672e+00  9.11210718e-01]
 [-3.55022294e-01  4.22426273e-02  1.30741078e+00 -2.14496445e+00
   2.05780002e+00 -4.20514663e+00]
 [-2.59618690e+00  2.81468022e+00  4.82057375e+00 -2.85974911e+00
  -1.46235734e+00 -3.14127349e+00]
 [-2.13141447e+00 -1.95448255e+00  3.70811478e+00 -3.45933382e-01
   4.76904602e+00 -4.17373770e-01]
 [-4.45233891e+00 -4.76774364e+00  4.29385736e+00 -3.76939527e+00
   4.06428779e+00 -2.01342584e+00]
 [-2.59387159e+00 -2.42675458e+00  4.61145357e+00 -2.68779649e+00
  -4.53820523e+00 -2.36798199e+00]
 [-4.03054010e+00  3.23609137e+00 -4.90450355e+00  2.83345564e+00
  -3.06116559e+00  3.00840984e+00]
 [-4.25946829e+00 -2.91077733e+00  4.09381847e+00 -9.89711269e-01
  -3.11303414e+00 -4.97804130e+00]
 [-4.58623585e+00 -4.48241589e-01 -2.78155143e+00 -3.45715251e+00
   9.31502108e-01  1.76922595e+00]
 [-2.22739609e+00  5.16045131e-01 -2.30569492e+00  1.90692882e-01
  -8.96361661e-01  3.45390902e+00]
 [ 3.37183208e+00 -1.07376041e+00  4.45331627e+00  1.48799929e+00
  -8.28114654e-01 -2.11319151e+00]
 [ 2.47711662e+00 -1.79657441e+00  4.45737414e-01 -1.57662322e+00
  -7.39587305e-01  3.26701850e+00]
 [ 9.97524309e-01 -6.34455006e-01  1.67650381e+00  4.33744113e+00
  -3.63765590e+00  3.01596021e+00]
 [ 3.95545967e+00 -1.44393366e+00 -2.51080585e+00 -2.48771750e+00
  -1.38459225e+00  3.16047551e+00]
 [-1.15724213e+00  3.35558236e+00  4.60019116e+00 -2.17045145e+00
   1.36177381e+00 -3.41604232e+00]
 [-2.43428983e+00 -5.06612766e-01 -4.07906807e+00 -4.10057230e-01
   4.09799474e+00  6.52239740e-01]
 [-2.38570292e+00  1.00328026e+00  2.29262135e-01  4.98999801e+00
  -1.92368827e+00  4.02931340e+00]
 [-9.85966651e-01 -4.10290603e+00  6.96513861e-01 -4.86410929e+00
   4.66572194e+00 -3.56430980e+00]
 [ 4.82756810e+00 -4.59145940e+00  4.86828377e+00  6.64293801e-01
  -1.61412987e+00 -6.21532053e-01]
 [-6.29109556e-01 -2.23612370e+00  9.60534806e-01  2.84601656e+00
  -4.01220754e+00 -4.09104714e+00]
 [-3.00309439e+00 -2.16061260e-01 -4.79105719e+00 -7.17500057e-01
  -1.93153413e+00 -1.41923965e-03]
 [-3.92385830e+00 -4.84524425e+00 -3.61803544e+00  3.86010201e+00
   3.64889961e+00  4.22989234e+00]
 [ 3.81886479e+00 -1.54711587e+00 -2.61830637e+00 -4.11144044e+00
   6.00898508e-01  2.73117555e+00]
 [ 3.37535815e+00  4.42216756e+00  1.73586048e-01 -3.20522945e+00
   3.61035183e+00  1.12578819e+00]
 [-3.39145831e+00 -1.99073107e+00  3.40337254e+00  4.49967393e+00
  -3.05843706e-02 -2.86887676e+00]
 [-2.50152992e+00  1.75027273e+00  3.26466761e+00 -1.18997729e+00
  -2.61917346e+00 -2.87497059e+00]
 [ 1.13663391e+00  2.83045739e+00 -1.97125560e+00 -2.35269280e+00
   4.97429088e+00 -4.02381978e+00]
 [-3.58628126e-01 -2.93281543e-01 -3.93243584e+00  2.08860810e+00
   4.38448233e+00 -4.92955369e+00]
 [-2.08807520e+00 -9.16071421e-01 -1.71061156e+00  2.05139634e+00
  -4.42456591e+00  3.20987109e+00]
 [-2.75945109e+00  1.48228922e+00 -3.60071848e+00  2.00485861e+00
   3.31474242e+00 -3.00817602e+00]
 [-2.95141759e+00 -2.72026218e-02 -2.24168671e+00 -4.01578362e+00
   3.02147864e+00 -1.00717958e+00]
 [-2.44075307e+00 -4.66619837e+00 -1.33130265e-01  4.21127809e+00
  -4.75965219e+00  2.03629260e+00]
 [ 1.79057791e+00 -4.51436072e+00  8.25602927e-01 -4.79447740e+00
  -2.60695120e+00  2.37279371e+00]
 [ 3.73982258e+00  2.63120515e+00 -1.02554770e+00 -2.51365642e+00
   4.16800814e+00 -4.37390467e+00]
 [ 3.90339350e+00 -4.64432738e+00 -2.02627920e-01  3.86188556e+00
   1.66156370e+00 -3.56791483e+00]
 [-1.65615564e+00 -1.15046530e+00 -1.60780083e+00  1.55788272e+00
  -4.52572574e+00 -1.56253780e+00]
 [ 2.76896222e+00  4.17105995e+00 -5.89372754e-01 -1.05035456e+00
   1.95680912e+00  1.35098275e+00]
 [-2.70498566e+00  1.65885943e+00 -4.42273537e-01  3.40803745e+00
  -2.39826150e+00 -1.98956236e+00]
 [-3.23978989e+00  2.25865489e+00 -4.80996002e+00 -1.05908613e+00
  -4.33601161e+00 -7.62473046e-01]
 [ 2.48323532e+00  3.84078344e+00 -3.68703267e+00  2.66653457e+00
   4.70052604e-01  1.43350513e+00]
 [ 8.08523846e-01  1.96007082e+00 -2.10419755e+00 -2.20055538e+00
   3.15174413e+00  4.34783473e+00]
 [-2.04511871e+00 -3.63342371e+00 -7.88812338e-01 -1.48528599e+00
  -3.69424473e+00  2.57253738e+00]
 [-3.51813488e+00  8.20679577e-01  2.71820844e+00 -3.79453138e+00
  -4.42007175e+00 -2.64743829e-01]
 [-1.58260267e+00 -2.66677301e+00 -3.53865296e+00  2.11353931e+00
  -2.45780418e+00 -4.10210626e+00]
 [-2.72323528e+00 -1.56589619e+00  6.70317199e-01  1.05985043e+00
   4.05629297e+00  1.48433209e+00]
 [ 6.96118505e-01 -3.98656946e+00 -2.45915613e+00  4.98551380e+00
   9.61810860e-01  1.02377977e+00]
 [ 3.58851868e+00 -4.71163732e+00  1.93466620e+00  2.11162738e+00
  -1.34845855e+00  4.56587787e+00]
 [ 2.54503416e+00 -3.77384575e+00 -2.72788132e+00 -1.21668063e+00
  -1.71447048e+00 -1.28141488e+00]
 [-2.89546096e+00  3.06367013e+00 -4.05751677e+00  3.48613808e+00
  -1.58368656e+00  4.91821632e-01]
 [ 4.53186407e+00  3.39152820e+00  4.00175908e-01  5.49737657e-01
   3.02282765e+00 -1.61289542e+00]
 [ 3.62590391e+00  2.05272660e+00  2.60307445e+00 -4.11561122e+00
   2.74277224e+00  3.45243535e+00]
 [-3.89685503e+00  3.66693298e+00 -1.00852723e+00  4.51968613e+00
   2.60938036e+00 -4.75561658e+00]
 [-5.24427534e-01 -2.63790017e+00  4.40813729e+00  5.27134300e-01
  -2.76938973e+00  4.83750310e-01]
 [-4.57898894e+00 -1.08447722e+00 -1.15797961e+00  3.51215930e+00
  -2.50400472e+00  4.22478768e+00]
 [-3.86990051e+00  4.41163593e-01  3.08100982e+00 -3.89160845e-01
  -4.67299611e+00 -4.80581688e+00]
 [ 1.93605354e+00  1.38910840e+00 -1.23588323e+00 -5.14518226e-01
   2.45267950e-01  2.28081140e+00]
 [ 1.00038874e+00  2.19699855e+00 -2.92518714e-01  3.23446363e-01
   1.59073339e+00 -1.49632394e+00]
 [-2.33374275e+00  7.14718563e-01 -4.23966149e+00 -4.18669072e+00
  -3.19744055e+00 -1.17535584e+00]
 [ 2.30252860e+00 -8.28908252e-01  1.49400331e+00 -3.84772607e-01
  -4.44808925e+00 -4.01569984e+00]
 [ 6.72491879e-01  2.30736840e+00  4.94762764e+00  8.67908399e-01
   4.84641877e+00 -3.20769982e+00]
 [-4.56049988e+00 -5.14962687e-01 -2.09375689e+00 -1.73625930e+00
  -2.94145474e-02  2.35762342e+00]
 [ 4.61578788e+00 -4.45305188e+00  2.06296108e+00 -2.33111004e+00
  -4.23600296e+00  4.04464227e+00]
 [ 3.89859657e+00 -1.76850157e+00  2.55343956e+00 -3.07726909e+00
  -3.12176203e+00 -1.89561227e-01]
 [ 4.00883371e+00 -4.37389935e+00 -6.61862310e-01 -1.70595668e+00
   4.30236318e+00  2.89906513e+00]
 [-1.81375726e+00 -7.23670050e-01  4.66315504e+00 -5.26758590e-01
  -2.05454144e+00  7.45020818e-01]
 [-4.85431072e+00  3.16707082e+00 -4.39677614e+00  1.90314790e+00
  -2.22203557e+00  3.88227201e+00]
 [-2.96290002e+00 -3.62149427e+00  2.12449789e-01 -4.08240502e+00
  -4.42276716e+00 -4.80727818e+00]
 [ 4.40950821e+00 -3.09566757e+00  4.16496277e+00  3.15700069e+00
  -6.21567751e-01  6.35605482e-02]
 [-1.61235418e+00 -3.79161813e+00  2.27562979e+00 -3.55474858e+00
  -1.83295500e+00  3.93460435e+00]
 [ 4.83198284e+00 -6.68389116e-01 -1.95999106e+00  2.25200990e+00
   4.91484938e+00 -3.21062056e+00]
 [ 8.74152320e-01  4.32424253e+00  1.59443729e+00 -3.97773085e+00
   4.20776916e+00  3.36322334e+00]]
