[[ 3.24049855  0.6590427  -0.26312733 -3.5913368   2.37274956 -3.91313287]
 [ 1.34640834  0.06831226 -4.46396203 -2.17294809 -4.39041578  2.9337495 ]
 [ 3.3534566   1.08997199 -0.65000013 -3.51772139  1.16285932 -2.35001165]
 [ 0.75145193  2.71803237 -2.31615761 -0.55666778 -2.63982863  2.01080096]
 [-3.898999    3.14450797  2.20222427  1.73693512  0.54285699  1.09535958]
 [-0.6051851  -2.72401653 -4.89522494  0.85987058 -4.95905401 -1.12044935]
 [-3.57814729  3.54810742  4.79073309 -4.46546306  0.90229825 -1.65214198]
 [ 4.66051554 -2.3404835   3.91025281  4.3459235   3.68509775 -4.63201502]
 [ 2.93979167 -2.59991903 -2.84896662 -1.55410462 -3.57676917 -0.68888483]
 [-2.41068379  3.10296502  1.71853613 -3.16606019  1.44780638  4.98720568]
 [ 3.32881804  2.16590682 -2.81644102  1.32915412 -2.05364202  3.92232833]
 [-1.70461847  3.04293586  1.02621102  0.47187411  3.15476055  3.22625953]
 [-4.09369995 -4.45492224  3.58633854 -1.32919196  0.03959102  4.58593833]
 [ 1.30882625  0.51037381  4.32438243  4.42070098 -2.13323473  2.07264332]
 [ 2.3607996  -2.6371865  -2.89891145 -1.21683177 -3.10677585  4.66839842]
 [ 3.44293693 -2.28567654 -3.73876216  0.15654743  1.61039818 -3.35489924]
 [ 4.87222864  4.68011923  0.34162275  2.31902577 -4.41703419 -0.28050143]
 [ 3.00892726 -2.96494255  2.14302096  1.02836774 -3.97846423  0.56486649]
 [ 3.98148377  1.85011106  3.89094368  2.65441306 -4.3497598  -0.55008634]
 [ 4.03862563  4.45598837  3.99974009 -2.27047844 -4.55748272 -1.64898929]]
