[[ 43485.18283312]
 [ 13097.59323179]
 [ 12396.09030263]
 [ 11793.41219021]
 [-24114.89718047]
 [ -8849.47636911]
 [ 20382.12441751]
 [ -6510.92392517]
 [ 37048.97400794]
 [ -4328.07425619]
 [  1621.55458205]
 [ 36660.6940612 ]
 [-16888.16291845]
 [-36641.45522388]
 [-28693.93370839]
 [ -8182.35977483]
 [ 42858.29200016]
 [-37540.06266739]
 [ 15574.39778195]
 [ 25106.07768871]
 [-19092.90013356]
 [ 10340.10447825]
 [-23194.51074146]
 [ 50211.70327671]
 [ -5506.73376395]
 [ 18666.80374332]
 [-35768.21334108]
 [-34094.13423875]
 [ 12871.73916737]
 [  7816.28907383]
 [ -9112.55586168]
 [ -4811.14165491]
 [-27747.83959659]
 [-10536.55683515]
 [-17843.14321466]
 [ -9973.23644493]
 [-24859.42719411]
 [-12029.83167995]
 [-12729.53371751]
 [ -4986.70710675]
 [ 29919.53578178]
 [-12226.53592253]
 [ -4419.68481701]
 [  3531.07813518]
 [ 14523.25036931]
 [-23433.99855698]
 [  5366.03791033]
 [ 42357.67509904]
 [-13198.87831781]
 [ 50924.96777682]
 [-29238.66874594]
 [ 39743.6765807 ]]
