[[-4.75723608  4.41115773 -4.89184815 -1.77893319 -1.34942643  1.02856575]
 [-1.13464191  3.78153644  4.9648916   0.18476171  1.62928225 -3.72079364]
 [-0.17067441 -3.22135456  2.63022987 -3.10731539 -0.46971635 -3.82943792]
 [ 3.20395856 -0.39255643  4.83297948 -1.60532067  2.87628675  1.95225398]
 [ 2.25267287  1.71058185  1.52907489  3.90302268  0.21153416 -3.785524  ]
 [-3.51925999  2.06906715 -4.75852449  4.57736401 -4.26365667 -0.91022122]
 [-1.26957843 -4.2504204   0.26742858 -4.51425887  3.29956719 -0.17952887]
 [ 0.70843797  2.96235576 -3.56353261 -4.03119658 -2.79241258 -3.04934982]
 [-1.64262096  3.55763205  1.18035192  1.96210579 -0.47970313  2.16266819]
 [ 2.58622298  4.83925844 -4.20369121 -0.29646941 -3.96321328  0.30047882]
 [ 3.32083914  0.91331219 -3.54782706 -0.88680986  0.79919422 -0.33784272]
 [-1.51492379 -2.25210872 -3.25133232 -0.06935776 -0.16432357  3.03919776]
 [-3.61651485  4.75429584 -1.50847454 -1.78673906 -2.89454419  3.59085566]
 [-1.92593366 -3.1859608  -3.79119989  4.43993914  4.8122549   3.0388041 ]
 [ 2.78876649 -2.12090299 -1.53981834  1.81873023  2.34592872  3.10897184]
 [-0.56061563 -0.72458712  1.33935818 -1.21341146  0.30148128  0.22756056]
 [-0.30238053  0.95404471 -0.19549281 -3.65135833  0.87087122  3.76765206]
 [ 2.95998711  2.23532069 -2.95612159  2.08445726 -2.31888487  3.34479403]
 [ 2.79233736 -1.66631325  2.27991373 -3.57716567  2.11207842  4.71632454]
 [ 4.18336865 -4.38633094 -4.46854475 -2.7159062   3.50874341 -0.58780378]
 [-3.47715412 -4.26162394  0.48298944  3.09818958 -0.81721377  0.88871556]
 [ 3.37676347 -4.50571463 -1.14981188  4.13620668 -1.63493592 -2.00029857]
 [ 3.48810572  1.40523828 -4.06698257  2.75633682 -1.72485045  1.05147263]
 [-3.69662561 -3.5830327  -4.36727738 -1.26848789 -0.88809364 -2.15692255]
 [-0.36482552  3.30273733  0.30213626 -2.43465859 -0.60015888 -0.29003823]
 [-1.93945744  2.77974023 -2.44836812 -2.52287216 -4.75253172  0.05643487]
 [-2.78535963  4.46732411 -3.8837653  -4.52826751 -2.69775844  1.31844643]
 [ 2.8932456   2.56439544  3.41732993  3.92696639 -0.36171273 -2.97009606]
 [-0.05530489 -1.31578255  1.46004905 -4.65613227 -4.92982732 -1.22996385]
 [-1.52947646 -2.15449561 -2.49588675  3.19332757 -3.93564484 -0.24100516]
 [ 0.94555708 -4.33117159  4.92760544 -1.79816582 -3.09914417  2.98362749]
 [-1.87998508 -3.83106836  4.75762995 -1.28471007  0.59630871 -4.86888016]
 [-1.71495735 -2.0696951   0.20760443  2.13905349 -0.48808579  2.18342767]
 [-1.37687733  3.56126302  0.96289003 -3.97671836  4.16780534 -2.88075217]
 [-1.09512507 -1.74858141  4.86192501 -2.05707205  2.93121285  2.27817389]
 [-0.48844918 -3.72453749  4.16405337 -4.5100751  -3.02022462 -2.15180903]
 [-2.73850529 -2.43907474  1.83822565  1.87535466 -4.97939212  1.15588087]
 [-0.58589547 -4.76210215  0.5379157  -3.67973355 -2.71402026  2.02515608]
 [ 3.56518239 -1.63675897 -1.69224668  3.58556619 -4.72716605  1.28269001]
 [-1.13669279  1.60948007  0.58821347 -2.08367687 -0.46225148  2.92102833]
 [-2.83196344  1.51365369 -4.25133957 -4.25516813 -3.90544294 -2.46148574]
 [ 2.70822681 -3.77609434  3.29394744 -2.31316096  1.76161767 -4.89859432]
 [ 2.7571699   4.4236403   3.07275827 -3.32569088  0.92340239 -4.48272521]
 [ 2.91176205 -4.04221737 -2.05812158 -1.9085414  -2.00347899  2.16410092]
 [ 0.747837    1.34621982 -4.93646527  4.27339977  4.16324946  4.56789899]
 [ 2.14466065  0.87115324  4.83678373  3.62697203 -2.15627543 -1.98240728]
 [-0.67185909 -3.40345687  1.34854028  4.99851546  3.96618045 -1.67768131]
 [ 0.03345551 -4.55412546  3.59599698 -2.79943933  0.80383034  2.98142524]
 [ 0.8724369   3.08568809  3.72016465  4.21772888  3.78927581  0.57733019]
 [-1.24095355  4.03694825 -4.39112893 -2.29718384  0.82300493 -4.50143699]
 [ 3.6828089  -1.90203692  3.36997799 -4.97249314  0.81537809 -3.89056394]
 [ 3.70845843  2.2227073  -0.89194062 -1.629143    4.79178888  1.28951816]
 [ 3.58272405 -2.99098754  3.3923963  -0.69441934 -1.53331878  2.51846314]
 [ 2.80372956  4.22538919  2.33343723 -4.25215301  2.90856115 -1.88104177]
 [ 0.83474538 -2.6544543   0.55189776 -4.89617973 -4.14361331 -1.03721739]
 [ 0.10607368  2.30618173  2.3990858   4.43734781  2.45042286 -0.52400727]
 [-2.56156055  1.27100761 -3.3829154   1.82027264  4.41784439  2.72207993]
 [ 1.39058786 -4.80185032 -1.73517121  4.27761945  1.59519784 -2.81870607]
 [-2.48606603 -4.85945886 -0.13841354 -3.29961455 -3.79515442 -2.53369697]
 [-1.73839497  1.48968965  0.55979598  4.02979215  0.3310397   1.51874843]
 [ 1.40711054 -0.8228756   0.6387019  -2.90476378 -4.75828907  1.6500053 ]
 [-1.60944454 -1.39402002 -2.35269402  4.61267943 -0.7269389   1.33264601]
 [-3.28620914 -4.26676673  1.7975317   3.96120707  1.68618372 -3.96758995]
 [-0.07763657  1.88471028  3.44859264  1.88086835  1.32245197  0.80583884]
 [ 1.83484093 -2.41379682  3.13784311 -2.23908547 -2.05158978 -4.26272406]
 [ 2.02544974 -3.61615801 -3.72971294  2.64452875  4.62393742  0.81730514]
 [-3.11760886  0.8032764  -3.0981883   1.58605528  3.63038747  4.68699747]
 [-4.9629529   1.82792934 -1.52978802 -1.6268368  -3.09489932 -1.41942656]
 [ 4.82741074 -0.20404248  1.05716423 -2.04943089  4.29486869 -4.10649549]
 [ 2.968373    0.06506597  1.32099748 -4.63360456 -1.33141503  0.32447296]
 [ 0.27231665 -3.54196166  3.13932024 -2.65485269  0.72187547  4.07801941]
 [ 4.24669472 -4.01829585 -0.88716598 -4.06266205  1.32220446  4.32712578]
 [ 3.64311284 -3.69317408  4.43641177  2.33064237 -2.06074976  2.94681817]
 [-0.64157708 -0.21285583  4.83169501 -0.03626284 -4.76633935 -4.32814047]
 [ 3.49169401 -3.26114647 -1.44835363 -0.04663838  0.8729772   1.03423832]
 [ 0.41709934 -4.49977679 -0.47730734  3.10785171  2.95857259  0.79690225]
 [-3.52559594 -4.86564047  3.25481688  2.18873463  3.8994205   4.73482489]
 [-0.39120974 -2.70552948  1.25517445  4.47404204  2.00262364 -1.53918653]
 [-0.66470645 -0.36471186 -1.27692849 -4.72344106  2.28851027  0.69907377]
 [ 1.81719864  0.99792317  3.47896624 -0.61531399  3.33687989  4.85771187]
 [-0.81402357 -2.99435452  1.04075195 -4.78380035 -3.4697497  -1.46329492]
 [-2.04050703 -2.53145507  1.43763052  3.5625218  -4.45226326  1.34149986]
 [-4.04576237  3.19635657 -4.36305786  3.19004631 -2.62205174 -1.60773877]
 [-2.41830528  4.31921455 -4.51326281 -3.49391883 -4.64962934 -2.85212811]
 [-2.07698335  3.96931573 -3.76663809  0.70014641  0.72801063 -0.40731865]
 [ 3.0257001  -4.40844972 -1.72264818  4.39500419  3.19008382  1.25170194]
 [ 1.89877543  3.28697881  0.18309248 -0.29726654 -3.60590165 -2.7033669 ]
 [ 3.88120824  4.10425183  1.83468985  0.12022158 -2.10630967 -1.61082063]
 [ 2.59227076  0.14654947 -3.88914575 -1.20126699 -4.65981725  3.69235353]
 [ 1.65536213 -4.51479108  2.47184168 -4.91869305  3.22502907 -4.97035456]
 [-4.54258314 -4.48448768  3.40844372 -2.02396503 -0.96208425 -1.45023896]
 [-1.19023954  0.42858371 -2.87950116 -4.29538579  1.63941335 -0.4417918 ]
 [ 2.17756989 -3.22788411  1.36311273  0.89241821  4.47051467 -2.70214722]
 [ 4.75764911  0.85089536  2.34445101  4.51818276  1.42214113 -0.96105569]
 [-4.09951845 -0.80801192 -2.83549358 -3.20282587 -1.97121792 -2.26548514]
 [-3.43290573 -4.05386616  0.31312224  3.05292801 -4.17107415 -1.13061865]
 [ 1.93492672 -2.04346745  0.38755341  2.6272122   4.26615871 -4.00869513]
 [-1.56940407  3.36573526  2.22330847  2.94027459 -4.77854988  0.34402782]
 [-3.4872351   1.58311562 -2.71795902 -3.72633403  0.50528119  1.23666443]
 [ 4.98751027  3.65089596 -1.06457822 -1.28936867  0.90121831 -0.43058892]]
