[[ 1.97826554  0.99987324 -3.00477866 -4.66445464 -4.49925596  4.87028968]
 [ 3.62353036 -4.23963617  1.21578536 -0.16018567 -3.73771361  3.75152454]
 [-4.74390778  4.97987383 -0.46905419  1.95945418 -2.27993685 -3.42685765]
 [ 4.68200267 -1.23167867  2.62105115  4.65093017  1.35438849  2.97826452]
 [ 1.03747327 -2.06675105  1.05880609 -4.03604119  2.27803148  1.06873565]
 [ 2.34951124 -0.9588658   3.15538245 -1.05397087 -2.89713562  3.43901528]
 [ 0.01243246 -1.56239897  2.56581612  2.12239899  2.9507161   2.55694647]
 [-3.22223393 -0.31041001  3.1594641   4.37254808  4.77089774 -3.78252839]
 [ 4.45022113 -2.06626282  1.96407893 -1.38545739  0.81043399 -2.12128562]
 [ 0.73676998  4.84109219  4.52329652  3.85723353 -2.50358826 -1.74812501]
 [-1.19062086  0.51711393 -1.50510588  3.70227791 -1.28730901 -4.0902056 ]
 [ 2.85249247  3.13813118  4.5804273   4.87314729  4.29411363  4.20199624]
 [ 4.93382274  3.99634105 -1.50743084  1.30433906  3.19352501  0.57235816]
 [-0.89969017 -0.46121594  0.64380132 -3.30896698 -0.96295176  3.0781683 ]
 [ 3.78350718 -3.07834182  2.04496752 -0.2158794  -0.14057569  4.79051997]
 [ 3.08060828  4.22318347  2.00167754  2.22532922 -1.84194615  2.486775  ]
 [-0.0068011  -4.2607415   3.19874234  4.63149439  0.87946474  2.4809279 ]
 [-1.65284198  1.44073559  1.18957073 -2.17004757 -2.10820868 -1.44636367]
 [ 3.43105421  2.46658877 -2.07502922  2.52426521  0.87466896  2.25686552]
 [ 4.33563864 -0.65207144  4.46999391  0.75515153  3.38996498 -4.36227936]]
