[[1.00000000e+00 1.86919222e-01 2.60300581e-46 ... 2.24995272e-43
  6.17532738e-30 1.00000000e+00]
 [1.86919222e-01 1.00000000e+00 1.65621460e-44 ... 4.30552375e-45
  5.86217106e-31 1.00000000e+00]
 [2.60300581e-46 1.65621460e-44 1.00000000e+00 ... 2.20554042e-39
  2.60549702e-48 1.00000000e+00]
 ...
 [2.24995272e-43 4.30552375e-45 2.20554042e-39 ... 1.00000000e+00
  1.88056125e-15 1.00000000e+00]
 [6.17532738e-30 5.86217106e-31 2.60549702e-48 ... 1.88056125e-15
  1.00000000e+00 1.00000000e+00]
 [1.00000000e+00 1.00000000e+00 1.00000000e+00 ... 1.00000000e+00
  1.00000000e+00 0.00000000e+00]]
