[[-2.74705967e+00 -3.57549985e+00 -7.71967353e-01  4.70586951e+00
  -4.29961140e-01 -2.39071560e-01]
 [-3.30311571e+00 -3.45061259e+00 -1.16522612e+00  4.61106763e+00
   5.60779372e-01 -6.94128644e-01]
 [-3.62206256e+00  3.31209226e+00 -9.50575770e-01 -1.42615481e+00
   2.12539171e+00  3.30976499e+00]
 [-3.54230710e+00  2.93184970e+00  4.46022729e-01  4.40908990e+00
   2.42446376e+00  1.80061424e+00]
 [-3.65860454e+00  1.69242788e+00  2.70494459e+00  3.55347918e+00
  -3.66268410e+00  5.76081378e-01]
 [-1.43257294e+00 -9.87880316e-02  4.84308780e+00  2.04603467e+00
  -2.65681925e-01  2.87261466e+00]
 [-3.00998147e+00 -1.43154953e+00 -3.17289224e-01  5.26390947e-01
   2.34775935e+00 -1.28492901e+00]
 [-2.32901351e+00 -1.97178136e+00  1.78808924e+00 -4.53247193e+00
  -4.83828296e+00  2.22428039e+00]
 [ 2.11544676e+00 -3.23414306e+00 -3.09596793e+00 -1.55067639e+00
  -1.93545727e+00 -4.48406040e+00]
 [-3.21796109e+00  1.17181960e+00 -3.16136819e+00  9.55573000e-01
   8.06223067e-01  2.28258933e+00]
 [ 2.11642139e+00  1.57454811e-01 -2.84616631e+00  2.36713896e+00
  -8.24816557e-01 -4.39051625e+00]
 [-9.56995837e-01  4.83632296e+00  2.84311476e+00 -3.72448277e+00
   3.70120471e+00 -7.16917029e-01]
 [-1.44309117e+00  2.25916174e+00 -2.94268736e-01  5.31606534e-02
   4.53985672e+00 -4.77967336e+00]
 [ 3.51561745e+00  1.96354538e-01 -1.62596897e+00 -3.80962752e+00
   3.72425719e+00  4.34768160e+00]
 [-4.04745114e+00 -3.03214380e+00  4.52338162e+00  3.37471693e+00
   2.02380498e+00  1.97828174e+00]
 [ 4.06840329e+00 -1.55654788e+00  2.45307860e+00 -4.84338895e+00
   4.74484887e+00 -3.38512210e+00]
 [ 3.90939848e+00 -4.24673724e+00 -9.41527234e-01 -4.78890871e+00
  -3.62039436e+00  3.72011619e-01]
 [-4.31426859e-01 -3.18529097e+00 -6.59926787e-01  9.84828983e-01
   5.23824270e-01  4.57814926e+00]
 [ 3.97039811e+00 -8.73335848e-01  2.12534125e-01 -1.40527740e+00
  -3.18410113e+00 -2.38336943e+00]
 [ 6.74480712e-02  1.47229268e+00 -4.40356216e+00 -3.16193947e+00
   4.16609409e+00  2.61289647e+00]
 [ 1.91849704e+00 -7.41561733e-01 -3.29656834e+00  1.36364044e+00
   2.57964837e+00  9.91671409e-01]
 [-4.26130722e-01 -5.77502038e-02  3.25212563e+00 -4.65132771e+00
  -4.26925877e+00  2.79621584e+00]
 [ 2.71810568e-03 -6.93633418e-01  1.25545472e+00 -1.79238394e+00
  -4.77780955e+00  8.90834241e-01]
 [ 1.52447198e+00  3.99737175e+00 -6.70020578e-02 -2.50892465e+00
  -1.72802786e+00 -7.60496899e-01]
 [-1.40510509e+00 -4.75035253e+00  1.23060262e+00  1.70231257e+00
  -4.22390588e+00  1.28973522e+00]
 [ 3.20461466e+00 -9.68786811e-01 -1.95368534e+00 -3.13858991e+00
  -1.43970504e+00  4.27972862e+00]
 [ 9.11228648e-01  3.93520223e+00 -2.09269355e+00 -3.73985724e+00
  -3.19240392e+00 -1.00717703e+00]
 [ 6.11237029e-01  7.70597862e-02 -3.02871634e+00  1.89468859e+00
  -3.60448264e+00  1.05633645e+00]
 [-2.08663166e+00  3.25481213e+00  2.90009509e+00  4.23066333e+00
  -6.96287940e-01  3.15574798e+00]
 [-2.93963650e+00 -3.41182834e+00  2.75648458e+00  3.45762949e+00
  -1.00389845e+00  1.32642839e+00]
 [ 1.19909485e+00 -1.57992399e+00  1.39239510e+00  3.94411289e+00
  -2.66646236e+00 -1.60086331e+00]
 [ 2.34800186e+00 -4.60823286e+00 -9.19536190e-01 -2.97305186e+00
  -5.64363622e-01 -2.13995337e+00]
 [-4.77779542e+00 -3.48928248e-01  2.69194835e-01  1.00649976e+00
  -2.68883005e+00 -9.82469306e-01]
 [ 7.31889653e-01  1.05748088e+00 -4.89133605e+00  1.04598929e+00
  -1.58651005e+00 -2.28439144e+00]
 [ 1.18716575e+00 -2.90917365e+00  4.69806974e+00 -3.15777074e+00
   1.61707104e+00 -7.26352935e-01]
 [-4.04984956e+00 -3.21211012e+00 -2.18113276e+00 -4.77230859e+00
   3.48319543e+00  2.79826876e+00]
 [-1.60956446e+00  3.42207719e+00  4.05107460e+00 -2.14165952e+00
   1.29609949e-01 -3.87473642e+00]
 [-2.45120365e+00  4.69820972e+00 -1.89659241e+00 -2.09240466e+00
   5.88924503e-01  3.95286133e+00]
 [-1.02582269e+00 -3.40557781e+00  3.86362534e+00 -1.44115744e+00
  -3.24435341e+00  9.94583324e-01]
 [ 1.17878219e+00 -4.94138073e+00  3.31379333e+00  1.32908027e+00
   1.01624462e+00 -4.85684025e+00]
 [-6.81824126e-01 -3.98147067e+00 -3.89306244e+00 -2.98364800e+00
  -3.59478997e+00  2.00220629e+00]
 [-3.60970010e+00 -6.96042453e-01  1.10055848e-01  3.36665554e+00
  -1.29831052e+00 -1.49420200e+00]
 [-1.55350984e+00  4.69650640e+00 -1.77350138e+00 -2.77839857e+00
   1.41174023e+00 -3.33315047e+00]
 [-4.59266169e+00 -2.64968021e+00 -1.48423739e-01  3.76716053e+00
   2.31809624e+00 -3.96240960e+00]
 [-5.26929633e-01  1.45907663e+00 -4.06831272e+00  2.70236940e+00
   8.83437460e-01  4.88732268e+00]
 [ 4.35701625e+00 -3.45924018e+00  1.85200196e+00  1.73945326e+00
   2.88984222e-01  4.16364175e+00]
 [ 2.40913873e+00 -4.57408826e+00  1.50725037e+00 -1.73856508e+00
   2.10214413e+00 -3.73162115e-01]
 [-1.55625022e+00 -2.52167679e+00 -2.63852940e+00  4.90341078e+00
  -3.03679428e+00  2.36234767e+00]
 [ 4.94343111e+00  4.89376123e+00 -4.47821426e+00  1.05690677e+00
   3.10131367e+00  2.29640004e+00]
 [-3.85062358e+00  4.51075655e+00  4.45868519e+00  4.84901346e+00
   3.66588985e+00  9.68531433e-02]
 [ 3.32368433e-01 -2.61741091e+00  1.26347739e+00  3.79093857e-01
  -3.16024961e+00  3.00909798e-01]
 [ 4.46374614e+00  6.89058325e-01  1.90285778e+00 -4.67239073e-01
  -3.00586173e+00 -3.43334813e+00]
 [-1.03829095e+00 -2.95144921e+00 -3.56985746e+00  2.19168419e+00
   1.45222706e+00  1.04200783e+00]
 [ 3.87339035e+00 -4.82001860e+00  4.41491778e+00  3.76200970e+00
  -2.24038365e+00  1.29931007e-01]
 [ 1.28455290e+00  3.20339105e+00 -3.80562149e+00  3.16258147e+00
   2.22836575e+00  7.46110373e-01]
 [-1.60901151e+00 -3.26468003e-01  3.63968708e+00 -6.67382676e-01
   1.74343179e+00  2.44440383e+00]
 [ 7.97694387e-01 -4.54032289e+00  3.24812280e+00 -3.91986005e+00
   1.07561478e+00 -3.97328842e-01]
 [ 2.70397267e+00 -2.47396633e+00 -2.07063269e+00 -4.02527971e+00
  -1.95059160e+00 -4.66701796e+00]
 [-3.00895131e+00 -2.26562045e+00  2.83164555e-01 -3.09036439e+00
   8.19990634e-02  3.40183599e+00]
 [-2.34251336e+00  3.21227330e+00 -1.04318921e+00  3.89795085e-01
  -2.45619378e+00 -2.40179854e+00]
 [ 1.30717238e+00 -4.35353061e+00 -4.62688611e+00  2.45461188e+00
   1.99552091e+00  4.01329418e+00]
 [-2.68724977e+00 -4.23444016e+00  2.05178636e-04 -4.22408693e+00
  -1.81244958e-01  7.12718184e-02]
 [-3.24781829e+00  1.95616524e+00 -1.74239596e+00  3.22651753e+00
   3.86383326e+00  1.43870033e-01]
 [ 7.80321778e-01  3.77302678e+00 -7.16580785e-01 -8.71883742e-01
   4.54324292e+00 -1.50108753e+00]
 [ 9.80129720e-01 -4.12713422e+00 -1.60818655e+00 -1.82870623e+00
   3.38061774e+00  3.59565984e+00]
 [ 4.26256539e+00  2.24237036e+00 -1.88038196e+00 -1.91544136e+00
   2.42728358e+00 -2.61117734e+00]
 [-4.39170552e+00  3.57825903e+00  6.87106042e-01  3.40139851e+00
   3.87417907e+00  3.92809736e+00]
 [ 4.28686855e+00  1.07806157e+00  2.46490696e-01 -3.59264622e-01
  -2.46845323e+00 -2.57104239e+00]
 [-4.99826542e+00  4.83689891e+00  4.62463643e+00 -4.57844711e+00
  -3.96396903e+00  2.21203614e+00]
 [ 2.93076675e+00  4.85801704e+00 -2.49288638e+00  4.86840890e+00
  -1.13361423e+00  8.59685012e-01]
 [ 6.30620841e-01 -3.87117956e+00  1.28969669e+00 -2.55907244e+00
  -6.43838259e-01  3.84225616e+00]
 [-9.93652191e-01 -3.95375555e+00 -3.17121906e+00 -1.19954859e+00
   1.34335622e+00 -8.23543128e-01]
 [-1.81640590e+00  6.87774010e-01 -4.99292786e+00 -4.87484279e+00
   4.65272194e+00  4.62319456e+00]
 [-2.47101929e+00 -1.95329892e+00 -3.27558001e+00  4.47460176e+00
   2.80574515e-01 -4.21477297e+00]
 [ 1.78709896e+00  2.49941567e+00  1.82717924e+00 -1.38104927e+00
  -2.89713083e-01 -7.79668179e-01]
 [ 3.95085549e-01  3.78539432e+00 -3.67115112e+00  1.03839939e+00
   4.70588247e+00  2.05166534e+00]
 [ 4.48262269e+00 -3.46463496e+00  6.37306634e-01  2.90462367e+00
   3.07878538e+00  3.03683969e+00]
 [ 9.35154576e-01 -4.94296428e+00  4.37715348e+00 -3.52161867e+00
   1.22491877e+00 -1.67355931e-01]
 [ 9.98516250e-01 -3.17006441e+00  4.11679469e+00 -2.62309751e+00
   4.33145912e+00  2.74861676e+00]
 [ 1.84842731e+00 -1.49922986e+00  4.28449801e+00  8.31396411e-01
   4.76836776e-01  3.33616244e+00]
 [ 1.41737315e+00 -2.53821772e+00 -1.32030996e+00  2.02049589e+00
  -1.50538548e+00  1.93810868e+00]
 [ 1.15216140e+00 -1.29312896e+00  4.42567050e+00 -1.41581486e+00
   3.13750505e+00 -4.62683362e+00]
 [-3.02757347e+00  3.53657013e+00  2.76895348e+00 -4.23356892e+00
  -4.03144800e+00  3.47497969e+00]
 [ 2.42066446e-01 -4.36325992e+00 -4.30536829e+00  7.56444418e-01
   3.26301120e+00  1.67017664e+00]
 [ 2.20327576e+00 -1.66535044e+00 -4.33848973e+00  4.84282597e+00
   1.58622390e+00 -1.91809311e+00]
 [ 3.41520664e+00 -3.50165873e+00 -4.05463416e+00 -3.46361235e+00
  -1.74888128e-01  3.11955288e+00]
 [ 1.17478995e+00 -4.57827206e+00 -1.67742316e+00 -3.00947990e+00
   1.56947953e+00  3.94058913e+00]
 [ 1.48219800e+00 -4.66559639e+00 -1.88949228e+00  2.40209338e+00
   3.44465311e+00  4.91972462e+00]]
