[[ 1.37281930e+00 -2.88325979e+00  3.30597790e+00 -1.43110737e+00
   2.66613979e+00  4.42276082e+00]
 [-4.71829653e-01 -3.89593140e+00  2.29226691e+00  1.89493178e+00
  -3.99858194e+00 -1.21146816e+00]
 [-3.25976489e+00  1.35498674e+00 -2.12728778e+00  9.85320253e-01
  -4.82692750e+00 -4.73132711e-02]
 [ 4.79585242e+00 -2.55777915e+00 -2.59099071e+00  4.20838285e-01
   3.19773570e+00  2.02563912e+00]
 [ 3.66192480e+00 -4.91215555e+00  4.12145938e+00  3.48574858e-01
  -8.63950445e-01  9.10452424e-01]
 [ 4.74864469e+00  2.65190697e+00 -3.48808819e+00 -3.17501951e+00
   7.96062762e-01  5.70463523e-01]
 [ 4.37918210e+00 -2.31479911e+00 -3.09770699e-01 -4.81233942e+00
  -5.88268749e-01  2.70779344e+00]
 [-1.94244216e+00  4.42247530e+00 -2.42008137e-01  1.66119588e+00
  -2.00491256e+00 -3.49417490e+00]
 [ 1.19656813e+00  3.15467481e-01  4.72157057e+00 -4.96313017e+00
  -1.91015079e-01  3.29031372e-01]
 [ 6.33971938e-01 -2.06006169e+00 -1.68819617e+00 -2.99225998e-01
  -4.59592388e+00 -4.35176639e+00]
 [-2.37160708e+00  2.70593132e+00  4.25680604e+00  1.77065266e+00
  -2.58622886e-02  4.98980559e+00]
 [-8.35067313e-02 -3.72999317e+00  2.73681760e+00 -3.94160542e+00
  -3.00894574e+00  3.55040755e+00]
 [ 1.01740109e+00 -1.31583244e+00 -2.42388130e+00 -1.33334921e+00
  -4.70520673e+00  4.23558542e+00]
 [-3.32307169e+00  1.93572224e+00 -3.30691389e+00  4.55689715e+00
  -2.21864571e+00  3.37765860e+00]
 [ 3.99681394e+00 -2.10400956e+00 -4.45763823e-01  2.75385090e+00
  -2.36759033e+00  3.90280707e+00]
 [ 1.49366263e+00 -3.32609781e+00 -4.27342811e+00  3.74962665e+00
   4.90274258e-05  2.44222178e+00]
 [ 1.64827525e+00  2.05537993e+00  1.93228166e+00  5.40274057e-01
   3.59251022e+00 -4.79448543e+00]
 [ 1.72494458e+00  3.14022662e+00  1.51412789e+00 -1.70505168e+00
  -3.77439592e+00 -3.81710264e+00]
 [ 3.83878933e+00 -3.59574523e+00 -2.55752360e+00 -3.10019639e+00
   2.81182066e+00 -2.26977309e+00]
 [ 4.91342645e+00 -6.14236277e-01  3.51778677e+00  1.40238831e+00
   1.93495223e+00 -1.06898023e+00]
 [-1.80543543e+00 -2.55439961e-01 -3.24047668e+00  3.82956006e+00
   3.39060527e+00  2.64544850e+00]
 [-8.06096620e-01 -1.70840206e-01  4.47657170e-01 -1.71526658e-01
   7.17072962e-01 -3.31009896e-01]
 [-4.73116436e+00 -3.18342851e+00  8.28132728e-02 -2.28866167e+00
  -3.42347456e+00  2.31591119e+00]
 [-6.83551755e-01 -3.43812301e+00 -1.15552801e+00 -1.46480291e+00
   3.71370791e+00 -4.98873920e+00]
 [ 2.27223211e+00  4.05205000e-01  4.49013283e+00 -9.07725221e-01
  -2.45609415e+00  3.14682450e+00]
 [-3.57758602e+00  1.56727706e+00  9.16952637e-01 -7.86640497e-01
   3.96812528e+00  4.57466984e+00]
 [-2.81878755e+00 -4.00853310e+00  3.53882105e+00  8.35963164e-01
   3.35985633e-01 -4.11053486e+00]
 [ 1.26160635e+00  4.63792061e+00  2.56468289e+00  3.28628646e+00
   2.10484127e+00 -6.70041199e-01]
 [ 2.17068479e+00  2.40705310e-01 -4.50182388e+00  2.86060675e+00
  -3.12095893e+00 -3.80630246e-01]
 [ 2.95267807e+00  4.31717972e+00 -4.02202842e+00  2.93019586e+00
  -1.80001857e+00  3.71342521e+00]
 [-3.15673830e+00 -2.68325331e+00 -4.99998605e+00 -2.53094987e+00
  -3.32305580e+00 -5.69260540e-01]
 [-4.94914366e+00  2.23723140e+00 -3.11586437e+00 -2.40497760e+00
  -1.92044808e+00  3.20330147e+00]
 [-6.07131121e-01 -4.33888931e+00 -1.71097317e+00 -3.73157624e-01
   4.56507224e+00  7.19980726e-01]
 [ 3.50807456e+00 -4.64901007e+00 -5.08888357e-01  2.24953003e+00
  -7.15234249e-01 -3.21686638e+00]
 [-2.08981197e+00 -4.05008789e+00 -3.69580486e+00  2.60567599e+00
  -4.49148410e+00  1.36685298e+00]
 [ 2.76718807e+00 -1.37252019e+00 -4.26606241e+00 -3.51642022e+00
  -2.69114689e+00 -2.81348326e+00]
 [-1.39622583e+00  2.33451291e+00 -4.13375293e+00  3.36997400e+00
   1.80308488e+00 -3.64177138e+00]
 [ 9.23474209e-01  4.55054476e+00 -4.75275761e+00 -1.98622086e+00
  -1.51466522e+00 -1.86050904e+00]
 [ 3.55407598e+00  4.22225560e+00  3.35368508e-01 -1.92642765e+00
  -3.54836562e+00  1.33044336e+00]
 [-2.55855120e+00 -1.83325898e+00 -3.83242468e+00 -4.09172030e+00
   3.51512315e+00 -1.64800669e+00]
 [-4.37825039e+00 -3.05494033e+00 -7.10493211e-01 -2.97351891e+00
  -2.18781492e+00 -3.99200650e+00]
 [ 2.35368882e+00 -1.60622184e+00  3.22743921e+00 -2.78815418e+00
   1.33125677e+00 -4.68796466e+00]
 [-2.67487803e+00  3.83829316e+00  4.62326498e+00 -1.10673074e+00
   1.49191050e+00 -2.07163951e+00]
 [ 2.05200085e+00  2.50561839e+00  4.82420934e+00  9.47668770e-01
   4.51005091e+00  2.39470785e+00]
 [ 4.57727480e+00 -1.14152916e+00  1.36499546e+00 -1.72599649e+00
  -4.03553713e+00 -1.41828241e+00]
 [-3.84249108e+00  1.79896681e+00  2.42698883e+00  4.13600906e+00
   2.48240307e+00  8.29531840e-01]
 [ 4.40814541e+00  3.25724235e+00 -1.38180087e+00  2.45553999e+00
  -4.16827539e-01 -1.24332261e+00]
 [-1.84115424e-01  6.61792806e-01 -4.82966250e+00 -7.16301278e-01
   4.12451555e-01  1.66513870e+00]
 [ 1.67875648e-01 -4.83590723e+00 -7.79962136e-01 -9.83905845e-01
  -1.09585956e+00  9.97757665e-01]
 [ 6.57430147e-03 -1.30623526e-02  4.94838487e+00  3.54472256e+00
  -2.68462977e-01 -2.71990022e+00]
 [ 3.30261878e+00  9.83927969e-01  3.87843455e+00  4.84027169e+00
  -1.69877779e+00  2.10452065e+00]
 [ 8.12526806e-01  7.64659544e-01 -5.14808274e-02  4.74280719e+00
  -2.59615552e+00 -3.37208557e+00]
 [-1.26466860e+00  2.83685038e+00  2.16710228e+00  2.38311700e+00
  -4.98210294e+00  2.86689222e+00]
 [ 3.09524587e+00  3.54614474e+00  3.97786751e+00  3.11475022e+00
  -3.83057250e+00 -2.49526450e+00]
 [-1.19592265e+00 -1.75837086e+00 -1.24966396e+00 -4.32522375e+00
   1.65170855e+00  3.49103612e+00]
 [ 4.71277979e-01  3.02422003e+00 -3.04843045e+00 -3.88454530e+00
   3.89081539e+00 -3.14182598e+00]
 [-4.11214098e+00  3.45639684e+00  1.02169807e+00  2.16240593e+00
   3.16578467e+00 -4.54971675e+00]
 [-4.40531840e+00 -7.94391382e-01 -1.88193897e+00  1.25759388e+00
   4.04214125e+00 -2.18032397e+00]
 [-2.72062233e+00  1.64355378e+00  7.62483744e-01 -4.51606566e+00
   6.06561229e-01 -4.40510457e+00]
 [-4.85533412e+00 -1.00339292e+00  4.29876228e+00 -9.95109510e-02
  -1.30971767e+00  1.71004030e+00]
 [-4.61702598e+00 -4.94149974e-01 -9.86851725e-01  4.26706770e+00
  -1.18740283e+00 -1.76905247e+00]
 [-3.98929569e+00  4.87918885e+00 -1.54666312e+00 -2.17848107e+00
   2.80362826e+00 -1.45443838e-01]
 [ 2.56023330e+00  2.07738673e+00  5.63648703e-01  4.42812040e+00
   2.99919908e+00  4.83272061e+00]
 [ 1.86882469e+00  3.75059286e+00 -2.78386091e+00  7.07029122e-01
   4.81132360e+00  1.47584967e+00]
 [ 5.36765803e-01 -4.60998762e+00  1.60398435e+00  4.28944270e+00
   1.11719164e+00  1.94509829e+00]
 [-1.51142324e+00 -8.59876058e-01  2.96308919e+00 -4.50743234e+00
  -4.14769987e+00 -2.66777183e+00]
 [-2.93861225e+00 -2.33633770e+00  1.29176974e+00  3.90370296e+00
  -1.45532502e+00  4.69781113e+00]
 [-1.63171272e+00 -4.16650906e+00  3.70668908e+00 -3.58700548e+00
   2.03701427e+00  1.19116969e-01]
 [ 2.58053600e+00  5.12431317e-02 -4.53649456e+00  2.23029977e-01
   2.29057920e+00 -4.17705297e+00]
 [-2.06773758e+00 -4.40309675e+00 -3.54334210e+00  2.03064687e+00
  -7.40709582e-01 -2.98450511e+00]
 [-9.00392883e-01 -2.97881957e+00  1.96326139e+00  3.46692302e+00
   4.28286062e+00 -2.32078101e+00]
 [-3.76800800e+00  5.26510237e-01  3.11111481e+00  1.16701151e+00
  -4.30586864e+00 -3.71513458e+00]
 [-2.24865485e+00  9.43066162e-01  2.50322267e+00 -3.72997814e+00
   4.63747405e+00 -7.41617874e-01]
 [ 4.14038949e+00  4.13480513e+00  2.89636249e+00 -2.85080974e+00
   1.43031533e+00 -1.53900717e+00]
 [ 4.16922337e+00  1.20426362e+00  1.95697085e-01 -6.07924515e-01
   9.23031462e-01  4.36739154e+00]
 [-3.51960045e+00  3.91776114e+00  1.73439624e+00 -2.57036286e+00
  -2.92489985e+00  1.98545878e-01]
 [-1.00791878e+00  4.86091333e+00 -8.59734620e-01  1.53862013e+00
   1.92037988e-01  3.02973664e+00]
 [ 2.78728815e-01  3.34495352e+00  1.18151381e+00 -4.17681167e+00
   2.43594395e+00  3.78500744e+00]
 [ 2.83508938e+00 -3.89086501e-01  6.51627590e-01 -3.33857656e+00
   4.94113019e+00  4.15952604e-01]
 [ 3.17467354e+00 -1.51599373e+00 -2.04564520e+00  4.91602978e+00
   4.23306371e+00 -8.97369975e-01]
 [-4.18457306e+00 -2.59079719e+00 -2.81603230e+00  1.12024607e-01
   1.09546550e+00  4.04362562e+00]
 [-2.62837263e-01  1.24695609e+00 -2.21943504e+00 -4.67433323e+00
  -3.21177543e+00  1.15449756e+00]]
