[[1.00000000e+000 4.66780022e-025 3.00292875e-084 ... 4.25616018e-054
  2.58834896e-100 1.00000000e+000]
 [4.66780022e-025 1.00000000e+000 7.09480594e-052 ... 3.38285586e-034
  7.91622999e-056 1.00000000e+000]
 [3.00292875e-084 7.09480594e-052 1.00000000e+000 ... 2.90830335e-007
  5.54616551e-060 1.00000000e+000]
 ...
 [4.25616018e-054 3.38285586e-034 2.90830335e-007 ... 1.00000000e+000
  8.05089571e-044 1.00000000e+000]
 [2.58834896e-100 7.91622999e-056 5.54616551e-060 ... 8.05089571e-044
  1.00000000e+000 1.00000000e+000]
 [1.00000000e+000 1.00000000e+000 1.00000000e+000 ... 1.00000000e+000
  1.00000000e+000 0.00000000e+000]]
