[[-4.34074293 -2.46799808 -4.73897925  4.26316483  1.78643429 -2.87811403]
 [-2.42389026 -2.38959914 -0.32912985  4.35174307  2.58445084  2.80097222]
 [ 4.63298825  1.1903595  -2.25715228 -2.45831372  4.78020726  3.29486845]
 [ 3.57343269 -0.10031372 -3.67421425  3.73667583  3.80629817 -3.80870482]
 [-3.54429969  0.10766338  3.86988155 -3.65458311  3.17068555 -4.60337668]
 [ 1.45328225  3.14797102  2.21575767  4.91761808  4.82946906  4.09390807]
 [-4.74315895  3.84302266  0.67159221  4.13532688  4.68106117 -0.91600173]
 [ 2.38032707  4.79338347 -2.94638019  0.19377859 -0.44870569  0.47368835]
 [ 2.37418206  4.28858753  4.05565161 -0.81509403  4.08924093  0.99925656]
 [ 4.3371618  -0.91408302  2.35922023  0.23193846 -3.81451411  4.37405767]
 [ 2.55689786 -4.66249822  1.42792553  3.17246244 -4.38780659  4.30499473]
 [ 3.995118   -2.39296239  4.42629483  2.28358521  1.14501981  2.64468012]
 [-0.9610785   0.0369313   2.21727271 -2.55816914 -0.9715976   1.92781832]
 [ 1.32491165  1.46117624 -4.62894149  3.02196375  0.39091934 -3.5171866 ]
 [ 1.97112316  2.54963969  2.99480851  0.44610443  1.93953345  2.28738133]
 [ 2.52210094 -0.81247601 -3.71412846 -3.24977546  1.74424637 -1.00349313]
 [ 4.67847679  3.62010633 -0.62347332  1.4525359   0.48171501  4.57394856]
 [ 2.30460889  4.07753087  4.53824456  4.20653926 -3.75129793 -3.80465221]
 [-1.26004912  1.78221627  3.43853951  0.76390003 -2.1922912  -0.50614421]
 [ 1.91382514 -3.69404778  4.41719907  4.19176504  2.45904778 -1.3334097 ]
 [-0.03308021 -2.78721122  3.49361359 -0.77926521 -4.75655919  0.91526911]
 [ 4.12934505  1.16490805  0.17485023  0.46974388  0.81293584 -1.03813454]
 [-2.07982721  3.0072793  -1.99844532 -3.41074302 -3.89429127  0.86986807]
 [-2.17561846  2.41115251  0.30409689  0.30333389  4.31851693 -2.32508444]
 [-2.13862373  4.12455578 -0.57608247  0.01880435  0.99269189 -2.75158218]
 [-1.66300079  2.89773942 -4.60333812  0.26994706  3.53735527 -4.28386203]
 [ 4.41921818 -0.52058093  3.26232773  4.49198443  1.94823355  0.07226559]
 [ 1.72506822  4.1089443   1.50717158  3.18276606  3.75393334 -2.20325397]
 [-4.82655371 -2.58755958  4.27144076  4.44367494 -0.20838111 -3.9987553 ]
 [-0.5610667  -1.55768861  1.42425956  3.18869598 -4.11449956  4.25630159]
 [-1.27868003 -4.14794243 -2.38576859 -1.94588441 -3.05873163 -4.14873589]
 [ 1.54029971 -0.45917664  1.05855267 -0.91584991 -3.50292968 -3.79260744]
 [-2.6159307  -2.3731027   1.7872478   4.43608708 -2.15980028  0.62096469]
 [-1.45060396  1.21734317 -4.2274834   0.34727349  2.98459355 -2.50965149]
 [-3.65007287 -2.7742566   0.10289787  3.33484559  3.76626559 -3.75625903]
 [-2.9710548   2.31312435 -3.96493362 -3.04531475  0.86663989  3.61298899]
 [-2.1096167  -0.69736579 -3.88162657 -0.5307727  -4.25406451  2.99400025]
 [-1.64532224 -4.22616464  3.74161587  3.103533   -1.90619702 -4.36805958]
 [-1.89608506 -4.89402722  4.60613186 -2.20478384 -4.8776241   1.42956817]
 [ 4.23639564 -1.40477573 -3.05317549  3.93673225 -3.80636565  0.62212961]
 [-2.68594638  0.97048893 -3.47299111  3.40498442  3.82055884 -2.00526132]
 [ 2.80162588  2.61865323 -1.44624988 -0.53857926  1.90662531 -2.60841762]
 [ 3.59384228  1.33415923 -2.96542929 -1.83398267  3.12831925 -0.85725895]
 [-2.56175515  2.17430867 -4.28557173  0.5127644  -1.45697693 -0.48086984]
 [-3.86396081 -1.65673171  1.63521187 -4.7291396  -0.67402415  1.86202102]
 [ 3.11698919 -3.25910923 -2.9067709  -4.85888903 -2.03734811 -4.31422934]
 [ 2.31439032  2.42370456  2.13322388  0.19797755  2.5660655   4.33369275]
 [ 0.47352233 -1.34273917 -2.89922812 -3.61509679  3.05207535  2.80819802]
 [ 1.18682252  1.21618886 -2.18547113 -2.44347597  3.50568392  2.05227749]
 [-0.05685097  4.9389265   4.36288908 -0.1976708  -2.39107421  3.11342902]]
