[[ 0.96057484  1.71836598  3.24601064 -3.77759128  3.62933659 -1.21977409]
 [ 2.44248506  2.8638627  -0.5816363   1.21729475  0.37695881 -4.04602259]
 [-1.31021524 -0.72459926  1.88188505  3.58540059  1.38626657  2.00564343]
 [ 1.23208873  0.82626482  0.84985836 -3.19106314 -2.54619072  0.42863099]
 [-2.29944111  3.95464638 -0.95507683  0.01962333 -3.72888484 -2.64654552]
 [-3.38027273 -1.47502805  3.13809997 -1.87285417 -1.10938759 -1.8568702 ]
 [ 3.46376341 -4.37805543 -1.33442189  0.00573694 -0.18546131  0.90066567]
 [-1.42197764 -2.58427113 -4.24751862 -0.56996473 -3.27224379 -4.17591176]
 [-3.00073294  1.38337076 -4.82649509 -2.9344202   1.32260724  3.04223136]
 [-1.15929989 -1.14974458  4.13429118 -3.83795954  1.50211391 -2.82844823]
 [-0.98132124  3.68711614  3.1578354   3.91219603  3.59127606  4.60280671]
 [-3.23096122  4.67252336 -2.06714374  3.12004275  3.88384019 -3.79252175]
 [-1.38327763  0.75809866  0.78717451 -1.72455872 -2.77507014 -3.47574049]
 [-3.35711963  0.02828628  2.73149736  0.60124281  4.72915647 -3.17432962]
 [ 4.3368577  -2.04869873  1.38288292  4.12752915 -1.81265164 -4.93207993]
 [ 0.67168133  3.70526339 -4.7791243   1.13845698 -0.25962506 -4.87391296]
 [-2.81276537  4.60773442  1.52158541  3.27532756 -3.9079404  -0.41509799]
 [ 4.25398183 -2.2917598   4.869502    3.95440683  3.69514965 -0.43346268]
 [ 4.45664686 -0.9955212  -2.60472996  2.83746192  0.06537019 -2.63597869]
 [ 1.70810624  4.4356322  -0.59942343 -0.29115471  2.42129328 -3.88762452]]
