[[-0.23990238  1.84984192 -0.22302101  0.43898723 -2.78062066 -2.97730419]
 [ 3.60004681  3.5965793  -2.244972    1.62368667 -4.83310006 -2.65929962]
 [-3.77128456  1.76180303 -1.08752787  1.87741912  4.70302196 -1.7774916 ]
 [-1.17289181 -3.73729244 -3.57724444 -0.09881609  2.70882815 -0.76879179]
 [ 3.79489024 -3.01905958  0.86703303 -0.5182602   0.39561792  3.96124691]
 [-1.57712024 -3.11574267 -1.60900363  1.59794559  0.49570293 -1.52859176]
 [-0.0540757  -0.03147346 -2.3891433  -0.97631032  0.99264124  2.50976356]
 [ 1.64043662 -1.73473624  3.39713852 -2.25370495 -2.36776064  4.90622622]
 [ 4.62683634 -3.5707093   3.39697599  2.30693723  0.02633573  3.80777168]
 [ 0.21850722 -3.01941019 -0.2197377  -2.64655495  4.64593294  3.74497321]
 [-1.15376869  3.8049562  -0.28898994  4.42628085  3.40737424  3.32187328]
 [ 2.45255231 -3.73096631 -2.74254284  2.62114248 -0.73698391 -3.57452411]
 [-2.07082982 -0.22373577 -2.96504724 -3.84004235 -3.28542277 -1.49881441]
 [-3.81969934 -3.09133109 -2.71683045 -4.26247347 -2.16838282 -3.35587673]
 [ 0.6885425  -4.87093336  4.8066857  -0.15909134  3.45557394  2.26314243]
 [-1.49284428 -0.88138625  4.42177304  1.53759783 -4.79452207 -0.49842302]
 [ 4.5916934  -2.85802606 -2.80542094 -0.49434632 -3.79707095  1.91822502]
 [-2.1070885  -1.74558656 -2.33562945 -3.57649307  3.32502726  4.48564882]
 [ 1.28225229  2.9005648   0.74072343  2.30968905 -2.24870019 -3.63580432]
 [ 4.78028232  2.91412227 -2.80961843 -3.04798238 -2.05171057 -2.35732405]]
