[[ 0.87622497 -0.64670051 -1.85782744  1.43540859  2.41021384  3.74521785]
 [ 0.54686932  4.12106218  0.1833582  -3.924539   -2.11677886  1.89356661]
 [-2.25143238  1.85095145  3.78612415 -0.42127383  2.90049006 -4.46236543]
 [ 1.08449435  1.02847683  2.97875113 -3.83615243  0.37279857  3.16038926]
 [-4.96322226 -4.40388941  4.96987727  2.80447183 -1.63375858  2.36968109]
 [-0.23588946 -3.31945399 -2.310361   -4.81891663 -0.19983848  1.70678984]
 [-2.87159086 -1.47203601 -4.39392903  4.35791038  4.05194276  2.89766512]
 [-1.30684925 -2.3448149   0.29349301  0.87135301  4.7959414   2.77194753]
 [ 0.60666618 -3.75641819  1.17635386  2.59387168  2.1712678   1.26751573]
 [ 0.29790766  1.02352045 -2.94426953  1.40689921 -4.71565661 -3.1961583 ]
 [ 0.91891948  4.3936746   4.85148171 -1.81777461  3.55881722  4.89283025]
 [-0.70767431 -3.36976969 -2.99294563 -1.61708644  4.702301    2.49615829]
 [-4.47199478  2.01135033  3.67645654  3.51494036 -1.85827067 -2.76088943]
 [ 1.67524187 -4.01808033  0.68882055  2.06155452  3.88017822 -1.48162852]
 [-2.48208805 -4.06789247  1.5057499  -0.32518839 -4.5138627  -2.37396948]
 [ 3.09185508 -3.13855155 -3.86044901  4.61552262 -3.79701233 -4.78765601]
 [ 3.53854372  4.32166999 -0.34658418 -1.026724    2.50524044 -3.29200183]
 [ 1.29996861 -0.80906465  3.34704588  4.83054944  4.70035961 -3.18237028]
 [-3.77167463 -4.94830015 -1.95822917  3.84647834 -0.55279719 -0.99252765]
 [ 0.21877307  4.27934198  4.87913823  0.22774166 -2.80485732  2.77860275]
 [ 4.60398514 -3.2225025   3.39339277 -3.3387914  -4.39196873  1.5615495 ]
 [ 3.99789206  2.12909837 -4.52710805  0.21384552 -4.59105434  2.0820506 ]
 [ 4.90944847 -4.15622374  0.79010406 -4.37450031  2.48932625  3.0117735 ]
 [-2.13021462 -3.091079    0.53599243  0.60889586 -2.01969099 -2.03866242]
 [ 2.70867546  4.56525859  4.90665013  0.45465685 -4.41567721  4.95571952]
 [-4.59524234  3.04493682 -1.37852878  4.88455356 -0.08166556  3.09840905]
 [-1.36022016  2.83506001  1.00940942  1.14343811 -3.76149178 -2.95807064]
 [ 1.94661799  3.12780798 -0.27682646  2.28819783  1.76335568  3.67056457]
 [-4.62529171  4.83195005 -1.58328589 -0.57124441 -2.16930678  2.5064785 ]
 [-2.12113085  3.9055431   2.89352586 -3.62070106  0.27607178 -3.83902985]
 [-3.42818744 -2.04973078  2.52171378  1.19755375  0.90405474 -3.53309329]
 [-2.81949845 -0.91954958 -2.04538096 -2.08298389  3.43534725 -1.47312888]
 [-3.67900854  3.54800198  0.70084602  4.89176901  0.01344755 -3.55495574]
 [ 0.36053057 -4.68974717 -4.1280896  -3.63983707  3.68961699 -1.43013629]
 [ 3.67111027  1.71628108  1.23837724  3.36454572 -1.68481922  1.61413004]
 [-3.31167259  2.40817075 -4.20017256  2.29347823 -1.09551104  0.59229839]
 [-1.13011783  2.85427367 -0.03993738 -1.18142252 -3.88763093  4.79879333]
 [ 2.54244408 -3.43547326 -0.02016826  3.71327118 -3.81564182  2.06597721]
 [-3.76503927 -4.32932291  3.9323015  -1.27834405 -3.54351802 -0.79461211]
 [-1.61905519  0.79791094 -4.47058995  2.20102711 -1.64674799 -0.27393341]
 [-1.53555168 -4.14189694 -0.76087798 -1.53619807  2.8621857   2.20008859]
 [-0.86113308 -4.19283392  0.42245088 -1.4245561   4.78308599  3.37398859]
 [ 0.01873871 -2.55075741  2.73657271 -2.64556948 -1.25816492  2.7152975 ]
 [ 4.85279438 -0.49318236 -2.17689453  1.75222009 -2.12821861  4.32264623]
 [ 4.28505795 -2.98514461  2.38211199  0.88564011 -3.34812265 -1.4934039 ]
 [-0.90986433 -1.48969924  1.01191143  0.2176143   1.80165357  4.35901274]
 [-0.92220963  4.02780771  1.54207503  3.42731964 -4.16275465  0.35351971]]
