[[1.00000000e+00 8.16427195e-54 1.17171187e-53 ... 4.25782260e-36
  4.95137447e-38 1.00000000e+00]
 [8.16427195e-54 1.00000000e+00 4.95491248e-29 ... 6.44338339e-30
  2.68091126e-34 1.00000000e+00]
 [1.17171187e-53 4.95491248e-29 1.00000000e+00 ... 1.61355656e-32
  6.19063757e-06 1.00000000e+00]
 ...
 [4.25782260e-36 6.44338339e-30 1.61355656e-32 ... 1.00000000e+00
  4.70205918e-29 1.00000000e+00]
 [4.95137447e-38 2.68091126e-34 6.19063757e-06 ... 4.70205918e-29
  1.00000000e+00 1.00000000e+00]
 [1.00000000e+00 1.00000000e+00 1.00000000e+00 ... 1.00000000e+00
  1.00000000e+00 0.00000000e+00]]
