[[ 1.26748301  4.55827428 -3.59324654  3.03438741 -4.33784466  2.09146354]
 [-3.26142078 -0.91867182  0.11794314 -1.50366926 -1.42400501 -0.04754323]
 [-3.48474004  4.77469022 -4.7060143  -0.5136839   1.2399067  -1.8698009 ]
 [ 1.20635626  4.34691025 -0.13043096 -3.59827521  4.13416958  3.8030188 ]
 [-1.73806525 -1.69115745 -3.85389586 -2.61677136  1.60949714 -2.5859796 ]
 [ 1.11594734  1.42465224  0.898985    4.14800795 -4.11286482 -1.00118331]
 [ 2.45031764  0.99754795  1.35932841 -2.83052778 -0.80769707 -0.96939631]
 [ 4.58782446  4.44860171 -3.16937568 -4.51845068  0.07426488  0.15619368]
 [ 3.75839188  4.31241788 -3.96714217  3.82107394  4.22500985  4.41432039]
 [ 3.45195877  3.48345005 -2.16607903 -0.50890583  1.66441464 -3.65385487]
 [-0.41967271 -3.61890887 -0.94103584 -1.86279922  3.71461994  1.47604175]
 [-1.22450459  3.81103436 -2.51222616 -3.06415893 -3.77168946 -2.97744868]
 [-0.80332969  1.10323125 -3.16620584 -4.32968837 -4.03695239 -2.60451125]
 [-2.16209221 -2.09712066 -2.45760982 -2.05050024  4.91510448 -1.83816694]
 [-2.52305972  1.55452182 -3.77359768  3.10991115 -0.66284926  3.53838344]
 [ 2.47220147  1.7303461   1.19667047 -2.5257917   0.54903285  1.07590953]
 [-1.16828602 -2.20721747  4.75240027 -3.04479225  2.49428924 -1.43977741]
 [ 3.72721207  4.73920634  4.00208696  0.70377375 -2.61127104 -2.96423959]
 [ 4.80732149  3.8368576   0.90346243 -3.63022572 -2.19924027 -3.28056749]
 [ 2.88883774 -4.0615088   3.90375871  0.26464237 -0.81038548  3.7512136 ]
 [ 3.83954196  0.19668768 -4.57839303 -0.087738   -0.69064974  3.41983373]
 [-1.73441299 -1.50197714 -2.7059133   0.15797417 -2.62599078  3.57344587]
 [ 1.92653641 -1.5925199   1.14261483  0.61408322  1.23770342  1.18175737]
 [-0.75031403 -2.84869283  4.70870612  2.96658037  0.22695196 -1.79327524]
 [ 4.82844337  2.93011729  2.74597924  4.01794971 -3.53033238 -3.53939892]
 [ 4.07013889 -4.6011118   3.90663606  2.55812744  4.85258729  2.43842742]
 [-2.37373748 -3.45821462 -2.16221633  4.24671357 -3.07632758  4.26786219]
 [ 2.48363951 -1.88140624  2.13627037  3.43133702 -1.15168866 -0.65225428]
 [ 4.8750206  -0.48037173 -1.77963765 -2.62250316  0.46409173 -2.76926535]
 [ 2.95825834 -4.50421627 -1.24819214 -2.37096954  2.51735367 -4.67979368]
 [ 0.48055779  0.73751983  1.56933657  4.45110579 -4.11375935  4.21775727]
 [-3.2633749   1.32817486 -2.05968679  0.8830467   2.82259769  4.02971541]
 [-2.58815445 -3.69531444  1.79777648  3.50247089  0.49918153  0.5122502 ]
 [ 3.53336485 -1.38328349 -2.80364578 -2.21105185  2.60892334  3.46238255]
 [-3.22434649  2.3769247   1.78596751  2.0410036  -0.34038819 -4.9763846 ]
 [ 0.55845684  0.83841778 -3.00694996  2.97893241  2.48500077  0.01014955]
 [ 2.13732996 -0.08148132  1.49950052 -0.92368725  1.38734057 -1.04181428]
 [ 4.47409564  4.5405128  -1.23271918 -3.67630615  3.50090688  2.95075142]
 [-4.34822218  0.13971536  4.63510616  1.36225283 -0.25476965 -0.04680825]
 [ 3.76378563 -1.90480661  1.99236183  3.79617645 -0.56750193  0.85253741]
 [ 4.22051203  4.03336886  3.28208453 -0.0445534   0.25412591 -3.69896918]
 [-1.2577916  -3.23353532  1.28331291  0.93264919  3.62462085  1.770286  ]
 [ 2.16987367 -1.50624718  0.60757499  0.1718017  -2.68804719 -4.35689734]
 [-3.23914685  3.72218264 -0.25567694 -1.13228689  1.6544057  -1.55345712]
 [-0.51941752 -4.32081179  0.02680708  1.02564579 -1.54635711  3.98509246]
 [ 1.2770177   2.45742927 -3.84325516  0.23821395 -2.40320524 -3.05581121]
 [-1.8848412  -1.65298705  1.56772798  4.69231222  2.28388068 -1.72551122]
 [-2.7829849  -1.78992876 -2.23301437 -2.68277838  4.1364727  -3.89518879]
 [ 3.45218543  3.35579347 -0.6291964   0.68304585  2.61565047 -1.18606484]
 [ 3.88733985  2.77366501 -2.48965909  2.62559841 -4.35845483 -0.04280118]
 [ 2.90520577 -3.32730594  4.41163058 -3.01145253  4.57518066  4.60501806]
 [ 2.99152961 -3.98757303  1.16032915  1.32942608 -1.67484029  0.90291199]
 [-3.63755953  2.02108726 -0.19446097  2.36552854 -4.27554034 -3.55336696]
 [-2.09840536 -1.50825718 -3.96913278  2.0436332  -2.52329992  0.97868156]
 [-2.06835875 -3.39903237 -1.39694068 -1.74018185  2.52943434 -3.84587047]
 [ 3.85077147 -1.62842821  3.04663741  2.76943913 -4.08235876 -1.04770205]
 [-0.47214158  1.57783032 -3.19601824 -2.50368314  2.26451793 -3.66994305]
 [ 3.67496946 -4.42555892 -2.11453211 -3.39786817 -1.15258968 -3.49594779]
 [ 2.45279871 -0.96802107  3.13958286  1.99703774 -3.63309183 -4.04571043]
 [-1.88574638  4.83399489 -2.40052191  1.4193155  -4.11450702 -3.68473764]
 [ 2.17053586  1.68143782 -0.13994547  0.46583915  4.21746953 -4.51556159]
 [ 1.85047561 -1.23893548 -0.82521061 -1.29930147 -2.37159061 -0.57719842]
 [-4.90103102  0.23345761 -1.55681677 -1.52439283  4.51865148 -4.0524263 ]
 [-1.348069   -3.58569255 -0.45102108  3.4434743   4.70623327 -2.63317803]
 [-2.06049442 -1.22637119 -4.84090622 -0.15660525 -0.81764735 -3.72307836]
 [-0.65238972  0.55652459 -1.9505398   1.9221238  -4.70775964 -1.55490227]
 [-1.79584466 -1.92405639 -2.80832356 -2.04868647 -1.16916907 -0.94712834]
 [-0.06242845  1.30841861  3.53682642  1.78919798 -3.48356309 -0.05537904]
 [-1.50911421 -2.08870199 -2.99164816 -0.47529803  1.93496808  2.47003779]
 [-0.68356614  3.71320299  3.87473198  4.61233261  3.89245513 -4.28402991]
 [ 0.63353329 -4.23978657 -1.24429702 -4.91786529  3.22492073 -4.03600843]
 [-4.93847646  2.88930699 -4.5818237  -4.97235041  1.59228945 -2.20340922]
 [-2.64442385 -3.82679247 -1.43543393  3.3517598  -2.41190242 -2.16903386]
 [ 1.11285857  0.87421637 -0.32151408 -0.08947448  1.68828441  1.62764357]
 [-0.74677198  3.54083344  2.44717577  4.93518822  2.21088639  2.65224571]
 [ 1.81671435 -2.06193207 -2.31975915 -3.52210674  0.09337444 -3.88227994]
 [ 1.37079073  0.62152738 -2.6190102  -3.6101149  -1.18452061 -3.44443241]
 [ 1.59418729  0.55833161 -4.40612807  3.81181551  3.41718841 -0.88104954]
 [-3.59147013  2.6099495   0.67412544 -3.51969946 -0.93290867  1.87516214]
 [ 0.36613287  3.75646212  3.86523807 -1.68918256  0.72027354  2.75237727]
 [-2.55539774 -1.01310549 -0.25877852 -2.41667414  2.33519809  3.91262345]
 [ 3.80942027  1.74396685  1.27424979 -2.39988462  0.66676553 -1.81682123]
 [-2.6288638   1.25864832 -2.58911515 -3.37621139  1.52776775  3.76946853]
 [ 1.27567087 -4.85556798  4.59340108  2.07237966  0.64194027  3.00296717]
 [ 4.58268193  2.4895961   3.58430819 -2.46050971 -2.15000416  0.853443  ]
 [-1.11373529 -3.22663555 -2.0866241   1.37774808  1.3967827  -0.39481407]
 [-4.35846566 -1.04695695 -0.93908394 -3.21339286 -3.83016377 -4.89972105]
 [ 2.47995645  2.27756793  4.38540094  2.76520468  2.05243047  1.70990859]
 [-0.67327336  3.66062128  0.94368999 -1.43289335 -2.26819154 -3.36786535]
 [ 2.02777125  2.73447896 -1.62044117  2.57816731  0.93916346 -1.29481741]
 [ 1.5616061  -2.50966068  0.64237823 -1.49330639  0.61311115  4.11858244]
 [-0.32836505 -4.98765075 -1.69600213  1.19208107  2.66213425  4.35664777]
 [ 3.92865502  3.6720912   0.29728004 -0.91675171 -4.05872889  3.74279324]
 [ 4.36334398  4.61475401 -1.96682719 -1.75307926 -0.87718734 -2.35384439]
 [-0.17610461  1.64992796 -3.4355648  -4.12949863  2.80632597 -3.07522383]
 [ 1.70027618 -2.36801486 -0.55774514 -3.09574579  4.39956038 -4.12156165]
 [-2.21228229 -3.43338278 -2.82059931 -0.3189478   0.59543556  0.81871519]
 [-0.52047812 -2.56784162  4.30680971 -1.46810732 -3.76613555  1.75744551]
 [ 1.56601587  1.38115168  2.06673962 -1.74478919  1.09343195  2.52959588]
 [ 4.32915264  0.3057755   2.87660439 -1.18771275 -2.64435988  0.85592146]]
