[[ -6465.9778622 ]
 [ 18199.30475644]
 [-12395.0030171 ]
 [ 36188.59436756]
 [ 17838.00905839]
 [  1447.77240757]
 [-36158.12322877]
 [ 38692.22566156]
 [-35040.50116635]
 [-27156.0650115 ]
 [ 19758.54481131]
 [-34258.19201252]
 [-34498.34303019]
 [-17599.00650252]
 [ -8624.468441  ]
 [ 23975.4797382 ]
 [ 21184.27295135]
 [-36680.34290386]
 [-28412.57924642]
 [111277.02035405]
 [-21736.33028631]
 [-28080.3640865 ]
 [  -298.23693146]
 [ 35529.74644866]
 [-29682.74938386]
 [ 20281.96779479]
 [ -7012.52291202]
 [-36631.82923878]
 [  1257.85296888]
 [ 68999.1290187 ]
 [ 21055.69797074]
 [-34954.98304683]
 [ 39699.65351   ]]
