[[-1.82333536 -1.52538996 -2.80339181 -3.7834561  -4.53793662  0.91739331]
 [ 0.79822492 -2.4435372  -4.11628996  1.67043284 -4.54615428 -0.79146631]
 [-4.02605805  3.30768574  1.6585664   1.97357962  0.10160312 -2.80684709]
 [-0.82172762 -1.26527459 -3.56901239 -0.77489274 -3.27105364  0.73364351]
 [ 0.98099831  3.14919537  4.38845181 -4.99305232  3.97609723 -4.8926825 ]
 [ 4.4560256   3.6549582   2.40835987 -3.20615074 -1.59169483 -1.00403636]
 [ 1.48854346 -2.2466907   1.79997925  2.45085941 -3.22250525  0.7395515 ]
 [-2.78474699 -3.64178197 -0.21880205 -2.31047847 -0.8456301   1.40776857]
 [-0.9754973  -3.73932148  0.73213945  3.429041   -0.1921685  -1.17787841]
 [-1.86765234  0.17348762  1.31149237 -4.25383404  1.4145293   1.37598766]
 [-0.36391738 -1.86666161 -0.49659722  0.05758326 -2.70613224  2.50900078]
 [-3.19875521  0.82137918 -2.85530201 -4.96581714 -0.99781962  4.0779672 ]
 [-1.84298538 -0.15767962  1.99910245 -4.09461375 -0.29344956 -0.27107665]
 [-4.17802745  4.03518888  3.43544292  2.51768558  4.19232301  0.06005694]
 [-4.12345271  4.1623265   2.60545248  2.26442031  4.19324844  3.19063495]
 [-1.9847251  -3.93297288  3.19457607 -2.9090554  -3.3958439   1.22249314]
 [-4.64577569  4.50592156 -1.66274777 -2.48576562  2.35265004  4.54599923]
 [ 1.16944217 -4.10390285 -3.94760284 -3.33521623  0.32710839 -1.17468321]
 [ 4.49881976 -4.73431377 -0.55892267  1.5125161   2.76052562 -2.68584738]
 [ 1.00245257 -3.50752488 -0.47524969 -3.65387536 -2.7681969   0.49574664]
 [ 2.57522717 -0.28394966 -3.61671694  1.14847368 -1.71015095  4.02746431]
 [-1.53504424  1.15296563  0.81036348  4.34486104  0.99065034 -1.48450828]
 [ 3.56896912  4.95600816 -2.1246446  -0.08608802 -0.91321411 -0.50668401]
 [ 3.08899935  2.5656459  -3.30315446 -4.74938175  1.6621143  -2.98215102]
 [-0.46552355 -4.81710858  1.77902467 -4.7278519   3.69389839 -0.87643439]
 [ 0.69858043  3.20101112 -4.17705275  1.90939715  0.35657985 -3.63994198]
 [ 0.98351182 -4.0893704  -3.34568548  1.07043654 -4.08392836  2.53863243]
 [ 1.87645116 -2.36574296 -1.63795746  1.18367407 -3.5127379  -2.6328842 ]
 [-0.67377099 -4.87845921  1.33169171  0.1957914  -1.68565632 -0.91927846]
 [ 2.61575853  0.76933728 -3.18404649 -4.91513255 -0.01712327 -0.54812718]
 [ 1.69512222 -3.88326413 -2.26436489  2.39347546 -1.05143525 -3.98071322]
 [ 2.47889162  3.02371739 -3.92961121  3.00333709 -4.57062088 -2.06733673]
 [-3.49457661  2.55550737 -4.79522893 -2.89679361  2.59128494  3.88243486]
 [ 2.22721547 -1.86708827  4.75613534 -4.47840574  2.33402531 -4.39714509]
 [-3.14813732 -1.19991337 -1.7509557  -3.11130708  2.63619949  1.18073834]
 [-2.96096462  4.83356479 -4.93366784  0.72396777 -1.07893829 -0.34301962]
 [ 1.77022621  1.09879292  4.76120712  1.76935944 -1.46885638  3.39783595]
 [ 2.31010986 -3.74143149 -3.8596776   3.36517707 -4.5947561   2.42402462]
 [ 1.84739018 -4.93517789 -3.52273806 -0.92301026 -3.3659301  -4.34228059]
 [ 4.31355552 -3.15403688 -3.03082852  4.08694512  3.94385265 -4.71083104]
 [ 0.55687296  0.08568649 -2.92872461 -0.18073589 -4.06866196 -2.19321253]
 [ 0.35420018  0.3130828   3.92215616 -0.17115855  4.01138672 -2.67551492]
 [-4.55392577 -2.88682908  3.91876626  3.29162218  0.10277725  1.33174915]
 [-1.27658328  2.89500664  0.29659607 -4.3351085  -1.5934365   2.41120125]
 [ 1.98376046 -1.82170964 -1.61257754 -4.36106583 -3.92003584 -3.07331069]
 [ 2.70953827 -3.78428998 -3.64051965  3.39750037  4.21869088 -3.53106375]
 [ 0.65994578  1.52888517 -2.73657458 -0.71512082 -4.01513908 -4.42869502]
 [-0.04281869  1.66012642  1.77098157 -3.51582115  0.96304952 -4.43813577]
 [ 0.5682043  -4.2407109  -2.44127158 -1.35227681 -0.75928149 -3.21306794]
 [ 2.4284844   1.19854137 -1.70242292 -1.46459722 -4.94071675 -3.50467016]
 [ 3.73331532 -0.93083011 -2.1040834   0.83426417 -4.34957477  2.14412489]
 [ 1.3601752   1.64834289  2.56538745  0.0991001   4.24449915 -1.40876618]
 [-1.68293458  1.86349094  2.08615788 -4.24829445 -2.22065058 -2.63612152]
 [-1.44424036  4.63359521  4.15632465 -4.09607312 -1.03154992  0.23572698]
 [-4.99097224  3.74328541  1.13426911 -1.73656349  0.55890378  4.84830632]
 [-2.3113337   4.42566288 -4.32808018  1.22761259  2.42499809 -0.15821043]
 [ 4.20136946  2.50232395 -0.93207351  3.08513482  3.03462663  3.44892816]
 [ 2.38731746  2.8593727   1.55997224 -0.05378203 -0.51191406  4.95107357]
 [ 2.21944979 -3.8882822  -1.15626315  1.12086461 -3.66875945  4.0293535 ]
 [ 0.42803981 -3.07970557  4.79345261 -4.92751521 -4.13669188  0.85774718]
 [ 0.7383095   2.61251256  4.13046848  0.2154282  -2.46001745 -1.92989595]
 [-2.07030575 -0.79850776  3.11989257  4.97846032 -1.75239059 -0.7628554 ]
 [ 0.88073768 -3.1574912   4.69770381  1.43822679 -4.65034104 -1.97488392]
 [ 0.87448504  0.15881323  4.03570541 -2.85709103 -4.24727928  4.65549049]
 [-2.61230109  3.52229514  3.04885985 -4.06465415 -1.03190189  2.55597629]]
