[[1.00000000e+00 6.33980263e-06 7.14699086e-34 ... 1.56825978e-54
  1.03205992e-30 1.00000000e+00]
 [6.33980263e-06 1.00000000e+00 5.08018674e-42 ... 5.06330389e-45
  2.42522590e-27 1.00000000e+00]
 [7.14699086e-34 5.08018674e-42 1.00000000e+00 ... 4.48595084e-54
  6.04338188e-63 1.00000000e+00]
 ...
 [1.56825978e-54 5.06330389e-45 4.48595084e-54 ... 1.00000000e+00
  3.70455972e-50 1.00000000e+00]
 [1.03205992e-30 2.42522590e-27 6.04338188e-63 ... 3.70455972e-50
  1.00000000e+00 1.00000000e+00]
 [1.00000000e+00 1.00000000e+00 1.00000000e+00 ... 1.00000000e+00
  1.00000000e+00 0.00000000e+00]]
