[[-26498.70397899]
 [-21130.27795422]
 [-23112.12550614]
 [-28888.65805016]
 [  9748.09658309]
 [ 11758.73974738]
 [-44067.38001781]
 [-26262.75951756]
 [ -7199.37566818]
 [-40378.19178423]
 [-20732.25586747]
 [-44305.35123269]
 [ 58117.80210347]
 [ -8895.1407424 ]
 [ 47779.69292148]
 [-12645.63423333]
 [ -2975.56119075]
 [-15435.35552031]
 [108405.1698479 ]
 [ 33113.78827936]
 [ 51633.12035138]
 [ -7110.09201757]
 [-27003.84869701]
 [-21020.65606447]
 [  7681.73212158]
 [ 13777.52663613]
 [  8761.25420274]
 [ 35138.85444164]
 [ 45733.88463612]
 [-43812.68561608]
 [ 43711.89911311]
 [-42226.83831286]
 [-17679.10936258]
 [ 96967.93115766]
 [ 32761.67774359]
 [   270.17405073]
 [-31952.28563238]
 [-42736.21389974]
 [ -5530.08080685]
 [-17536.44172804]
 [-26226.32053554]
 [ 46123.44912396]]
