[[ 3.25055496  1.00192026 -2.62951509  0.97464215 -3.2059866   4.76659269]
 [-0.66968451  0.56128735 -0.3484906   1.36542476  4.61230031  3.18466449]
 [-0.95308526  3.4084344   3.00358796  1.21849011 -1.68226991 -0.71265591]
 [ 1.1226025  -2.31879594 -1.91870482 -0.75280302  4.5904143   1.95743011]
 [-1.66894238 -4.41875219 -3.82471288  4.04973813 -1.77022141 -0.35894839]
 [ 0.50546665  0.02001341  0.0699075  -0.56609571  2.56104528  3.38495992]
 [-1.44779094 -3.31028582  1.77794798 -3.93671916 -4.22302278  1.14755781]
 [ 4.74851918  1.66569489 -2.23501521 -0.12642054 -1.83196451 -2.77269935]
 [ 1.46387774  2.53804763 -0.86285279 -1.77968104 -4.16052019  0.24139768]
 [ 3.40535075 -3.07183766 -3.71462017  4.34204171 -1.85897645  2.34368858]
 [ 0.95662446  0.9784548   1.59391572  2.80480018 -0.07347344  1.36263979]
 [ 0.77931052  1.47184952  4.46424864  0.47762917  3.02478451  4.19874819]
 [-2.53519306 -4.5966577   4.87048903  0.49645776 -3.74852834  4.57723583]
 [ 4.00678843  2.81065582  3.223355   -3.44028344 -0.3090099  -4.41911134]
 [ 3.34703451  1.44699557 -0.54788342  0.80214275  0.77188454 -3.17261272]
 [ 4.74035026  1.94367897 -2.73307991 -2.98451768  1.56550318 -1.92264603]
 [-0.26563892 -2.36297631  3.17691372 -2.29172362  2.08541973 -3.12625555]
 [ 3.37888793  0.67418496 -4.29960517 -2.23682765  3.26416551  3.51524136]
 [ 3.92865902  1.65105878 -4.89823664  2.62156114 -2.85504324  2.29727154]
 [ 2.61306631  1.82392727 -4.83707275  2.08330482  0.57842136  2.10692683]]
