[[-2.61139685  4.14254456 -0.33903804  3.2616375  -3.04530674 -4.89019983]
 [ 2.05248134 -3.66952662 -1.53328554  0.07057071  1.18454802 -3.68420573]
 [ 4.81601807 -2.43726968 -3.01425917 -1.21789224 -3.00028727  1.89658337]
 [-2.62511872 -2.22957658  3.19643681  1.49033928  4.31411717 -1.98806251]
 [ 4.34991677 -3.16361652 -2.68164095 -2.65252829  0.82981504  1.05323808]
 [ 2.97333732 -1.00460133  3.47315156 -1.90889602  0.90378985  4.51983348]
 [-2.20357487 -0.31693617  0.49628691  3.35152579 -2.56150043 -3.91894489]
 [ 2.44476718  2.64176093 -1.14431314  0.17553568 -4.17896898  4.86953899]
 [-4.17880599  1.90573322 -0.97794489 -3.90934394 -0.28124375 -1.24326546]
 [-1.2220981   4.92592733  4.88396431 -2.21719859 -1.491777   -0.36407073]
 [ 3.15221148  2.26229783 -4.82986492 -1.91855958  3.60284226 -2.12956576]
 [ 3.30518645 -3.54830717  1.37164404 -4.95418726 -1.86861139 -0.46031213]
 [-0.73044475 -4.47070346 -1.96688259  2.28623976  0.76012768 -1.29947375]
 [-4.87758269  3.01673146 -1.44319727 -1.2269105   2.68007096 -1.64722619]
 [ 2.15268696 -3.98212546  4.93847385  3.01206715  0.11126567 -2.54141245]
 [-1.48416165 -2.71157598 -4.55945826  2.76108591  2.07644247  2.34285712]
 [-3.34204799 -3.47342631 -4.66103923  0.69462673 -2.37331083  1.70869272]
 [ 1.77725046  4.53623582 -4.99376257  1.58964382 -4.45147776  0.5751394 ]
 [-2.16474903  3.04644759 -1.20775998 -0.97772488  4.86149812  1.56263611]
 [ 2.59812738 -2.71754389  3.32630578 -3.32854055 -1.91347387 -0.8239408 ]
 [ 1.79653814 -1.30964388  1.03509621  4.12157427 -4.84782291  4.29263225]
 [-1.75119266 -1.1876614   3.95745941  3.60058612 -3.29147304  3.87459489]
 [-3.10986715 -2.13102559 -3.53143177  4.82162224  3.45586192 -0.54883909]
 [ 1.47200235 -1.72066047 -4.72312177 -1.08818099  2.0367962   1.80657879]
 [ 3.20814686  2.78689484 -1.63127325 -2.56961671 -4.15157149  3.90631528]
 [ 0.09249111 -2.52479154  2.25291461  0.63375898  2.89682261  3.76310798]
 [ 3.59668309 -1.24601878 -0.12151383 -3.27919101  4.49518198  0.2313972 ]
 [ 3.64729241 -0.36485018  3.72144175  4.54508358  3.30073512  4.81215572]
 [-2.13681292  4.06459656 -1.09328968 -3.19711507 -1.62594583  1.23687736]
 [-1.61096035  2.37978484  1.23043866 -2.71444487  1.39379925  1.68276166]
 [ 0.13766224 -3.22255355 -0.29737119  1.48899718 -2.64337912 -1.5981305 ]
 [-2.65540839  2.49112181  4.3845913   1.38312242 -0.93837453  1.56340897]
 [ 1.68331571  2.12975775 -1.17885506  0.17116184  1.80032769  0.15164795]
 [ 0.95082131  3.945965    3.28865739  1.09281157 -3.64020017  1.35836757]
 [ 3.23967144  4.05107673  1.22975934  4.41899694  0.87550948 -2.00699279]
 [ 0.26954574  3.91604136 -1.75503766 -4.48690692 -0.0098606   3.54400899]
 [ 3.32734919 -2.13536631 -3.35917921  4.39570753 -3.23381505  3.40715316]
 [ 3.70779805  3.60479043  0.86372986  1.86078414 -4.40473524  2.36430025]
 [ 4.15802784 -0.20096445 -3.79878658  4.47027405  2.67629269 -1.15785258]
 [-0.87350653 -2.07742882 -3.9143001   4.69726496  1.26385887  4.75421849]
 [-3.99358809 -3.96571425 -3.33262803 -4.81536114 -1.66439915  3.11852088]
 [-4.32195951  4.11230631  0.24751179 -3.78322756 -3.09127225  2.48021035]
 [-3.50283446  1.11153409 -0.84297951 -4.44724477 -4.09103448 -4.89818996]
 [ 1.51251098  2.33133471  1.41488034  4.31236653 -3.94092242 -0.47761162]
 [-1.27136503 -4.95258309 -1.65957995  4.15517999 -1.05549388  4.38956941]
 [ 3.37358097 -2.45085702 -0.63471207  3.80994653 -4.78494789  4.291534  ]
 [-4.05920377  1.01334279 -1.66873354  1.11999275 -4.48788731  3.6732658 ]
 [-3.75916159 -4.96701161 -3.75656496  1.94668776  0.0630794   4.32569565]
 [-0.40962258 -3.44898549 -3.24456263  1.78578553 -4.56357478 -2.53646162]
 [-4.32714852  2.06987951 -0.17833917 -2.15829053  4.49865154 -4.82411437]
 [ 0.75958216  2.66575685 -3.18712401 -2.9227796  -3.05446365  1.02007578]
 [-3.12922758 -0.25304498 -3.27906925  3.36716524 -4.76504989 -3.35748524]
 [ 4.72247405  0.78223091 -2.63840185  3.12160376 -0.65276788  2.47001656]
 [ 3.92884126 -3.10325545 -3.95921277 -3.61409696  0.4955661   2.78710905]
 [ 0.46665683  0.53477506  1.60843126  0.75262738  0.44695782 -2.12467728]
 [ 3.15328849  1.97505888  4.5174528  -0.67206838 -2.30125237 -4.04269953]
 [ 4.9220997   2.91824102  2.42790541  2.2106428  -0.21541632 -0.88328186]
 [-3.18258742  2.38113914 -2.67937571  3.88997121 -4.93881888  3.67760296]
 [-4.17774751  1.99082492  0.13550998 -2.62688802 -0.98245257  1.71855291]
 [-3.32447018  1.28576145 -0.27728499 -3.43259333 -2.03443405 -0.53605486]
 [-4.71441547 -4.66056647  0.89504737 -4.99033905  0.62607418  4.3913688 ]
 [-4.6251418  -4.2096165  -3.13131886  0.85559373 -3.76246226  4.6316969 ]
 [-3.24883554 -0.18458498 -2.13021581  3.37073501  0.85729901  3.1522137 ]
 [ 0.45680364  0.593438    0.33515595  1.91445528  4.88135185 -4.42601361]
 [ 0.38610814 -2.97581139  1.11114164 -1.89914605 -0.58657376  2.26937616]
 [ 1.34350341  4.58780702 -2.12097034  0.15925622 -3.82420308  0.2677324 ]
 [-1.19801705  1.31066081  3.52114702  1.80399946  1.47930922  0.65158475]
 [-3.10990371  2.93888419 -4.62905466 -1.70796662  0.74328585  1.08303385]
 [ 4.40530981  2.69910733 -4.28116255  3.88856877 -3.8447993   4.7706975 ]
 [ 2.54395412 -1.22584648 -1.94996871  4.42800484  1.50412419  0.726231  ]
 [-3.67050098  0.58896244 -4.58535     1.41726115  1.43421628 -3.42976754]
 [-3.51762828 -2.9421318   3.0764082  -4.03633287 -4.51200137 -3.03403664]
 [-2.17922589  2.32648728 -4.9475653  -4.02074708 -4.9513554   4.67732123]
 [ 2.80725979 -2.39966131 -2.40147527  3.6618151  -3.66443402  1.92910183]
 [ 0.26141386  4.08059869  2.97101009 -4.75135486 -2.56750938  3.46856508]
 [ 0.92984254 -0.72115514  0.90076235  1.52540239 -3.60323977 -0.96362237]
 [ 2.79747861 -0.36514267 -3.69138806 -3.85165817 -2.21288777  4.52787635]
 [ 2.36666172 -2.65901917  0.9357474  -1.8184601   1.20272607  0.64010205]
 [-0.33641273  3.34477093 -1.63960649 -1.08446709  1.85378318  0.13888093]
 [-2.19223881  0.30635698 -1.6072307   3.50734127  0.11508912  0.31815476]
 [-0.86104728 -3.6912626  -1.43222017  3.40396745 -1.44553767  2.75856747]
 [ 4.93355826 -2.05787757  2.65808357 -1.11564184  1.67404511  3.47420032]
 [ 4.90593823 -1.05131993 -1.57810789 -1.29761586  2.51574187 -0.37869796]
 [ 4.28213479 -4.54129209 -0.90352445  2.83678155 -2.12568437 -1.93847407]
 [-1.06751859 -4.98511395 -3.31907825  1.58263386 -2.70164413  3.44009181]
 [-3.26211152 -1.33508559  3.85445639 -4.0686642   0.65678092 -4.18711049]]
