[[ 8.78092092e-01  3.42619951e+00 -6.91101150e-01  3.46545653e+00
   1.40490729e-01  4.73733731e+00]
 [-3.44669689e+00 -3.48187630e+00 -3.66207015e+00  2.26342990e+00
   2.94808383e-01 -2.86791579e+00]
 [ 3.08633506e+00 -1.86976594e+00  1.76362701e+00  3.78390431e+00
   4.40782826e+00 -1.11426347e+00]
 [-2.14723200e+00  3.46949536e+00  2.97320310e-02  5.25626733e-01
   2.05531283e-01 -2.62295148e-01]
 [ 3.67875520e+00 -6.29805624e-01 -4.95135769e+00  4.01950530e+00
  -1.47632110e+00  1.51080926e+00]
 [ 1.37624271e+00  2.05859757e-01 -4.58689132e+00  4.77774096e+00
  -1.28182552e-01  3.59526064e+00]
 [ 5.15489737e-01  8.03231195e-01  1.96340681e+00  2.99810681e+00
  -4.95993163e+00  1.35863193e+00]
 [-2.06270759e+00 -4.42219439e+00  2.92280505e-01 -3.78357018e+00
   3.88107597e+00 -4.81034937e+00]
 [ 1.82538765e+00 -4.63964501e+00 -3.83682294e+00  2.01656074e+00
   2.38191866e+00 -1.68009682e+00]
 [-4.94326473e-01 -4.27197136e-01  1.98477126e+00  2.28059349e+00
   6.11372641e-01 -3.67514547e+00]
 [-4.42551660e+00 -3.94759697e+00  2.28399944e+00  3.24544930e+00
  -3.61694807e+00 -1.20631604e+00]
 [ 4.29184225e+00 -4.09347652e+00  2.48657601e+00  2.75363773e-01
  -2.84494990e+00 -4.50508578e+00]
 [ 4.19400575e+00 -1.77450299e+00  1.11499822e+00  2.58336471e+00
   2.98093505e+00  1.68438815e+00]
 [ 3.93235842e+00  3.48017477e+00  2.56007305e+00  4.64992662e-01
   1.13845376e+00 -3.83086999e-01]
 [-4.51207673e+00 -4.06387507e+00 -4.85343597e+00  1.89415410e+00
   4.91692248e+00 -3.10026337e+00]
 [ 4.15276452e+00 -3.29625137e+00 -1.44907276e+00 -4.97432022e+00
   4.11936728e+00 -2.55669933e+00]
 [ 5.18069701e-01  1.73132079e+00  2.99034599e+00  4.71148404e+00
   2.68706729e+00 -7.64093610e-01]
 [ 3.84753842e+00 -1.91210446e+00 -8.52956840e-01  2.36900747e+00
  -3.93488686e+00  7.90520671e-01]
 [-4.52522689e+00 -2.88197448e+00 -3.85191036e+00  3.77522038e+00
   3.56373201e+00 -4.37773285e-01]
 [ 3.30518079e+00 -5.60029771e-01  2.84665558e+00 -1.77915320e+00
   3.73536330e+00 -4.82619648e+00]
 [-3.47895213e+00  2.62908300e+00 -3.88444229e+00  4.83550495e+00
   1.27208289e+00 -3.81501933e+00]
 [-4.67884747e+00  2.56922695e+00 -2.11900385e+00 -2.74934801e+00
  -3.97988027e+00  4.32638204e+00]
 [-8.05372378e-01  4.81873069e+00  1.68321563e+00  1.20009614e+00
  -1.82606928e+00 -1.02584707e+00]
 [ 4.48681805e+00 -1.84350912e+00 -4.36916812e+00  2.37651063e+00
  -4.32027203e+00  3.99531557e+00]
 [-3.31457464e+00 -2.11476616e+00  5.35684002e-01 -3.09480619e+00
   8.71549021e-01  3.17812761e+00]
 [-4.92353398e+00  3.81057336e+00 -3.54903044e+00  2.27484735e+00
  -2.40296396e+00  4.33727662e+00]
 [-4.31739074e+00 -2.50470095e+00 -4.38817720e+00 -3.04331723e+00
   3.16930892e+00  8.97547001e-01]
 [ 8.88819314e-01  3.68181580e+00  4.59723351e+00 -2.73192819e+00
  -1.09173406e-01  8.04077431e-01]
 [-5.06287698e-01 -3.97874437e+00  1.55496816e+00  2.22780928e+00
   3.05757268e+00  8.89652724e-01]
 [ 1.49100429e+00 -1.90792906e+00  7.55229826e-01 -1.37202908e+00
  -3.29017283e+00 -1.79362169e+00]
 [ 3.52143795e-01  4.40435228e+00 -1.28464457e+00 -3.87129612e-01
   1.97696447e+00  3.58053537e+00]
 [-4.18300307e+00  1.33223382e+00  1.10833183e+00  2.63510948e+00
   2.83396209e+00  2.94321838e-01]
 [-3.23983538e+00 -4.06849463e+00  1.55957453e+00  1.77677842e+00
   3.21091977e+00 -2.61176964e-01]
 [-2.34994072e+00  1.60092117e+00  3.33081726e+00  2.13053353e-01
  -1.62987594e-01 -4.31470102e+00]
 [ 2.53943691e+00 -2.92196287e+00  1.04853927e+00 -3.76441535e+00
   9.43363075e-01  3.96753104e+00]
 [ 1.68586222e-01 -1.90808633e+00 -4.14699079e+00  1.43929397e-01
   1.71612354e+00  3.05858550e+00]
 [-2.48805864e+00 -4.93563001e+00  1.34235571e-04 -2.17454082e+00
  -1.86788632e+00 -3.52967907e-01]
 [ 2.26420878e+00 -3.82476259e+00 -4.74369768e+00 -3.45099526e+00
   1.83723452e+00 -2.22612871e+00]
 [ 4.48518449e+00 -4.37017626e+00 -1.19888531e+00 -3.23633227e+00
  -4.74176788e+00  4.37503211e+00]
 [ 2.75128850e+00  4.00820609e+00 -1.36424905e+00 -3.66014581e+00
   2.21163877e+00 -3.63019569e+00]
 [-2.47588235e+00 -3.26727915e-01 -3.03736974e-01  2.48008838e+00
   1.25949913e+00  8.52429178e-01]
 [ 9.75646871e-01 -3.26211203e+00  1.58653858e+00  4.04448098e+00
   4.80545874e+00  1.56660667e+00]
 [ 3.84705051e+00  3.07587189e+00  4.76057231e+00 -3.39150204e+00
   4.56658849e+00  4.40724930e+00]
 [-1.67877042e+00 -3.05168075e+00  4.30558369e+00 -6.77007327e-02
  -3.32031422e+00 -1.23295210e+00]
 [-8.28596199e-02 -4.58381088e+00  1.07598610e-01  2.09271515e+00
  -3.59487754e+00  4.62013050e+00]
 [-1.81240671e+00  4.69804279e+00 -4.00958178e+00  2.21283559e+00
   2.07921860e+00  2.37391195e+00]
 [-1.89800258e+00 -3.11490379e+00 -8.06137047e-01  1.70775790e+00
  -3.46038498e+00  1.60687492e+00]
 [-4.78956753e+00 -3.44421060e+00  6.57150191e-01 -4.39332653e+00
   2.51465012e+00 -1.09755250e+00]
 [-1.76602668e-01 -3.68285837e+00 -4.93051475e+00  1.91208464e+00
  -5.02868374e-02  4.56109893e+00]
 [ 3.64131355e+00 -2.54862598e+00 -3.66442771e+00  2.25589342e+00
  -2.62827395e+00  6.90537923e-01]
 [-1.93962207e+00  3.33890811e+00 -2.66659962e+00 -4.26250815e+00
  -2.47603278e-01  2.45706866e+00]
 [ 5.20504254e-02  1.53606656e+00 -4.85179551e+00 -2.42922120e+00
   3.44234079e+00  4.32111820e+00]
 [-7.85552975e-01  3.90764438e+00 -1.05892690e+00 -1.67262411e-01
  -2.38681481e+00 -2.82932425e+00]
 [-1.91177258e+00  7.62810474e-01 -1.14910050e+00  1.33684256e+00
   1.40383758e+00 -2.93998776e+00]
 [-8.77081799e-01  2.60225739e-01  1.69488552e+00  4.27772148e+00
   4.30335164e+00 -4.18778622e+00]
 [ 4.54551477e+00 -3.49047482e+00  4.78128982e+00  1.77417243e+00
   4.16592130e+00  3.47275824e-01]
 [-3.17319296e+00  3.97863458e+00 -3.18464264e+00 -5.28445859e-01
  -4.31279488e+00  1.81544578e+00]
 [ 1.96392303e+00  3.38651721e+00  1.40555997e+00 -4.75615334e+00
  -1.26296007e+00 -2.70720448e+00]
 [-1.46645174e+00  2.91446404e-01 -2.73775865e+00 -3.34295327e+00
   4.87956707e+00 -2.43902035e+00]
 [-1.80044314e+00  1.55927903e+00 -4.57823804e+00 -1.73922950e+00
  -2.49796179e+00  9.53247070e-01]
 [ 4.75591887e+00  4.27198887e+00  2.14430125e+00 -3.16293324e+00
  -3.78410474e+00  2.41155624e+00]
 [ 2.43850307e+00  9.21346603e-01 -2.37714796e+00  1.75561904e+00
  -4.10966399e+00 -4.65718751e+00]
 [ 4.24239464e+00  1.23737613e+00  4.12753519e+00 -9.16218448e-01
  -2.41860706e+00 -2.65001754e+00]
 [-5.90939155e-02 -2.38395075e+00  2.65628103e+00  2.12515981e+00
   4.07712596e+00  2.09566768e+00]
 [ 1.45987861e+00 -1.67905675e+00  7.84237885e-01 -3.54179849e+00
   3.65510181e+00  3.37332791e+00]
 [-3.23378987e+00 -4.32856228e+00 -8.49658658e-01 -3.85867537e+00
   1.44917993e+00  3.74441863e+00]
 [ 3.68738566e+00  2.40847474e-01  1.17948424e+00  1.78789764e+00
   2.85468050e+00  1.03704125e+00]
 [ 1.81609585e+00 -4.01302454e+00 -1.06830361e+00  4.47486607e+00
   4.69602006e+00  2.78102364e+00]
 [ 9.64850690e-01 -2.21275726e+00  1.72394981e+00 -1.04038848e+00
   6.80045281e-01 -1.79943664e+00]
 [-2.94059668e+00  3.92406306e+00  6.61879563e-03  3.38703481e+00
  -4.56552792e+00  3.46169098e+00]
 [ 4.67541033e+00 -3.59658197e+00  2.65795125e+00 -1.91260983e+00
   3.11513408e+00  2.97129537e+00]
 [-4.75096583e+00 -2.66670799e+00 -3.22349594e+00  2.30577936e+00
   4.43423890e+00  2.52657705e+00]
 [-8.79555769e-02 -4.25596558e+00  1.87289876e+00 -3.14596837e+00
  -6.78346060e-01 -3.38951328e-01]
 [-3.34361830e+00 -4.55607557e+00 -1.19781688e+00 -3.64129665e+00
   9.87136365e-01 -1.09171441e+00]
 [-3.10844057e+00 -2.45109102e+00 -2.36194301e+00  3.36142041e+00
   3.67614164e+00  3.34494375e+00]
 [ 4.31901363e+00  4.07933659e+00 -4.01507754e+00 -4.09707978e+00
  -1.30599859e+00  1.45738122e+00]
 [ 3.39559568e+00  3.46107048e+00  2.82547244e+00 -3.08309762e+00
  -4.62179237e+00  6.72020849e-01]
 [ 3.09036921e+00 -9.47827299e-01  4.90957688e+00 -4.57975517e+00
  -1.72380626e+00  9.05919779e-01]
 [ 4.55690012e+00  2.55710806e+00  4.43035955e-01  2.72391840e+00
  -4.34866979e-01  1.99073817e+00]
 [ 4.32853048e+00  4.59141038e+00 -3.84999942e-01  4.46945851e+00
   3.81575373e+00 -4.67086077e+00]
 [ 3.01100770e+00  3.42324206e+00 -6.37905370e-01  1.05245647e+00
  -3.33721848e+00  4.86280904e+00]]
