[[ 4.63243807 -0.69682709 -4.60339377 -0.58929638 -0.53652407 -2.00924713]
 [ 4.8748849  -0.26862694 -3.6521062   3.68707595 -1.58882727  1.99388942]
 [ 1.23764397 -3.08199388 -4.07047402 -4.46279949  3.63813472  2.45753501]
 [-2.68315128 -0.82778801 -3.59921445  3.44628674 -4.06899946  3.40722064]
 [ 4.19150193 -2.29815719  1.78115063  4.64826045  1.21259725 -3.52067699]
 [ 3.72079979  2.34198989 -4.42156412  3.051637    3.22348316 -0.68827074]
 [-2.02624102  1.48056877  2.36949607 -2.08091879 -2.97475457  4.62241945]
 [ 2.46692167 -3.05570767 -0.57068744 -0.68438117  4.84808796  2.19977962]
 [-1.50276458  0.05930984 -1.58505285 -0.84185963 -4.23217519 -0.56526205]
 [ 2.03670607 -4.72057112  1.15940818  0.8778213   4.61423572 -2.66868389]
 [ 0.61421427  4.85960045 -4.86439151  1.05500418 -2.54831789 -2.14853551]
 [-3.61457011  1.7322771   0.00898173  2.39547866  4.7288957   1.759854  ]
 [-3.18534981 -4.47367887  4.91516603  1.59684941 -2.37184251  0.30622693]
 [ 4.49003115 -1.65184557 -2.01429558 -1.74207251  0.52102993  3.88581516]
 [ 2.79863979  0.83912678  0.91274839 -2.39351177 -3.74490208 -4.99103509]
 [-3.05632232 -3.3909049  -4.31036641 -3.28899416 -0.69105799 -0.29459127]
 [ 3.39990446 -3.66737884  0.06727794  1.46028658 -4.3214698   1.93690163]
 [ 1.60985184  1.64355523 -3.44632327 -3.48753499  3.31690316 -4.52639393]
 [ 4.77422952 -0.06068334  1.33954674 -3.54710291 -2.61556146 -0.22508613]
 [-0.06680984  3.5801393  -0.20602678  1.66347444 -4.86221412  2.7205875 ]
 [ 0.07350663  3.70219571 -2.38155146  3.85633342 -0.13000277  0.92487559]
 [-3.86759275  3.97707357 -2.94910939 -1.58967675  0.6562814  -1.28293992]
 [-3.35889519 -1.703979   -1.26603104  3.78227232  2.07812487 -3.70399045]
 [-1.97151123  4.4455925  -1.21208415 -2.37683726  4.91843045  1.66959228]
 [-1.6611643  -2.86226725  3.40492387  1.96572218 -4.76531021  4.33932403]
 [-2.45675442  1.23904593 -4.41570017  3.44975013  2.39023855  4.12672231]
 [-4.01919083  0.41276969  2.1474285   4.35460482 -3.16188394  0.03977044]
 [ 1.81004107  0.52164295 -0.66303021 -0.01822623  4.28870858 -2.50059943]
 [ 1.03498982  1.13481911  3.78336198 -4.61473189 -4.02427636  1.53078369]
 [-2.56582774 -4.68950471  1.28642451 -3.38668496  2.91429783  2.35260198]
 [-0.01503184 -4.12103276 -3.05550422 -0.93023284 -1.17148773  3.30070389]
 [ 1.8959013  -1.50842111 -3.26130727 -4.74073131 -3.66495705  1.80712058]
 [ 4.00532927 -4.52479547 -1.7038664   2.89431497  0.91987771  0.1555308 ]
 [-4.52656416  2.67290767 -2.25074151  2.60840356 -2.22526745 -3.14327466]
 [-3.82142948 -2.69445421  3.06674585  4.21502803  2.81095665  1.39260587]
 [-0.37255147 -0.4925533   2.55525138 -0.45653992 -1.35126076 -1.13520772]
 [-1.39504885 -0.97862197  0.51890385 -4.85060032  0.11928016  0.06875674]
 [ 3.58754691  3.36647768 -2.51766015 -1.90050408 -2.78571794  1.48582145]
 [ 0.29280165 -4.93006558  0.36136399  3.08032133  1.36829441  4.27946598]
 [ 2.29977007  2.27236913  2.92007339  1.31335981  0.29553496 -4.83638646]
 [-0.59208936  3.53413229  0.97343941  2.2733276  -3.08625973 -2.8264213 ]
 [ 2.89224241  2.60334631  4.38560483  3.96237877 -2.45244197  0.52910738]
 [-1.1659948  -1.02981663  4.62548722 -3.06572577  0.95686458 -4.75158351]
 [ 4.97146134  0.61690441  1.61252609  2.08838488  0.04041801  2.62255269]
 [-2.3184509  -2.87941448 -2.36341831  4.88687903 -3.5763649  -1.05708435]
 [-2.66557749  4.78638607 -4.63099567  0.09704701 -0.38565877  4.03034988]
 [ 2.16251207  2.50138811 -2.78634634  1.25795877 -1.23314528  4.92258273]
 [-0.28422442  3.80874672 -0.95348846 -4.34464618 -0.44854386  3.61820144]
 [-1.56360431  4.04178017  2.99721299  2.75640961  3.08877443 -1.87045028]
 [-2.80960872 -1.32917566  3.25795771 -4.60785876 -3.84432991 -3.39543125]
 [ 3.21428099 -1.22277744 -3.79634205  2.37766555  3.4556871   3.07521999]
 [-4.50501487 -3.55379745 -0.75242507  0.39022833 -1.89184936  2.50161541]
 [ 0.78954401 -2.65946659  3.50442795  3.55999838 -4.5951621  -3.91869178]
 [ 1.33125827 -0.02669515 -2.11949195  4.58575195 -1.04000687 -4.29188212]
 [-3.14893202 -0.60025399 -1.06040221 -1.64567496  1.93712668  4.4517995 ]
 [-3.53254893  3.19549383 -1.80506642 -2.60068068 -4.67830833 -4.34483829]
 [ 4.27033286  0.97534668 -0.8636198   3.17331363 -4.44739057 -1.55284833]
 [-3.26350077  3.08037867  2.06826829 -3.81889765  1.67989934  0.34197383]
 [-4.78597551 -2.41928554 -0.41239158  0.70210957 -1.96472847 -3.00593873]
 [ 3.54135816  4.58905675  2.73950278 -1.31649442 -2.17802574 -0.44622894]
 [ 1.44475885 -0.76826861  3.70570221 -3.03434844  4.10776589  3.1786753 ]
 [ 0.70870051 -3.75656395 -3.84033061 -1.25763623  4.40347848 -2.3314228 ]
 [-4.69510806  2.8649853  -0.500646    2.50588226 -0.86653286  3.04313883]
 [-2.90749301 -3.8820496  -1.4245519   1.17296868  3.64205207  1.13630158]
 [ 3.9085707   4.94932343 -1.37429741 -0.3538934   1.21911936 -2.86702954]
 [-4.29316078  2.09957683  0.18600473 -1.15597268  3.42881894 -3.97709744]
 [-4.95951243  3.28630948  2.66124008 -0.74191128 -4.20275455 -0.10030291]
 [ 4.10389805 -3.9889266   3.93052267  0.2055034  -3.34797852 -1.60983171]
 [-0.6442253   0.76167937  1.79789637  4.07952256 -1.70722268  4.53605793]
 [ 2.76105694 -4.33644411 -1.64035821 -3.87509174  0.80415043 -1.47261519]
 [ 4.53531002  2.98518408  1.55000014  4.28632565  2.61491188 -1.3224435 ]
 [-1.01418357  4.63096582  1.0223689  -3.67731338 -0.75193377 -3.80118778]
 [ 0.169712    4.30672988  1.45739238 -3.98891463  4.49589305 -3.18477494]
 [-2.1309759   0.28904281  3.6383835   4.45900362 -1.01937844 -4.48393052]
 [ 3.00257037  1.57372692  3.23459723 -2.55307833 -0.28457689  4.79779938]
 [ 1.50799253 -3.4515059   1.93153888 -4.1119681  -1.48774794  3.73892124]
 [ 2.48997984  4.37480874  2.8212152  -0.09034035  3.98102128  0.88704897]
 [ 0.85439304 -3.15559972 -2.71298639  0.30308798 -3.41488884 -4.05827589]
 [ 3.78563804 -2.2263251   4.30392229 -2.18557125  1.77903008 -1.73382852]
 [-4.88482911  1.388214    4.03135098  0.59721401  0.41604816 -2.24464649]
 [ 1.77341858 -1.41281843 -4.9999889   1.74065716 -4.98575186  1.26296274]
 [ 3.14759287  1.80372688 -1.9393524  -2.84145881  4.18877292  2.95304911]
 [-0.79751687 -4.86936304 -0.07879483 -1.50339622 -3.50406439 -0.92458649]
 [-0.20944768 -2.0669734  -4.22142068  2.83400271  1.10314041 -0.35901349]
 [-1.08589856 -3.31482818  4.8353901   2.0293585   2.35059441 -3.25927794]
 [-4.19536162 -2.11210345  4.49260187 -2.93405984  0.1683171   0.82431765]
 [ 1.18358662  2.03631106 -3.96170872 -4.15739461 -2.76117304 -2.42778935]
 [-3.6649697   0.63442439 -3.2356951  -1.80272116 -2.90429522  3.67504913]
 [ 0.35383937  1.09180944 -4.80316625 -2.15874567  1.50091595  1.08666774]
 [-1.82183826  2.41756056 -3.50000853  1.80259466  3.75122939 -1.98388727]
 [ 2.62462654 -4.21067684  3.94415753 -0.26496273  1.52635269  2.82799117]
 [ 2.27681493  2.85043586  4.54452834  3.2746421   2.19859789  3.99746107]
 [-0.51470195 -1.81823514  0.54356732 -4.97064732  3.86783573 -3.58041789]
 [-0.8857689   3.86601484  0.25754094  0.77147051  2.67255216  4.89548119]
 [ 1.01882651 -0.23609618  0.70584842  4.73123323  3.05212314  0.65602615]
 [-2.22268646 -1.15542618 -2.64798938 -2.75374221 -0.14729931 -4.64152208]
 [ 4.34700192 -1.92820768 -0.28941635 -0.23498776  0.6022832  -4.19751974]
 [-4.35082515 -0.41065939 -3.08214794 -3.23911303  4.58684205 -0.86135183]
 [-4.07848804 -4.24375929  0.80549405 -1.09863979  2.57110849 -2.75520937]
 [-1.22866656  4.192894    4.71655626  0.48916899 -1.6091086   2.08767165]
 [ 3.30817661  1.96649141  2.40289812 -4.27690354  1.84063921 -0.75747017]
 [-1.73623511  0.22831766  4.16982978  0.93547844  2.13967255  3.45294871]
 [ 0.4683847  -2.47890521  2.26174436  4.99767413 -2.06210533  0.59322726]]
