[[ 2.38890018e+00 -5.38642292e-02 -9.59385264e-01 -3.48274112e+00
  -1.48634608e+00  2.00685807e+00]
 [ 4.72027188e+00  2.04770415e+00  5.33203724e-01 -1.27437095e+00
  -2.20948680e+00 -4.86108579e+00]
 [ 2.15726685e+00  2.47618223e+00 -4.84984681e+00 -7.56580739e-01
  -3.75635504e+00  4.91074500e+00]
 [-1.20579855e+00 -2.60134061e+00  7.65394725e-01  1.38684517e+00
   2.03078877e+00 -2.12665187e+00]
 [ 1.32643917e-01  4.50823247e+00  3.40901133e+00 -2.61044393e+00
   1.65445563e+00 -1.49852067e-01]
 [ 7.06844145e-01 -6.59310890e-01  1.29994239e+00 -4.48191866e+00
  -4.62017378e+00 -1.46826500e+00]
 [ 2.77505695e+00  1.40072263e+00  3.93383487e+00 -4.44758484e-01
  -2.32844578e+00  4.44635735e+00]
 [ 7.00122114e-01  2.18766234e+00 -4.20964642e+00  2.70664441e+00
   3.48332731e+00  4.13384072e+00]
 [ 1.08836711e+00  4.33583420e+00 -4.07522053e+00  6.65993924e-01
   1.37633160e+00  3.34475098e+00]
 [-3.93144118e+00 -2.99493082e+00 -4.95198772e+00  3.62358475e+00
   4.68142809e+00  3.96520731e+00]
 [-3.72434948e+00  1.00822891e+00  1.45103645e+00 -9.54296838e-01
  -2.01843747e+00  9.89204788e-01]
 [-1.22855109e+00 -1.30124133e+00  3.66126955e+00  2.27791360e+00
  -1.48881085e+00  1.34330656e+00]
 [ 2.41857021e+00 -1.89844143e-01  3.96441665e+00 -5.94670628e-01
   4.58357687e+00  2.75820146e+00]
 [ 1.94417710e-01  5.30676521e-01  3.47811548e+00 -4.98561145e+00
   4.56314006e+00 -4.19154104e+00]
 [-3.15614822e+00  3.61714625e+00  2.75162408e+00  1.43488080e+00
  -3.21477928e+00  3.62450945e+00]
 [-4.59558034e-01  2.71159510e+00  4.38235925e+00 -2.12842133e+00
  -4.85476885e-01 -3.34736994e+00]
 [-2.54322055e+00  4.34432042e+00 -3.99812772e+00 -1.35939085e+00
   2.78459364e+00 -2.06564522e+00]
 [-3.51834738e+00 -9.40825188e-01  3.74728577e+00 -1.29750252e-01
  -1.31092219e+00  4.29733922e-02]
 [-4.21607250e+00  1.95724299e-01 -4.57105994e+00 -3.35264618e+00
   1.31465686e+00 -4.62423522e+00]
 [-4.85130185e+00 -2.40354996e+00 -3.00131907e+00  3.31939054e+00
   4.02380987e-01 -3.66694856e+00]
 [ 3.66675678e+00  1.24082202e+00  3.13036116e+00  3.82091338e+00
   1.23046493e+00  3.50306717e+00]
 [ 1.59313066e-01 -1.08910585e+00  2.79638349e+00 -3.62155133e+00
  -2.76408561e+00 -9.12004630e-01]
 [ 5.68901177e-01  3.56993035e-01  3.39105151e+00 -3.47654304e+00
   1.18779072e+00  4.16818906e+00]
 [ 4.95422096e+00 -1.14023772e+00 -2.32804513e+00 -2.25910630e+00
   1.60380333e+00  4.78160244e+00]
 [-2.61325056e+00  1.39675137e-01 -4.75953799e+00 -6.67501108e-01
   6.91650822e-01  2.87120530e+00]
 [-3.30413850e+00 -9.26548852e-01 -3.27340387e+00 -1.55755281e+00
   3.95081151e+00 -3.44694706e+00]
 [-4.86135112e+00 -8.38029519e-01 -1.59920632e+00  1.16404161e+00
   2.23657933e+00 -4.76781692e+00]
 [ 6.17273780e-01 -2.19984407e+00 -1.72378585e+00 -1.74753128e+00
  -4.98017591e+00 -4.69619455e+00]
 [ 1.85920934e+00  1.68025800e+00 -7.00440368e-02  2.85377173e+00
  -2.96787876e+00  3.51228869e+00]
 [ 3.32771169e+00 -3.68005101e+00  1.70739954e+00 -1.94917187e+00
  -4.26582878e+00  2.93652280e+00]
 [ 3.06181811e+00 -2.67578860e+00 -2.14627127e+00  4.35371836e+00
   1.48178866e+00 -3.39147541e+00]
 [-1.13770978e+00  3.54528501e+00  4.31438312e+00  3.96999863e+00
   3.55042985e+00  4.05151190e-01]
 [-1.50169597e+00 -2.82938869e+00 -3.17103069e+00  1.48333092e+00
  -1.90259801e+00 -3.32803888e+00]
 [ 2.00700470e+00 -1.60910865e+00 -3.03927342e+00 -7.38046941e-01
   2.71456129e+00  2.41082389e-01]
 [ 2.89420375e+00 -1.44052242e+00 -4.19722230e+00  4.86765279e+00
  -7.99622404e-01  3.57089214e+00]
 [-2.15603390e+00 -2.03608725e+00 -7.41934840e-02 -3.16197068e-01
  -9.29504636e-01  1.57335504e+00]
 [-1.78109271e+00  4.00399835e-01  3.49650137e-01  4.23649692e+00
   3.52964202e+00  6.50807094e-01]
 [-1.42036067e+00 -2.03130734e+00 -3.22325165e+00  9.13062625e-01
   4.65752653e+00 -2.99919429e+00]
 [-3.72174088e+00  2.88666380e+00  2.36604827e+00  3.18536288e+00
   3.83414197e+00  8.36198857e-01]
 [-1.97446873e+00  3.35070042e+00  1.84800724e+00 -3.90334683e+00
  -1.82117601e+00  3.77107727e+00]
 [ 6.08159881e-01 -8.76007249e-01  4.78851433e+00 -1.58781387e+00
  -2.77672005e+00 -2.99454077e+00]
 [-1.13618635e+00 -1.58014943e+00  2.65857759e+00  4.73977982e+00
   2.43035361e-01 -1.53085709e+00]
 [-2.12879417e+00 -4.08040586e+00 -2.95629158e+00  3.97613661e+00
  -4.00396481e+00 -3.18379460e+00]
 [-2.97837687e+00  3.02413599e+00  4.11099575e+00 -3.45753103e+00
   3.31632628e+00 -4.91613842e+00]
 [-3.91725305e+00 -1.98136866e+00  2.60698966e+00  2.21170898e+00
  -1.82340135e+00 -1.01126173e+00]
 [ 3.62703069e+00  2.62373229e+00  3.43576596e+00  1.21623814e+00
   3.51292029e+00 -1.48104154e+00]
 [-1.12634012e+00 -4.24634487e+00 -1.55084716e+00  1.84496331e+00
   2.07257151e+00  2.60487571e+00]
 [-4.81745600e+00  3.25344005e+00 -2.22278857e+00  4.11195689e+00
  -3.10885870e+00  2.51859249e+00]
 [-4.27724108e+00 -2.17126684e+00  4.25640647e-01 -2.92667359e+00
   4.05625497e+00  4.13153284e+00]
 [-2.26557096e+00  4.70216017e-01  4.10025588e+00 -2.51221188e+00
   5.77058632e-01 -4.43031025e+00]
 [-1.01570534e+00 -3.76824756e+00 -3.39131111e+00  4.46325179e+00
  -2.45729110e-01 -1.64627184e+00]
 [-2.08138726e+00  4.17947018e+00  1.38328118e-01 -4.96089396e+00
   3.81335713e+00  2.89868668e+00]
 [ 4.43928209e+00 -1.27856662e+00  3.99876681e+00 -3.86821096e+00
   1.78828728e+00 -2.96423890e+00]
 [ 3.08403919e+00  8.63961654e-01 -2.68146444e-01 -2.83584640e+00
  -4.24350003e+00 -2.03916585e-01]
 [-2.75283257e+00 -1.38293171e+00 -2.93210319e+00  4.48692187e+00
   2.07612126e+00 -2.90841994e+00]
 [-2.19179482e+00  4.57963567e+00  1.97415378e+00 -2.82432220e+00
   1.98138767e+00  2.90114202e+00]
 [-1.37501628e+00 -3.59688533e+00  4.14167047e+00 -3.37883343e+00
   7.21062965e-01  2.75102113e+00]
 [-2.18101764e+00  4.47140379e+00 -1.47257132e+00  2.33189410e-01
   1.99118630e-01 -1.92253426e+00]
 [ 4.12864040e+00 -1.06086927e+00 -4.08586361e+00  2.28088835e+00
   3.76202572e+00  2.73427611e+00]
 [-3.58071057e+00 -3.58263400e-01 -1.51723865e+00 -2.44445214e+00
  -4.70568758e+00  1.70098860e+00]
 [ 7.25151744e-02  3.98274287e+00 -3.12269678e+00  2.56041635e+00
   4.38959042e+00  1.81525836e+00]
 [-3.45033792e+00  3.20160855e+00 -1.14132741e+00 -4.27550832e+00
  -1.94912174e+00 -1.23857721e+00]
 [ 3.34700635e+00 -4.89750076e+00 -4.30745229e+00 -1.43967149e+00
  -3.75699196e+00  3.29250261e+00]
 [-2.29013709e+00  2.09543777e+00 -4.78522312e+00  4.14925051e-01
  -4.46510789e+00  1.98163371e+00]
 [-3.36001415e+00 -2.21036598e+00 -8.37545141e-01 -1.88155072e+00
  -8.88194661e-01 -1.79833131e+00]
 [ 4.10399172e-01 -3.98498505e+00 -2.98803123e+00  4.35804719e+00
   3.39752923e+00 -1.32499682e+00]
 [ 1.00968089e+00  2.06338389e+00  3.70347636e+00  1.76550240e+00
   1.89455566e+00 -1.78649724e+00]
 [-4.41301148e+00 -1.45122557e+00 -2.62123962e+00  3.90402252e+00
  -2.12792284e+00 -3.71924389e+00]
 [-2.45726846e+00 -3.60713907e+00 -4.45304315e-02 -1.92447511e+00
  -2.35966343e+00  9.38220335e-01]
 [ 2.62679991e+00 -4.77109074e+00  2.86925172e+00  3.18233438e+00
   3.50681134e+00  1.27269185e+00]
 [ 1.16179091e-01  4.28524870e+00 -2.99396548e+00  1.97245387e+00
   2.78458037e+00 -5.28009739e-01]
 [-2.69451584e+00  1.39392444e+00  8.52753914e-01 -3.25854049e+00
   7.51978232e-01  2.76517870e+00]
 [-3.03470735e+00  2.13177836e-01 -1.99402364e+00 -2.70431568e+00
  -3.68092297e+00 -2.11348860e+00]
 [ 3.30881718e+00  1.68845912e+00  5.57471246e-01  9.92330801e-01
  -3.52450840e+00  1.10513524e+00]
 [-2.35762733e+00 -3.74047097e+00 -2.14676788e+00 -1.30632743e+00
   4.55403490e+00 -1.87809068e+00]
 [ 4.11046728e+00 -3.61388461e+00 -4.57411401e-01  1.82452852e-05
   9.83441852e-02  7.51260367e-01]
 [-9.82369001e-01  3.20403548e+00 -4.08525801e+00  3.65550955e+00
  -3.52514746e+00 -4.72214920e+00]
 [-2.73146816e+00 -4.84212529e-01 -2.60997736e+00 -1.53787868e+00
  -8.21428406e-01 -1.68200278e+00]
 [-2.25093604e-01  3.83010821e+00 -8.22098111e-01  2.62856326e+00
   3.65016376e+00 -1.09719667e+00]
 [ 2.40028059e+00  6.66069265e-01 -9.39870674e-01 -1.54958133e+00
   4.48140859e+00 -7.39645880e-01]
 [ 1.45978810e+00 -3.43099807e+00  4.74042888e+00 -2.34420248e+00
   4.41450794e+00 -1.74473049e+00]
 [-1.48290307e+00  1.95003177e+00  3.06552808e+00 -5.41993943e-01
  -2.78429898e+00 -3.20438995e+00]
 [-3.24666182e+00 -2.72635675e+00  2.65002085e+00  7.14358069e-01
   3.87075623e+00 -3.12200977e+00]
 [-9.67848460e-01  3.81667520e-01  1.73389796e+00 -4.50512269e-01
  -2.09283661e+00 -2.91007327e+00]
 [ 3.57458198e+00 -4.82977772e+00  1.08324406e-02 -1.53832592e-01
   4.19922672e+00  1.11078783e+00]
 [ 3.28241925e+00  4.22076690e+00  1.07060440e+00 -4.09196033e+00
  -4.88493989e+00 -9.88329693e-01]
 [-2.39875117e+00  4.05372361e+00 -2.29079630e+00 -2.15587511e+00
  -4.96946278e+00  2.86177049e+00]
 [ 2.80588237e+00 -7.10636405e-01 -1.03666061e+00 -3.50665501e-01
   7.52932602e-01 -3.81902538e+00]
 [ 5.63983609e-01  9.64297391e-01  8.47040022e-01 -4.66209766e+00
   9.84928037e-02 -4.13859560e+00]
 [-1.05161743e-01 -4.65815781e+00  2.89249608e+00  1.45895002e+00
  -2.15106870e-01  4.24969059e+00]
 [-9.47309708e-01 -3.12438261e-01  2.76110370e+00  9.70285052e-01
   3.96054248e-01 -2.14038609e+00]
 [ 2.40803763e-01 -1.07688532e+00 -1.74753711e+00 -1.19105418e+00
   3.42245694e+00  9.71302516e-01]
 [ 2.35665570e-01  3.11446744e+00  1.54198596e+00  1.75362447e+00
  -1.56587303e+00 -3.93873888e+00]
 [ 4.95441934e+00 -4.44222661e+00  2.20530240e+00  2.88736290e+00
  -2.54591503e+00  2.97353049e+00]
 [ 7.33444112e-01 -1.72893549e+00  1.22097842e+00 -3.21420873e+00
  -4.93205134e+00  3.59469715e+00]
 [ 3.92236275e-01 -1.22280182e+00  5.42970050e-01 -1.02748179e+00
   3.43212767e+00  2.08931575e+00]
 [ 4.57842165e+00  4.24335658e+00  3.44304815e+00  4.86402826e+00
  -3.52624611e+00 -2.42909457e+00]
 [ 3.69011225e+00 -1.51074123e+00  1.36518685e+00  1.63634724e+00
   1.58363617e+00 -4.24787054e-01]
 [ 4.44541921e+00  3.35716439e+00  3.03378790e+00  4.24252010e+00
   1.00503614e+00  1.18152873e+00]
 [-3.22074999e+00  2.55377249e+00  4.89354113e+00  6.91757533e-02
  -1.71876582e+00 -8.89255144e-01]]
