[[-3.62105347e+00  1.18754678e+00 -4.01078117e-01  4.46702502e+00
  -4.65270595e+00 -2.76354677e+00]
 [ 5.95567146e-04  7.62153917e-01  3.19355870e+00  1.06494241e+00
  -4.86605522e-01 -3.76006786e+00]
 [ 2.78122373e+00 -4.69934553e+00  1.46975082e+00 -1.29711983e+00
  -6.93011804e-01 -3.12926939e+00]
 [-4.72829792e+00 -4.64088553e+00  4.87817510e+00 -5.21234702e-01
   4.30099092e+00  1.94074399e+00]
 [-2.43353557e+00  4.13576096e+00  3.16989048e+00 -4.66320201e+00
  -3.71218621e+00  3.43636674e-01]
 [-4.16733856e+00  4.28935431e+00  3.75685412e+00 -1.07291747e+00
  -1.60536098e+00  2.53581546e+00]
 [ 9.69334828e-01 -2.14734853e+00 -4.45694897e+00  4.14094940e+00
  -3.97198846e+00  1.65824518e+00]
 [-1.38489260e+00 -3.47336188e+00  3.76358578e-01  1.77613226e-01
  -3.77469699e+00  3.07204842e+00]
 [-4.87148655e+00  2.34464481e+00 -3.90688248e+00 -1.58699754e-01
   3.26086014e+00  2.45714280e+00]
 [ 4.12310701e-01 -4.86560440e+00  1.05217984e+00 -1.22945543e+00
   2.33325782e+00  4.54861525e+00]
 [-4.05800164e+00  3.02224890e+00 -5.46826704e-01  4.57798540e+00
  -3.56739158e+00  3.60953364e-01]
 [-2.24055502e+00  1.08507402e+00 -2.74706234e-01 -1.39005224e+00
  -2.17271770e+00 -4.94827394e+00]
 [-9.11999310e-01 -2.28145843e+00 -3.45957036e-01 -3.62925867e+00
   9.57153120e-01 -4.56642886e+00]
 [-1.70602745e+00 -3.97457237e+00  2.07127945e+00  4.10483014e+00
   3.91525481e+00  3.05632512e+00]
 [-1.48854465e+00  7.83590398e-01  3.85421946e+00 -6.89540692e-01
   4.99521107e+00  1.08770613e+00]
 [-4.89005814e+00 -4.70201174e+00 -3.71228546e+00  4.68947735e+00
   3.76371779e+00 -1.34206795e+00]
 [ 3.16589529e+00 -3.33374710e+00  3.75931183e+00  2.69899103e+00
  -1.57558451e+00 -1.95914576e+00]
 [ 2.84488699e+00 -2.91995561e+00  3.98005367e+00  3.08530686e+00
  -1.63853860e+00  7.81026450e-01]
 [ 1.38313410e+00 -4.85560085e-01  1.39724342e-01  7.56620985e-01
   2.01555702e+00 -4.03469544e+00]
 [ 3.23459297e+00 -2.54193060e-01 -3.98755406e+00  1.15405155e+00
   1.57262617e+00  4.05901706e+00]]
