[[ -9923.54838114]
 [-14592.3562741 ]
 [  -874.237737  ]
 [ 82155.53926593]
 [-26721.60005532]
 [  1305.0434356 ]
 [   174.22981358]
 [-24491.17746117]
 [-13698.19618353]
 [ 15482.14765983]
 [ -2676.55477624]
 [108371.81983122]
 [ -7989.23287316]
 [-19035.61394611]
 [ 10038.24338904]
 [ -5044.43888791]
 [-23524.89892229]
 [-17975.80621197]
 [ 57573.86341852]
 [ -5144.69249851]
 [-10200.35210479]
 [ -1964.24563323]
 [ -4712.75133514]
 [-30687.6975815 ]
 [-21869.9417782 ]
 [  2485.96086135]
 [  2337.10125485]
 [-26606.67507485]
 [-12189.93121376]
 [ 32909.16894104]]
