[[ 2.3830275   2.23974217  1.00945449  2.11520618  2.56528358 -3.79831742]
 [ 1.09823555  2.20218699 -4.07163589  3.57300022  2.7267239   3.41509917]
 [-3.48012581  4.40687783 -4.73837146  1.98085092  3.27936007 -3.02729446]
 [-0.15159234  3.70260007  0.64134218 -0.04724244 -1.14031194  3.05859772]
 [-3.12765174 -1.44853787 -4.20084666  4.21894531  0.93687101 -3.36998094]
 [ 2.79120322  4.28002444  3.0731669   3.78383615  4.28298353 -3.68558072]
 [ 1.83717717 -2.4731906   0.5791312   0.4837654  -4.68116847 -2.73449131]
 [-3.79998203  2.94438334  0.60305042 -1.569917    1.87762832 -2.78478893]
 [ 2.253285    0.04079307  0.93636757 -4.22933421  3.78280465 -2.39807302]
 [ 0.13074353  2.15275011  4.78383476 -3.41963248 -3.45250173 -0.87487577]
 [ 1.750266   -4.53121603 -4.97043236  1.91759607  4.2699532   0.10503526]
 [ 4.23041946 -1.44296627  4.82128541 -2.71645324 -2.62303481  4.41434247]
 [ 0.23033665 -3.41698549  0.58522777 -0.31533991 -4.70320487  1.22383423]
 [-4.88205784 -2.3102849   0.18655938 -0.0969054  -3.43415549 -4.73637192]
 [-3.2195704   2.83976824  0.56013404  2.84506607 -1.03751724  3.788177  ]
 [ 3.13853451 -4.5655849  -4.01084268  3.02940863  1.97780537 -2.65158588]
 [ 3.39702519 -1.81519323  1.77112038 -4.21362036  0.46008764 -4.23060518]
 [-2.03895678  1.14145101  3.03327502  3.38166884 -0.77963587 -0.13750326]
 [ 2.2207444  -2.83398113 -4.3063921   1.72388732  0.35886259 -2.3765774 ]
 [ 1.74220373 -2.9984038  -4.7276048  -1.39893458 -1.85921432  3.75248518]]
