[[1.00000000e+000 9.48618935e-048 5.47388106e-037 1.81623299e-076
  8.21503035e-076 1.68344594e-036 3.89022012e-062 5.66624664e-030
  1.65745124e-059 1.27138092e-053 1.07849354e-033 7.89795342e-017
  6.71102416e-058 1.08615024e-058 1.57019728e-022 6.11059031e-045
  3.29616256e-039 2.82630185e-068 6.10777879e-035 1.12978261e-071
  1.00000000e+000]
 [9.48618935e-048 1.00000000e+000 1.04708872e-010 2.18021825e-031
  1.08763271e-040 1.35032072e-034 2.94283988e-082 1.34383930e-056
  1.58482680e-006 4.24502058e-039 3.47077996e-016 3.13122661e-028
  1.32914491e-054 9.96401855e-029 9.71773410e-022 1.24370504e-043
  8.27527024e-007 6.32484184e-017 1.11148469e-036 1.23617453e-065
  1.00000000e+000]
 [5.47388106e-037 1.04708872e-010 1.00000000e+000 2.05235060e-041
  1.90535159e-029 2.06467563e-046 1.04113733e-072 1.48406043e-035
  9.47066929e-016 1.91900188e-029 1.63740684e-020 1.78632189e-023
  1.92135541e-064 3.19807889e-036 2.33190694e-026 1.23466869e-043
  5.33249336e-017 6.95727960e-028 1.81759659e-043 1.25583527e-059
  1.00000000e+000]
 [1.81623299e-076 2.18021825e-031 2.05235060e-041 1.00000000e+000
  1.78132269e-086 4.63792675e-062 1.11576386e-115 2.23352612e-079
  9.77512024e-024 2.18117671e-034 7.76612185e-037 9.18423937e-053
  3.56797817e-077 3.33758030e-059 2.01183329e-026 4.71538924e-085
  6.45098587e-047 4.00906188e-044 4.35861127e-048 1.11059049e-052
  1.00000000e+000]
 [8.21503035e-076 1.08763271e-040 1.90535159e-029 1.78132269e-086
  1.00000000e+000 2.01032419e-073 4.92272167e-039 4.86804661e-054
  7.60143236e-037 1.73676896e-037 1.05726109e-051 3.91426457e-031
  3.17128533e-046 1.37826726e-021 1.00174560e-058 1.80245972e-037
  5.35725868e-039 6.06941392e-027 1.53207813e-065 3.81240337e-040
  1.00000000e+000]
 [1.68344594e-036 1.35032072e-034 2.06467563e-046 4.63792675e-062
  2.01032419e-073 1.00000000e+000 1.53224474e-054 2.44378674e-033
  8.20893301e-041 9.82472986e-043 7.68682398e-040 3.38856596e-024
  2.79756721e-022 7.63058076e-046 1.38628129e-038 3.17863333e-015
  3.96962555e-022 2.84563117e-034 2.69883757e-004 1.74352819e-083
  1.00000000e+000]
 [3.89022012e-062 2.94283988e-082 1.04113733e-072 1.11576386e-115
  4.92272167e-039 1.53224474e-054 1.00000000e+000 2.25199215e-053
  7.30523587e-086 4.26350723e-035 2.02697097e-059 5.09235395e-032
  3.93261650e-018 2.44633981e-026 2.20363152e-062 7.45257921e-030
  6.94307988e-056 5.54452424e-043 1.07888019e-045 3.72843503e-041
  1.00000000e+000]
 [5.66624664e-030 1.34383930e-056 1.48406043e-035 2.23352612e-079
  4.86804661e-054 2.44378674e-033 2.25199215e-053 1.00000000e+000
  7.12007855e-052 8.28350973e-038 5.91323910e-065 2.25635270e-018
  2.03212505e-045 1.48084774e-068 1.44290991e-054 5.02875276e-020
  5.91017309e-053 7.65630257e-064 1.24750018e-024 3.25714758e-070
  1.00000000e+000]
 [1.65745124e-059 1.58482680e-006 9.47066929e-016 9.77512024e-024
  7.60143236e-037 8.20893301e-041 7.30523587e-086 7.12007855e-052
  1.00000000e+000 4.41077669e-037 1.97988364e-031 3.94368761e-027
  3.26333060e-051 6.63279502e-034 8.66768705e-028 8.63068147e-042
  2.68516578e-019 2.21807586e-021 2.37631800e-036 9.53648780e-053
  1.00000000e+000]
 [1.27138092e-053 4.24502058e-039 1.91900188e-029 2.18117671e-034
  1.73676896e-037 9.82472986e-043 4.26350723e-035 8.28350973e-038
  4.41077669e-037 1.00000000e+000 3.26947133e-027 4.06690800e-026
  9.07492297e-034 1.32588865e-025 1.92079523e-029 2.97617435e-039
  7.93980083e-034 1.91159063e-021 3.09708755e-028 4.78473820e-026
  1.00000000e+000]
 [1.07849354e-033 3.47077996e-016 1.63740684e-020 7.76612185e-037
  1.05726109e-051 7.68682398e-040 2.02697097e-059 5.91323910e-065
  1.97988364e-031 3.26947133e-027 1.00000000e+000 8.36376329e-029
  2.73876267e-052 3.29069863e-020 2.85710799e-009 5.10642365e-056
  3.27906609e-010 6.95275153e-020 2.53674422e-039 1.40073079e-051
  1.00000000e+000]
 [7.89795342e-017 3.13122661e-028 1.78632189e-023 9.18423937e-053
  3.91426457e-031 3.38856596e-024 5.09235395e-032 2.25635270e-018
  3.94368761e-027 4.06690800e-026 8.36376329e-029 1.00000000e+000
  2.35946545e-021 7.52698838e-025 6.24234319e-018 8.29910394e-016
  1.08716717e-023 2.26325294e-031 1.66257498e-017 2.89175054e-032
  1.00000000e+000]
 [6.71102416e-058 1.32914491e-054 1.92135541e-064 3.56797817e-077
  3.17128533e-046 2.79756721e-022 3.93261650e-018 2.03212505e-045
  3.26333060e-051 9.07492297e-034 2.73876267e-052 2.35946545e-021
  1.00000000e+000 2.27759282e-023 1.48892583e-046 1.25898795e-012
  1.83825901e-037 1.25965620e-027 1.87518369e-016 7.35026928e-042
  1.00000000e+000]
 [1.08615024e-058 9.96401855e-029 3.19807889e-036 3.33758030e-059
  1.37826726e-021 7.63058076e-046 2.44633981e-026 1.48084774e-068
  6.63279502e-034 1.32588865e-025 3.29069863e-020 7.52698838e-025
  2.27759282e-023 1.00000000e+000 2.68609173e-027 1.09812721e-036
  6.09245820e-018 2.69947693e-008 1.33315708e-041 2.75668577e-028
  1.00000000e+000]
 [1.57019728e-022 9.71773410e-022 2.33190694e-026 2.01183329e-026
  1.00174560e-058 1.38628129e-038 2.20363152e-062 1.44290991e-054
  8.66768705e-028 1.92079523e-029 2.85710799e-009 6.24234319e-018
  1.48892583e-046 2.68609173e-027 1.00000000e+000 9.12278059e-054
  2.43232279e-021 1.30712009e-032 3.43829433e-032 2.13323414e-035
  1.00000000e+000]
 [6.11059031e-045 1.24370504e-043 1.23466869e-043 4.71538924e-085
  1.80245972e-037 3.17863333e-015 7.45257921e-030 5.02875276e-020
  8.63068147e-042 2.97617435e-039 5.10642365e-056 8.29910394e-016
  1.25898795e-012 1.09812721e-036 9.12278059e-054 1.00000000e+000
  2.67416265e-031 5.12161314e-033 4.83145498e-014 1.14267980e-064
  1.00000000e+000]
 [3.29616256e-039 8.27527024e-007 5.33249336e-017 6.45098587e-047
  5.35725868e-039 3.96962555e-022 6.94307988e-056 5.91017309e-053
  2.68516578e-019 7.93980083e-034 3.27906609e-010 1.08716717e-023
  1.83825901e-037 6.09245820e-018 2.43232279e-021 2.67416265e-031
  1.00000000e+000 1.82004320e-010 2.70147968e-027 2.42473344e-065
  1.00000000e+000]
 [2.82630185e-068 6.32484184e-017 6.95727960e-028 4.00906188e-044
  6.06941392e-027 2.84563117e-034 5.54452424e-043 7.65630257e-064
  2.21807586e-021 1.91159063e-021 6.95275153e-020 2.26325294e-031
  1.25965620e-027 2.69947693e-008 1.30712009e-032 5.12161314e-033
  1.82004320e-010 1.00000000e+000 1.45942004e-032 1.74925536e-045
  1.00000000e+000]
 [6.10777879e-035 1.11148469e-036 1.81759659e-043 4.35861127e-048
  1.53207813e-065 2.69883757e-004 1.07888019e-045 1.24750018e-024
  2.37631800e-036 3.09708755e-028 2.53674422e-039 1.66257498e-017
  1.87518369e-016 1.33315708e-041 3.43829433e-032 4.83145498e-014
  2.70147968e-027 1.45942004e-032 1.00000000e+000 1.44808770e-060
  1.00000000e+000]
 [1.12978261e-071 1.23617453e-065 1.25583527e-059 1.11059049e-052
  3.81240337e-040 1.74352819e-083 3.72843503e-041 3.25714758e-070
  9.53648780e-053 4.78473820e-026 1.40073079e-051 2.89175054e-032
  7.35026928e-042 2.75668577e-028 2.13323414e-035 1.14267980e-064
  2.42473344e-065 1.74925536e-045 1.44808770e-060 1.00000000e+000
  1.00000000e+000]
 [1.00000000e+000 1.00000000e+000 1.00000000e+000 1.00000000e+000
  1.00000000e+000 1.00000000e+000 1.00000000e+000 1.00000000e+000
  1.00000000e+000 1.00000000e+000 1.00000000e+000 1.00000000e+000
  1.00000000e+000 1.00000000e+000 1.00000000e+000 1.00000000e+000
  1.00000000e+000 1.00000000e+000 1.00000000e+000 1.00000000e+000
  0.00000000e+000]]
