[[-0.97595141 -3.91383114  3.77000835 -4.8093064  -3.47336882  2.62681893]
 [ 1.77869     4.56189205  2.35069713 -1.11734664 -2.19904171 -0.77603192]
 [ 2.8871252   3.05031793  2.50260821 -2.41284573  0.09107003  2.76237813]
 [-2.82598492  4.43967439  4.3874908   4.91160931 -1.04623056  1.97295568]
 [ 3.97539647  1.09429174 -4.23096089 -1.78367598  3.26697808  0.46091577]
 [-2.69092223 -0.55086865  4.78226356 -3.52710076  0.09970327 -4.63169489]
 [-3.60508948 -3.40526948 -4.54908684 -4.63237122  3.73985449 -0.97339866]
 [ 1.24897188 -4.22443691  4.97658599 -3.03922594  3.93450463  0.94436155]
 [ 2.59165281  3.43892853  2.37663319  1.91084078 -0.73162624 -1.10645578]
 [-3.52019747  1.5974699   0.49960731 -0.44611285  3.95224928  2.35024314]
 [-2.65039213  3.78556808  0.56437824 -3.10614152 -2.99215036  1.98119008]
 [ 0.17220111 -2.81961041  0.95412333 -1.58744228 -0.35973843  0.06606539]
 [-3.33222033 -2.49776249 -1.279612   -1.35517705  2.07891556 -4.84522184]
 [-1.66574352  2.12838185 -4.167701   -1.76695701 -0.28652228 -1.12338565]
 [-2.60916912  0.64686102  1.39010517 -0.27128773 -4.01908591  2.19903621]
 [ 0.44715818 -2.57607341  1.4990107  -3.41604566  3.025634   -4.34855387]
 [-0.23674495  3.72228886  1.17892877 -3.72110982 -1.79517541 -1.73633435]
 [-1.32049394  4.60048351 -1.38963045 -1.52020115  1.16363137 -2.27039426]
 [-3.23603287 -1.38637988  4.34334813 -1.61310311  1.27371461 -3.22174517]
 [-2.60425963 -1.775456   -4.1736752   3.61375228  1.21890187  2.89148931]]
