[[-0.45865708 -4.77857412  0.71834903  2.68091516  3.91326668  0.69971558]
 [ 4.25958537 -2.21811113 -4.66649831 -4.64064192  4.84789926  1.02303539]
 [ 3.58623226  1.79985869 -2.65125773  4.8808679  -1.86741663  1.70073893]
 [-4.72101362 -4.75142882  3.56810884  1.62662463  1.45640405 -4.62724441]
 [ 3.75844509 -2.11463668  1.07503742 -0.88494819  1.93136705  3.18520792]
 [ 1.93336132  4.58388428  0.80789554  0.53381892  0.94641373 -2.86971374]
 [-0.75643754 -4.22653834 -2.5924587  -2.05184384  2.60152325 -0.12415812]
 [-0.38547775 -4.25977461  4.78636617  3.78613487 -3.14772614 -1.00683809]
 [-4.06321133 -0.96484567  1.20001077 -0.36070616  2.76705615 -1.49058593]
 [-2.88534729  2.57887694  0.77181243 -0.42712808  3.79729734 -3.19015171]
 [-1.22064627  4.62878553 -2.10015965 -3.4621303   2.62297271  1.12685222]
 [-0.73297606  4.55066365  1.68545324 -4.39370022 -1.35210273 -2.29647467]
 [-1.52917082  4.33281642  2.30998342 -1.11471204  0.40053525  2.15035355]
 [ 0.49925891 -1.25149558  3.71016399  1.9943365  -3.42453654 -3.31274702]
 [ 0.68299576  3.5372837   1.30026485  0.75019179  3.50252564  4.59366708]
 [ 1.36984103 -2.50676847 -2.71632008 -2.00117391  0.94134544  3.31784996]
 [ 2.65735832 -2.60107596 -0.30578895 -4.01279488 -3.31541732 -0.96576514]
 [ 0.80046859 -4.73043405  4.64988665 -0.5531226  -1.8814891  -2.45313988]
 [ 3.7647024  -2.49922372  3.25160691 -3.96661209  0.2488138  -3.79045852]
 [-0.03013756 -2.8203317   0.52723498 -1.62702829  3.69477288 -0.46163422]]
