[[ 4.59906607e+00  1.76348103e+00 -3.97129865e+00 -1.77352975e+00
   4.21276370e-01  3.99498199e+00]
 [-1.06396969e+00 -2.85770448e+00  4.39059740e+00  2.01521861e+00
   3.20772967e+00 -2.57732209e+00]
 [-1.32779386e+00 -4.84644305e+00  4.97037668e+00  1.43656137e-01
  -4.65337403e+00  3.30609923e+00]
 [-1.64680827e+00 -4.05767967e+00 -2.25315517e+00  4.00080572e+00
  -1.68494487e+00 -4.88562993e+00]
 [-7.23867881e-02  3.41546568e+00 -2.01816060e+00 -2.86122846e+00
   1.14531364e+00 -1.65774802e+00]
 [ 2.43495592e-01 -3.42007179e+00 -2.60177362e-02  8.79930696e-01
   3.87511673e+00 -2.57924298e+00]
 [-4.43348608e+00 -4.40594887e-01  3.94973755e+00 -4.80684529e+00
   3.85050251e+00 -1.64456847e+00]
 [-1.20529188e+00  2.44834179e-01  1.17744459e+00 -1.14236771e-01
  -5.95354826e-01  3.73671899e+00]
 [-3.24379173e+00 -8.50631674e-01  8.89128936e-01 -4.21656834e+00
  -1.52217261e+00  4.59828249e+00]
 [-1.67268663e+00  4.82389039e+00 -4.70166782e+00  3.91284843e+00
   9.16395804e-01 -4.89531996e-01]
 [-1.77648499e+00  4.02710440e+00 -3.18893999e+00  4.43411433e+00
  -4.14237292e-01  1.99675047e-01]
 [-1.78126760e-01  1.60140270e+00  7.78166685e-02 -2.15457957e+00
  -4.89275551e+00 -4.86178901e+00]
 [-2.46746081e+00 -8.07110439e-01 -4.68911552e+00 -3.12633612e+00
  -2.93519650e+00  4.76526924e+00]
 [ 3.09484093e+00 -2.28982858e-01  2.94211794e+00  1.75923656e+00
  -3.90550895e-01  1.10520972e+00]
 [-4.37681803e-01 -4.00008409e+00 -2.00449188e+00 -5.63653067e-01
  -4.76291071e+00  2.37702094e+00]
 [ 2.51388733e+00 -2.35422683e+00 -3.41228179e+00  1.34956628e+00
  -2.24192579e+00  3.44257572e+00]
 [-2.46126103e+00  2.17826034e-01 -4.23095949e+00  3.05309987e+00
  -4.02171095e+00  4.14619302e+00]
 [ 7.71604759e-01 -3.85201841e+00 -4.73348501e+00  1.10640427e+00
  -2.97334169e+00 -3.08241718e+00]
 [-1.17788352e+00 -2.24050621e+00 -2.37021331e+00  4.05768860e+00
   9.08522943e-01  2.67562250e+00]
 [-4.90565550e+00 -8.13569981e-01  4.14520607e+00 -2.00412260e+00
  -1.60289936e+00  4.81181773e-01]
 [-4.41442253e+00 -4.97530025e-02  1.52819567e+00  2.52173134e+00
  -9.71370181e-01  3.83015967e+00]
 [-1.04240278e+00 -3.75739826e+00  1.00444263e+00  6.47637697e-01
  -3.63052176e+00 -2.48409124e+00]
 [-4.03900877e+00 -4.60693623e+00 -4.89490208e+00  2.58072948e+00
  -3.42698691e+00 -3.74796864e+00]
 [ 8.59451270e-01  1.24787025e+00 -4.67595584e+00  4.47226260e+00
  -4.71256325e+00 -9.81889617e-01]
 [-4.20341910e+00 -2.04676806e+00 -1.08317477e+00 -9.60482150e-01
  -1.74889671e+00 -2.03444852e+00]
 [-2.46823802e+00 -1.79599102e+00 -3.77395510e+00 -2.74887127e+00
   6.12313590e-01  1.09754817e-01]
 [-1.04907486e-01  4.15883383e+00  1.77901816e+00  2.26141937e+00
  -3.68853894e+00 -1.46556930e+00]
 [-4.34527133e+00 -1.48943938e+00  3.43287048e+00  1.80105764e+00
  -4.68076381e+00 -3.80693484e+00]
 [ 2.43167461e-02 -5.89250506e-01 -4.15479466e+00 -4.27487691e+00
   3.14386382e+00 -4.69450271e+00]
 [-2.64364495e+00 -6.88037093e-01 -1.06993722e+00 -3.58306608e+00
  -4.48361689e+00  3.07060604e+00]
 [ 1.66081202e+00 -1.44479598e+00  2.40802355e+00 -2.96506502e+00
   3.43712659e+00  4.18725772e+00]
 [ 2.01058535e+00  1.94368015e+00 -4.61645126e+00  2.01817931e+00
  -8.75550570e-01 -2.03251376e+00]
 [-3.17969925e+00  3.07748968e+00  3.96811702e+00  4.15522830e+00
  -6.37138692e-01 -1.76066235e+00]
 [ 2.28006413e+00 -3.44951742e+00 -1.76461479e+00  2.31655402e+00
   1.09883632e+00  6.87073896e-01]
 [ 2.13962870e-02 -4.47461363e-01 -3.50421263e+00 -3.07228310e+00
  -9.43006316e-01 -2.95492896e+00]
 [-4.81400179e+00 -3.98906781e-01 -3.01015140e-01 -1.07116548e+00
  -2.32347955e+00 -6.07831876e-01]
 [-4.96982078e+00 -1.73323920e-02  3.48905585e+00 -3.48304927e+00
  -1.59922527e+00  3.27839665e+00]
 [ 4.22215150e+00 -3.14061943e+00  2.54986465e+00  3.51806170e+00
  -3.33238247e-01  3.06674275e+00]
 [-1.62137550e+00  2.31964450e+00 -2.17387623e+00  4.99052351e+00
  -1.72256487e+00 -8.81026052e-01]
 [ 5.84109980e-01  1.86620097e+00 -1.46322127e+00  4.65358290e+00
  -3.93552967e-01 -2.51517425e+00]
 [ 1.30729765e+00  1.96729719e-01 -2.06039762e+00  2.97710166e-01
  -5.22034627e-01  1.93238249e+00]
 [-2.65373830e+00  3.87153285e+00  2.80699812e+00  3.93735354e+00
  -1.58953108e+00  4.75004159e+00]
 [-1.91364922e+00 -2.18791992e+00  5.03697220e-01  1.77325368e+00
  -3.68236578e+00  1.95799725e+00]
 [ 4.83771890e+00  4.78189093e+00  3.66439102e+00 -2.42833275e+00
   2.18049599e+00 -1.72501873e+00]
 [-3.27186807e+00 -1.30797630e+00 -3.96887443e+00  8.98353668e-01
   4.33635772e+00 -2.16692257e+00]
 [ 3.46491439e+00  2.19522417e+00 -4.44674192e+00 -2.82128587e+00
  -2.36050929e+00  8.68202385e-01]
 [ 3.77099869e+00 -1.02198218e+00  1.42439859e+00  4.28225149e+00
   3.40290704e+00  1.02023392e-01]
 [ 4.23709618e+00  2.84178675e+00  1.10477767e+00  4.52153357e+00
   1.78753219e+00  3.18733075e+00]
 [ 6.00323656e-01 -3.27544761e+00 -2.57533953e+00  3.89729867e+00
   1.40947847e-01 -4.78148915e+00]
 [ 1.22419827e+00  2.61134773e+00 -2.35609337e+00  1.87196600e+00
  -4.32514732e+00  2.45563306e+00]
 [-3.76177073e+00  3.97140102e+00  7.31932009e-01 -3.04641176e+00
  -4.27810062e-01  1.19356490e+00]
 [ 2.42815204e+00  4.34868814e+00 -1.21900831e+00 -3.69453121e+00
   1.45212276e+00 -4.40142010e+00]
 [-5.20009089e-01 -3.39074208e+00  4.27920953e+00  4.58417959e+00
   1.82416266e+00 -3.87512904e+00]
 [-2.55981097e+00  3.50913871e+00  3.72565100e-01 -2.42558103e+00
   1.45065770e+00 -6.72394774e-01]
 [ 4.62623480e+00  3.90289713e+00  1.14519592e-03 -2.39795216e+00
  -7.61545104e-01 -2.94393342e+00]
 [-2.29928827e+00  1.62585852e+00  1.80373893e+00  3.46976697e-02
  -4.45814113e+00  3.99308190e+00]
 [ 3.63446384e-01 -4.09667039e+00  1.93242784e+00 -2.40928685e+00
   8.69739880e-01 -1.91589618e+00]
 [ 8.53290727e-01  4.55330771e+00 -1.91053449e+00 -2.30071175e+00
  -2.32906137e+00 -2.92154464e+00]
 [-4.84675182e-02  2.03491787e+00 -7.29876632e-01 -2.83292501e+00
   3.47500198e+00  2.02330275e+00]
 [-4.06771460e-01 -1.88315941e+00  3.98807845e+00 -4.07125572e+00
   1.93734333e+00 -4.24084468e+00]
 [-1.99427664e+00  3.91311896e+00 -4.95536732e+00  5.72855779e-01
  -3.04090144e+00 -2.45008456e+00]
 [ 5.71284932e-01  1.56207615e+00  4.96741657e+00 -2.75394998e+00
   3.26404788e+00  4.46186637e-01]
 [ 1.90000571e+00  1.44851069e-01  3.67347686e+00  2.21601211e+00
  -1.84128559e+00 -3.37733073e+00]
 [-4.75181639e+00 -3.22369272e+00  2.12562500e+00  9.16363458e-01
   3.93911796e+00  2.97625480e+00]
 [ 4.44017528e+00  2.67456623e-01 -4.91993123e+00  3.77446252e+00
  -3.18865088e+00  4.09725041e+00]
 [ 1.54820087e-01 -2.41004154e+00 -3.23265939e+00  1.95036434e+00
   2.21117422e+00  3.09561809e+00]
 [ 4.59864387e+00 -4.72301279e+00 -2.26019776e+00 -2.98847407e+00
   1.30774290e+00 -6.77827286e-01]
 [-1.23482860e+00 -2.45711899e+00 -4.84505634e+00  2.65420157e+00
  -4.70425511e+00 -3.15347944e+00]
 [ 4.73829958e+00 -4.26026387e+00 -2.92237269e+00 -1.85648526e+00
  -1.34114939e-01 -3.97464428e+00]
 [ 4.60540565e+00 -8.17513541e-01 -4.91672625e+00 -4.19308643e+00
  -5.36900967e-01 -2.00607217e-01]
 [-4.38340627e+00  9.06300307e-01 -5.34036060e-01 -4.98965633e+00
   4.66699378e-01 -2.34904110e+00]
 [ 7.28962090e-01  7.90727232e-01  6.49511469e-01 -2.71617496e+00
   2.28455042e+00 -2.38310198e-01]
 [-2.91367930e+00  4.51727214e+00  2.63421663e+00 -1.48221234e+00
  -3.24081429e+00 -2.44105656e+00]
 [-1.70705670e+00  2.20397859e+00 -2.07379122e+00 -4.86614065e+00
  -2.87114441e+00  8.48324646e-01]
 [-2.97060278e+00 -1.93981288e+00 -2.32846269e+00  3.83873032e+00
  -4.06160713e+00  2.96180910e+00]
 [ 3.28543791e+00 -4.85644177e+00 -1.57090790e+00 -2.91663227e+00
   1.48865560e+00 -3.31338008e+00]
 [ 3.80150780e+00  2.52709384e+00  4.55632789e+00  1.63533640e+00
  -2.76520376e+00  1.10577935e+00]
 [ 4.14856665e+00 -3.03882409e+00  1.50679029e+00  3.10102326e+00
  -5.62712936e-01  6.39663759e-01]
 [ 1.70573810e+00  2.06590377e+00  2.07640715e+00  2.23442853e-02
  -4.83388305e+00  3.52424088e+00]
 [ 2.72980413e-01 -3.00688236e+00 -4.64955098e+00 -3.15021959e+00
   3.33099104e-02 -4.76171600e+00]
 [ 4.83055246e+00 -2.29553332e+00  4.34809202e+00  4.04701757e+00
  -3.46018939e+00  1.12227510e+00]
 [-3.04945062e+00  2.51586255e+00  3.69277623e+00  9.56466222e-01
  -2.02598874e+00  3.50939390e+00]
 [ 1.53516401e+00 -3.98173439e+00  4.62376438e+00  4.49458229e+00
   1.14770243e+00  3.19647667e+00]
 [ 1.57381069e+00  1.52652609e+00 -2.25650237e+00 -2.67883134e-01
   4.86797959e+00 -3.71616566e+00]
 [ 3.13624554e+00  4.18318358e+00 -8.94509123e-01 -4.77375137e+00
   5.49089436e-01 -4.17476863e+00]
 [-3.34260022e+00  2.66028823e+00  4.41647492e+00 -2.18839269e+00
   3.30811734e+00  1.04802214e+00]
 [ 3.70449530e+00 -2.45309541e+00  5.90210828e-02 -3.40576008e+00
   6.77378738e-01  1.22651406e+00]
 [ 3.49784423e+00  3.03967053e+00 -3.82644999e+00  4.84500825e+00
  -4.28836142e+00 -9.42687355e-01]
 [-1.46994825e+00 -3.99367981e+00 -2.01368929e+00 -2.66629520e+00
   2.85236986e+00 -3.60316267e+00]
 [-4.56213001e+00  1.17526897e+00 -4.25802450e+00 -1.31223906e+00
   1.71091799e+00  4.00847921e-01]
 [ 7.76087864e-01  1.41546090e+00  1.17643009e+00  2.12579133e+00
   4.37379020e+00 -9.43496535e-01]
 [-6.28529193e-02 -1.25889367e+00  3.13950086e+00 -4.71540808e+00
  -3.78182988e-01  2.37939137e+00]
 [ 1.87134320e+00 -1.48783860e+00  1.13649120e-01  4.66902333e+00
  -1.49729443e+00  2.39772572e+00]
 [ 4.22188550e+00  4.22534547e+00 -7.32382135e-01 -2.91551410e+00
  -4.63162835e+00 -1.25544452e+00]
 [ 4.30430320e+00 -2.73418090e+00  7.39724459e-01 -2.63763753e+00
   3.66961367e+00 -2.91615749e+00]
 [-3.23127471e+00 -1.78037977e+00  4.05795086e+00  8.73981297e-01
  -3.47888228e-01  1.94701717e+00]
 [-2.74444553e+00  9.16953041e-01 -4.72952586e-01 -3.55576212e+00
  -4.84139713e+00 -1.07891990e+00]
 [-4.31760198e+00 -3.73595112e+00  5.21341274e-01 -1.62146333e+00
  -2.29193464e+00 -3.96230856e-01]
 [-3.55605167e+00 -4.36903449e+00  1.24669766e+00  4.71281755e+00
   2.54032142e+00  1.33339422e+00]
 [ 3.09524547e+00 -3.37804877e+00  1.68195368e+00  4.94769111e+00
   3.54715344e+00 -2.61600130e-01]]
