[[-1.33536072 -3.10208583  1.8731819  -1.6361344   3.10256916 -4.7626206 ]
 [-3.85880737  1.06007932  0.19051442 -3.50197409 -0.46767405 -0.09941298]
 [-0.09984428  0.16046796  2.25847093  3.33350072 -3.84965928  3.80263921]
 [ 3.25711531  4.56551474 -2.2673852   3.36084755 -4.34176356  2.80069108]
 [ 2.74786228  2.63424187 -0.66559702 -0.99567617 -1.34299872  3.87516261]
 [ 0.73918657  0.02949887  3.59994987 -1.74714971  0.65599846  3.6675434 ]
 [ 1.84217687  2.49396881 -2.20935294  4.22927713 -0.15868404 -4.0393129 ]
 [ 3.2391274   1.50819356  1.27633089  4.2613872  -2.36478902 -2.58524007]
 [-0.45084151  0.00842617 -1.20566679 -4.99455244 -2.03766809  0.69136436]
 [-3.68686093 -1.28401745  0.26152527  4.32595212 -0.89528768 -1.06124981]
 [ 3.07278635 -3.81139992  2.50696628  3.37363416  0.78928036  4.41219938]
 [ 1.24797846 -4.13875626 -4.93925052  4.63767935 -2.0177505  -3.77765341]
 [-4.84969057  3.04972769 -2.2337097   0.95657996 -1.32433877  4.56665789]
 [ 2.96388     2.05873289  1.36169984  1.25996968  1.9854278   2.63579049]
 [ 1.43566113 -1.46227831  3.67220284 -2.20309357  2.40075289  0.03267164]
 [-4.22114458 -1.35653467  3.47946645 -0.51854791 -1.01461828 -1.08707426]
 [ 3.9922197  -4.09387806  2.00919179 -3.69063641  4.70387299 -0.99653126]
 [-4.44473379 -1.09378942 -3.57751894 -3.25466399 -1.69345696  2.51275843]
 [-1.28757813  2.67487009  4.03801643 -0.2838918   1.69951866 -3.95195529]
 [ 2.30301804 -3.19355873 -0.90610328  1.73077546 -1.82873545  2.87206346]]
