[[ 4.86516238e+00  9.79434891e-01 -2.31793440e+00 -2.07309585e+00
  -1.07419480e+00  2.41932851e+00]
 [-3.35091473e+00  2.54738580e+00 -1.94680238e+00  3.76918872e+00
   2.74679193e+00 -4.79438921e+00]
 [-1.73468319e+00 -2.75127336e+00  2.13126183e-01  6.90873313e-02
   1.73813168e+00  2.73070653e+00]
 [ 5.65832009e-01 -1.63855395e+00  3.78929236e+00  4.34644076e+00
   1.83209036e+00 -2.28921109e+00]
 [-4.06846678e+00  1.31665020e+00 -6.71844523e-01  1.13923105e+00
  -1.84518638e-01 -1.66043219e+00]
 [-6.43190179e-01 -4.18506605e+00  4.70904583e+00 -2.15824541e+00
  -2.60705450e+00 -2.42571310e-02]
 [-1.85044514e+00  1.43256879e+00  4.27415820e+00  1.89659908e-01
  -1.99919770e+00 -7.15056985e-01]
 [-3.44609609e+00 -2.25939479e+00 -2.11736506e+00 -3.85707767e+00
  -3.17121293e+00  5.11484229e-01]
 [-8.53034837e-01 -3.05004208e+00 -3.62596056e+00  1.33491771e+00
  -1.77199536e+00  3.33818512e+00]
 [-3.40099853e+00  1.74831954e+00 -3.30729106e+00  3.62660488e-01
  -5.09990725e-01 -2.82039657e+00]
 [ 3.84631937e+00  3.89631158e+00  6.00572854e-01 -3.40024374e+00
   4.59540261e+00 -2.49145949e+00]
 [ 3.77620856e+00  2.39733786e+00 -1.23271063e+00  4.97942118e+00
  -9.64036016e-01  1.32826164e+00]
 [-2.38566323e+00  3.45841110e+00  4.39030111e+00  2.60942040e-01
  -8.02148504e-01  4.84092631e+00]
 [-1.20887211e+00 -4.78049197e+00 -3.44696097e+00  1.47129564e+00
  -1.01816424e+00 -4.20098897e+00]
 [ 5.32652437e-01  2.67123386e+00 -1.27722698e+00 -3.07600894e+00
   2.65343289e+00 -4.61366188e+00]
 [ 1.83047720e+00  2.05281119e+00  4.49034118e+00 -7.37064202e-01
   2.71319237e+00  4.06201279e-01]
 [-3.16003847e-01 -1.24759336e+00  3.11635492e+00  2.16320982e+00
  -1.32182552e+00 -4.74455042e+00]
 [-2.17859803e+00 -2.03336103e+00  1.13708649e+00 -3.40207370e+00
   3.33913002e+00 -3.15982501e+00]
 [ 3.01716289e-01 -3.26313522e+00 -5.65500612e-01 -2.15364093e+00
  -3.98747118e+00 -4.15534659e-01]
 [-3.81437640e+00 -3.44982477e+00  2.02320689e+00 -2.81357429e+00
  -1.10615908e+00 -3.74509139e+00]
 [-3.64580286e+00 -3.92540117e+00  9.15817676e-01  4.94880297e+00
   4.46945424e+00 -9.57905413e-01]
 [-2.25376025e+00  4.58377774e-01 -4.35283112e+00 -3.51972075e+00
  -3.16178480e+00  4.02755787e+00]
 [ 2.64620085e+00 -2.64052924e+00  6.09875658e-01  3.00175114e+00
   3.20239115e+00  1.57919588e+00]
 [-2.87014022e+00 -2.86551132e+00 -1.79794860e+00 -3.67969634e+00
   1.34692516e+00 -1.31451509e+00]
 [ 4.77728309e+00 -3.47300258e+00 -4.98773524e+00  4.68879957e+00
   6.83526480e-01 -1.72681936e+00]
 [ 1.22770113e+00 -2.61728316e+00  2.05899076e+00  4.84912020e+00
   4.35040475e+00 -4.49238443e+00]
 [ 2.45953350e-01  1.24614644e+00  4.19871057e+00  1.71719906e-01
   2.03046454e+00 -2.04915119e+00]
 [ 1.18178493e+00  2.21508365e+00 -5.15506524e-01 -3.59434498e+00
  -4.39612097e+00 -3.87181642e+00]
 [-2.00400682e+00 -4.96655823e+00  1.54933999e+00 -4.11188997e+00
   3.15106524e+00  1.28020549e+00]
 [-2.09162652e-01 -3.61132689e+00  3.46426262e+00 -2.64171719e-01
  -1.00025617e+00 -2.58690039e+00]
 [ 4.88122717e+00  3.97540274e+00  7.66274702e-01  6.32436514e-01
  -2.85451840e+00  4.56158779e+00]
 [ 3.65702513e+00 -2.67687324e+00 -3.23674422e+00 -2.61611691e+00
   2.70077653e+00 -2.46083106e+00]
 [ 2.03822305e+00 -2.27175500e+00 -1.92200355e-01 -6.50720760e-01
   4.86257122e+00  1.47806478e+00]
 [-4.38975756e+00 -2.34417690e+00  3.19102170e-02 -4.79368751e+00
   3.84376048e+00  1.96138900e+00]
 [ 2.58768550e+00  3.27300296e+00 -2.84933013e+00  2.48053971e-01
   3.32301730e+00 -4.80402364e+00]
 [ 3.03255662e+00  4.27832554e+00  1.17818622e+00 -3.08922171e+00
  -3.73379795e+00  2.82924012e-02]
 [ 1.81851367e-01 -7.09361271e-01 -3.06950653e+00 -7.01529715e-02
   1.82625553e+00 -7.18137851e-01]
 [ 2.61590697e+00 -3.02190822e+00 -3.63250415e+00 -1.64400926e+00
  -1.86500638e+00 -4.79506686e+00]
 [-2.35280742e+00  2.17295174e+00 -1.65184280e+00 -1.93445892e+00
   1.28483132e+00 -1.31619408e+00]
 [ 1.06294663e+00  4.84653208e+00  3.86844807e+00 -2.26168782e+00
  -4.83426080e+00 -1.73069852e+00]
 [-6.71501843e-01 -2.85738809e+00 -3.58591840e+00  2.08261727e+00
  -4.89913666e+00 -3.15597886e+00]
 [-4.61639715e+00 -4.28902736e-01 -2.42539551e-01  1.02817536e+00
   2.31430999e+00  6.69549031e-01]
 [ 3.36579450e+00  6.29347500e-01  3.09353365e+00 -2.82393008e+00
   8.18635592e-01 -4.07913914e+00]
 [-4.83660046e+00 -4.81092077e-01  3.25984959e+00  4.52864963e+00
  -4.24802712e+00  4.53289047e+00]
 [-9.58478716e-01 -8.20568747e-01  1.56636375e+00 -8.57109495e-01
   3.82461796e+00  2.12813766e+00]
 [ 9.65737149e-01  1.99020917e-01  4.48484461e+00 -8.09268087e-01
  -2.17701116e+00  4.10941272e+00]
 [ 2.32066598e+00 -1.41584045e+00  1.78784243e+00 -4.38192059e+00
  -3.37817023e+00 -1.33030032e+00]
 [ 1.63779396e+00 -2.30638161e-01 -4.68636841e+00 -3.81113869e+00
   1.74280255e+00 -4.67998508e+00]
 [-5.97744018e-01  9.82014116e-01  2.70266976e+00  4.81928847e+00
   2.61510641e-01 -1.89767986e+00]
 [-1.24737729e+00 -3.94265449e+00  4.41164123e+00 -3.91353445e+00
  -2.40064396e+00 -7.18811330e-01]
 [-3.84951196e+00  2.95043873e+00 -4.91162872e+00  3.34359725e+00
  -3.75544420e+00  3.60527923e+00]
 [-1.18201156e+00  3.89515097e+00 -3.25482087e+00 -3.67507274e+00
  -9.17429444e-01 -2.16839865e+00]
 [-3.84775894e+00  2.19600220e+00  1.57672836e-01  1.11774257e+00
  -1.78378094e+00 -4.02605691e-01]
 [ 1.40936726e-01 -1.53299107e-01 -3.53655342e+00  3.17983789e+00
  -3.12529015e+00 -1.55648523e+00]
 [ 2.26650006e+00 -1.09261479e+00 -4.03505153e+00  2.43062475e+00
   3.56057110e+00 -3.12241809e+00]
 [ 1.29944215e+00  4.05491838e+00  1.75211899e+00 -2.07992784e+00
  -3.11902356e+00  1.94916264e+00]
 [ 3.81807141e+00 -4.09401811e-01 -1.45550905e+00  2.45254570e+00
  -3.83241719e-01  7.59452181e-01]
 [-4.29460059e-01  1.74684054e-01  3.31166757e+00 -1.35937897e+00
  -1.41896789e+00 -1.30771949e+00]
 [ 1.34344951e+00  9.58163221e-01  3.55891108e+00 -3.51115540e+00
  -2.92597029e+00  3.95034025e+00]
 [ 9.16232443e-02 -2.17424583e+00 -3.82450534e+00  4.40316397e+00
   4.31284269e+00 -1.48563031e+00]
 [ 4.19673815e+00  8.63506395e-01  3.25287930e+00 -1.05925960e+00
  -3.43716160e+00 -4.38028970e+00]
 [-9.49883873e-01  6.63647077e-01  7.93006494e-01  2.81612729e+00
   2.70652302e+00 -2.68130102e+00]
 [-9.92095238e-03  3.82800345e+00 -4.70864889e-01  2.09619752e+00
  -4.97140256e+00  3.14801252e+00]
 [-1.24495033e+00  2.20741620e+00 -2.56260696e+00  2.44006500e+00
   2.86963901e-01  2.10606024e+00]
 [ 4.72659566e+00  3.57784805e+00  2.89825940e+00  4.92780655e+00
  -1.14938385e+00  3.87236650e+00]
 [ 1.72399218e+00 -2.01476156e+00  2.16839078e+00 -2.36812725e+00
   1.56675480e+00 -3.10288002e+00]
 [ 3.95826580e+00 -2.85182602e+00 -2.74003205e+00  4.14749138e+00
   2.04958627e+00 -1.92743273e+00]
 [ 2.44296660e+00 -7.88151333e-01 -1.38156721e+00 -9.88150279e-01
  -3.34545383e+00 -1.59984546e+00]
 [-7.17549339e-01  2.23360527e+00 -2.63080407e+00  2.13060684e-01
  -9.78270587e-01 -1.24549247e+00]
 [-2.20203466e+00 -1.46311549e+00  4.92126038e+00  3.39629054e+00
  -2.71618066e+00  9.80748028e-02]
 [ 3.37916596e+00 -6.19098010e-01  2.61340328e-02 -1.29538930e+00
   8.44288826e-01  4.88028742e+00]
 [ 1.59085608e+00 -4.03421785e+00 -7.28934741e-01 -3.51342492e+00
  -4.62009275e+00 -4.78439251e+00]
 [ 3.71969331e+00 -2.97599158e+00 -2.39193555e+00 -4.30214816e+00
  -2.49122005e+00  1.20811783e+00]
 [ 4.65290451e+00  4.83775850e+00 -1.22716694e+00 -9.38536544e-01
  -3.95037062e+00  5.56974323e-01]
 [ 1.23528862e-01  4.75134918e+00 -1.23259944e+00 -3.23856550e+00
  -1.83568021e+00 -1.95835449e+00]
 [-4.75018631e+00  4.78605470e+00  2.53742384e+00  4.55096248e+00
   2.85344561e+00  1.16509050e+00]
 [ 3.81043150e+00 -1.15262890e+00  1.90188002e-01  8.56406178e-01
   4.01754521e+00 -4.90755379e+00]
 [ 1.95570510e+00  8.41348012e-02  2.11310838e+00  2.48822078e+00
   3.05983528e+00  1.33321591e+00]
 [-1.73160821e-01  1.80531755e+00  6.46521735e-01 -1.57581666e+00
  -2.93180070e-01  6.79692526e-01]
 [-1.23337141e+00 -4.50755660e+00 -1.58612756e+00 -2.72119074e+00
   2.35499123e+00  4.38507204e+00]
 [-5.06122376e-02  2.18323937e+00  1.76098285e+00  8.15937479e-01
  -8.22714278e-01 -2.31719977e+00]
 [-4.03286169e+00  2.69312394e+00  6.38772446e-01  2.43977733e-01
  -1.60371259e+00  3.16634114e+00]
 [ 4.04435056e+00 -1.70348767e+00  2.05125610e+00  1.50324156e+00
  -7.05164405e-01 -4.11352560e+00]
 [-4.92768290e+00 -4.34019964e+00  2.94060647e+00 -3.21463335e+00
  -1.71852643e+00  2.69128252e+00]
 [ 1.19915562e+00 -3.69239959e+00 -9.41192622e-01 -1.09720293e-01
   9.78079067e-01  3.34672760e+00]
 [ 5.57622786e-01  1.66552211e+00 -5.93310404e-01 -4.98455108e+00
   4.21590629e-03  4.80466318e+00]
 [ 4.33880306e+00 -3.58333473e+00  2.53662984e+00 -2.42290032e+00
  -3.13432035e+00 -4.12994194e+00]
 [ 1.06487897e+00  2.12054660e+00 -4.34078888e+00 -4.34050739e+00
  -3.48141827e+00 -5.75506333e-01]
 [-2.23533901e+00  2.17352905e+00 -3.97283128e+00 -2.59873298e-02
   2.74522517e+00  3.80168850e+00]
 [-4.67272463e+00 -1.23265683e+00  4.10277511e+00  2.34907378e+00
  -3.92281596e+00 -2.25544013e+00]
 [ 3.90814256e+00 -1.91244097e+00 -6.74173050e-01  6.27457741e-02
  -9.31738616e-02 -4.97986396e+00]
 [-2.04691743e+00 -3.71162252e-01  9.14885030e-01 -1.41740801e+00
   3.96693136e+00  3.27970581e+00]
 [ 1.41319114e+00  1.15626966e+00 -3.14677444e+00  4.93894295e+00
   3.26119296e+00  4.01277159e+00]
 [-4.16124299e+00  5.89854355e-01  2.58032590e+00 -4.55201753e+00
  -6.11869877e-01 -3.61075458e+00]
 [ 1.54395633e+00  1.47752738e+00 -2.78225279e+00  2.82602968e+00
   1.87604158e+00 -4.91859643e+00]
 [-8.20591568e-01  2.60155352e+00 -4.78568579e+00  2.31346909e+00
  -3.65815122e+00  2.89931215e+00]
 [ 1.06834841e+00  1.68544685e+00  3.88415215e+00  4.11857835e+00
   3.72113404e+00  1.83104561e+00]
 [-2.24530316e+00  3.23932043e+00  2.52684706e+00  1.92421196e-01
   4.87540279e+00 -1.93927732e+00]
 [-4.74792219e+00  3.77493714e+00  2.34993065e-01  7.67545055e-01
   4.54345841e-01 -2.81536215e+00]
 [ 1.14642414e+00  3.54156176e+00 -4.26134389e-02  2.27158239e+00
  -1.40208767e+00  2.95556403e+00]]
