[[ 1.93273753 -1.55773094 -4.16307129 -1.07684543 -4.12288166  1.05082801]
 [ 0.59972863  2.76831777 -1.79925346  0.18371156 -0.6531348  -4.73750337]
 [ 2.91992205 -3.73132989  1.50026444  1.94602728 -3.13850487 -4.19867879]
 [ 2.14391353  3.54239     4.36536594  2.52917217  3.81432166  4.01695997]
 [-2.13763798 -0.83813828 -0.96316651  3.99545447 -0.12710573  1.9219067 ]
 [ 0.82717508 -3.47697905  0.10355957 -0.90522564 -0.79902421  4.86307526]
 [ 3.01258346 -4.30584363 -2.38338408 -0.05376559 -3.47609353  0.33139656]
 [ 0.22912945  1.31352105 -3.52483705  4.19544206 -0.47098567 -3.28867993]
 [ 1.40936896  3.99445438 -3.1663398   3.60802126 -4.13541503 -3.87942558]
 [-1.46126591 -3.9842372  -1.62776812  0.50857409  4.21329669 -1.13810657]
 [ 3.14601248  3.95433583  0.19037436 -0.96252177 -4.30195447 -2.79558445]
 [ 2.719129   -0.3952475  -0.56520295  1.98717005  4.28096434 -2.32539093]
 [-1.73892579 -1.10606844 -0.53482673 -0.5732258  -0.35700244 -4.98360928]
 [ 4.57144726 -1.68471453  2.58900385 -2.21706069 -1.82119601 -4.48458322]
 [ 2.46715285 -3.85485445  3.04360606 -2.69177009  2.0159791   1.51340823]
 [ 4.74580608  1.27635348 -2.45628194 -2.5694665   2.83838986 -3.69581605]
 [ 4.51286141 -4.27471487  0.14027832 -0.49220716  3.23917533  2.93909399]
 [-0.50505549  4.60811218  2.18676012 -4.88839744 -4.43573394 -1.64390792]
 [ 1.39419906 -2.91807115 -4.36796109  2.24447689  2.74969402 -2.29901462]
 [-3.54086877 -2.20416479  0.91236046 -4.13722564 -3.86135867 -2.7555666 ]
 [ 4.35762414  2.2280999   0.01376324 -0.00668549 -2.95064721  3.57964187]
 [-2.19460468 -2.51180444 -4.58659998  1.28169138  0.42038238  3.88630656]
 [ 2.97656811 -0.82480446 -2.77162561 -4.94711737 -4.07231118 -4.3538148 ]
 [-3.81559473 -1.92498365  3.90991705  1.61488509  4.83434128 -0.97721605]
 [-3.59364797  2.44848507  2.29062011 -0.80012353  3.77158201 -0.12377517]
 [-0.85858014 -1.14504218  2.51296194 -1.77569246  2.91581312  2.50454066]
 [-4.33093655  0.82609453  1.53675299 -0.43012775  2.66712192  0.82774251]
 [ 3.98810881  3.35340093 -1.39831102  3.11531827 -4.90451875  0.83720134]
 [ 2.39173914 -1.47822358  0.79538906 -1.33130864  2.37259472  4.25537558]
 [ 2.8708573   4.09377458 -4.46581943  2.8210082   2.61901226  1.64455193]
 [-4.56116908  4.84708089 -2.14521823 -3.51333565 -1.8877765   0.46518419]
 [ 0.99721574 -2.32506604  3.44204634 -0.29779731  2.07779486 -0.5481768 ]
 [-3.33950079  4.17953989  1.36383894 -1.21818409 -3.33456169  1.97177855]
 [-1.9864208  -1.51938603 -0.8983323  -4.89686279 -3.55305286  2.1132583 ]
 [ 4.48595606 -1.90528447  0.60070267  1.00167697  4.92435698 -2.11085308]
 [-4.99465747  3.91401185 -2.77176183  2.12809716 -3.88549423  0.63594676]
 [-0.38324346 -3.19425331  0.61139615 -4.23766201 -0.22032157  0.37725881]
 [ 2.77441453  2.11995904 -0.45634997  3.4696298   2.39546628  0.32411209]
 [ 1.12821791 -3.61464833  2.76038681 -2.60837072  4.1201261   2.57943359]
 [ 0.99590649  3.93609014  2.99981969  4.26278944 -0.98969663 -2.60354354]
 [ 2.11326933 -0.45684906  4.36701794 -1.1059181  -4.82326402  4.30020273]
 [ 2.42793395  3.75727088 -1.39719407 -1.18995616  1.4639789   3.46467877]
 [ 3.836996   -3.61003541 -4.3236232   1.51833715  1.22445048 -3.62460727]
 [-2.79384773  2.20565485  0.42029479  2.86896569  3.49922215 -4.1793253 ]
 [-1.35813569  1.98594943 -4.03932055 -4.48155112 -1.79857732  4.2844458 ]
 [-3.14334847 -1.98393825 -4.32472746 -2.0333849  -2.36322702  3.98712614]
 [ 4.03599033  2.80117228  3.59461609  3.24832924  3.84840799  2.8546214 ]
 [ 1.76312073  2.6286975  -1.76393136 -1.64306656  4.09346577  4.31118514]
 [ 4.07646043  4.5912447  -0.94341681 -3.50347274  3.09118907  0.02835402]
 [ 3.40365894  1.11200198  4.27671588 -1.9079805  -2.29675878 -4.97940763]
 [-3.05826669 -0.02568426  3.41877763 -2.81169769  1.54598587  3.3199741 ]
 [-3.79942242  1.30593314 -2.18845005  0.69743    -2.97304358 -0.07242201]
 [ 2.10675737  4.50720608 -4.09727832  3.19529979  4.12515947 -0.36158078]
 [ 0.59016324  1.21560046 -2.4391907  -0.45586598 -2.82104814  4.25368509]
 [ 2.53069632  4.86866433  4.097454   -4.67367439  2.97169367  4.5476818 ]
 [-2.05226008  1.28335403 -2.36174251  4.55104526  0.21038717 -3.7544843 ]
 [ 4.42028302 -2.44603287  0.57737026  0.58524156  3.85777639  1.96823066]
 [-3.07821359  2.02373198 -2.4480316  -3.69259987 -2.75181752  3.88110619]
 [-3.05804602  2.0949708  -4.06304547  4.36380335  4.11084741 -0.10879866]
 [ 2.09786079 -0.62511031  1.37798919  1.39107473 -1.6109483  -4.54804342]
 [-3.075304    1.44669751  2.1435538   3.72747327  3.32551923  1.941432  ]
 [ 2.57705223 -4.34355574  1.97583978 -3.53528901  0.27805509 -4.56171895]
 [ 3.28072459 -0.81439958 -2.60844576  3.32088891  4.07427022  2.16814004]
 [-4.18264991 -2.97493071 -0.40727089 -1.99497957  3.88852032 -0.95354521]
 [ 3.31489439  3.03550437 -2.2696747  -0.21382264 -2.45738145  3.86944139]
 [ 0.29764361 -1.58805822  0.50530965 -4.83651373 -4.03915135 -0.92231588]
 [-1.21542918  4.22870021  4.96423107  1.59924232 -4.34982878  1.91452344]]
