[[1.00000000e+000 3.76973434e-078 2.61467749e-016 1.37599795e-041
  7.15069825e-021 4.07423761e-114 2.58948983e-010 2.79196888e-046
  1.47686002e-035 3.70941023e-048 2.97347867e-018 4.71294633e-015
  7.05519166e-027 6.36765302e-079 1.15883678e-030 2.03800102e-035
  3.07196833e-027 8.62263588e-057 1.36070726e-016 3.17194660e-042
  1.00000000e+000]
 [3.76973434e-078 1.00000000e+000 8.56927811e-095 1.31494911e-043
  1.41723695e-065 2.46959179e-049 1.61178286e-065 1.43950143e-051
  2.59099968e-025 3.87197660e-055 4.27653780e-102 3.60618322e-077
  6.79317662e-037 2.66057709e-057 1.44271315e-086 4.53255838e-107
  7.51007371e-024 7.90140344e-045 5.22693191e-054 5.35915541e-062
  1.00000000e+000]
 [2.61467749e-016 8.56927811e-095 1.00000000e+000 3.28078607e-035
  1.88658919e-039 3.37568813e-077 6.58128009e-031 5.01643475e-049
  3.87157323e-044 3.00617828e-048 1.09442815e-012 3.28538974e-026
  2.26873408e-031 4.86106641e-055 3.12458759e-034 2.50725162e-009
  2.00139460e-034 5.23366882e-049 4.26108542e-015 4.65390245e-046
  1.00000000e+000]
 [1.37599795e-041 1.31494911e-043 3.28078607e-035 1.00000000e+000
  1.74991989e-020 2.60507863e-049 5.52782684e-034 1.48981340e-062
  2.90416268e-026 4.06397365e-049 4.19605000e-036 4.23038653e-050
  6.89248262e-015 5.10931772e-047 2.12898590e-042 2.52411271e-043
  1.24350671e-024 8.45541273e-021 4.79729790e-026 3.24440442e-037
  1.00000000e+000]
 [7.15069825e-021 1.41723695e-065 1.88658919e-039 1.74991989e-020
  1.00000000e+000 4.72952032e-114 2.70148641e-018 6.05858457e-069
  3.33767685e-041 1.68991145e-049 1.12635597e-029 1.51545532e-033
  5.66662112e-018 4.39681920e-085 9.10090778e-025 2.30322296e-053
  1.06688888e-035 6.14506878e-050 1.30055305e-029 7.11541826e-030
  1.00000000e+000]
 [4.07423761e-114 2.46959179e-049 3.37568813e-077 2.60507863e-049
  4.72952032e-114 1.00000000e+000 6.86545301e-106 1.14834681e-061
  9.15389452e-060 4.67824045e-074 2.91250339e-099 1.59813295e-113
  8.63456027e-056 1.64900520e-021 3.49225589e-101 2.62114049e-076
  5.50922555e-048 1.65463181e-048 2.61570691e-067 1.04945227e-085
  1.00000000e+000]
 [2.58948983e-010 1.61178286e-065 6.58128009e-031 5.52782684e-034
  2.70148641e-018 6.86545301e-106 1.00000000e+000 5.64263943e-043
  8.69934838e-043 3.81665854e-062 2.04499546e-025 1.75810561e-033
  4.51697489e-016 3.60857806e-062 5.76391908e-024 5.21316780e-054
  1.97705836e-025 1.28154971e-059 9.89075586e-033 1.93171573e-047
  1.00000000e+000]
 [2.79196888e-046 1.43950143e-051 5.01643475e-049 1.48981340e-062
  6.05858457e-069 1.14834681e-061 5.64263943e-043 1.00000000e+000
  1.44858129e-060 1.15900520e-025 1.72088689e-042 4.30866417e-076
  3.97431747e-025 6.73961401e-026 1.74004152e-039 4.38608499e-076
  2.66068994e-016 1.35579210e-051 7.43815405e-036 7.57339375e-032
  1.00000000e+000]
 [1.47686002e-035 2.59099968e-025 3.87157323e-044 2.90416268e-026
  3.33767685e-041 9.15389452e-060 8.69934838e-043 1.44858129e-060
  1.00000000e+000 4.97843332e-050 1.30298058e-061 2.34461735e-028
  9.12137322e-036 1.20534001e-072 1.21700187e-077 2.97824650e-053
  4.44610499e-018 3.97397772e-028 5.94843027e-019 5.80269470e-058
  1.00000000e+000]
 [3.70941023e-048 3.87197660e-055 3.00617828e-048 4.06397365e-049
  1.68991145e-049 4.67824045e-074 3.81665854e-062 1.15900520e-025
  4.97843332e-050 1.00000000e+000 2.33731410e-037 1.72399214e-067
  2.99776880e-031 4.85452710e-059 3.27219262e-046 6.24940421e-069
  9.00858529e-022 7.37246349e-030 1.13667838e-018 5.50379390e-007
  1.00000000e+000]
 [2.97347867e-018 4.27653780e-102 1.09442815e-012 4.19605000e-036
  1.12635597e-029 2.91250339e-099 2.04499546e-025 1.72088689e-042
  1.30298058e-061 2.33731410e-037 1.00000000e+000 2.43199274e-050
  9.66171060e-026 4.33838420e-061 1.82255622e-024 1.07979928e-036
  9.81124930e-033 1.06349439e-041 4.78511333e-019 2.25263967e-026
  1.00000000e+000]
 [4.71294633e-015 3.60618322e-077 3.28538974e-026 4.23038653e-050
  1.51545532e-033 1.59813295e-113 1.75810561e-033 4.30866417e-076
  2.34461735e-028 1.72399214e-067 2.43199274e-050 1.00000000e+000
  4.60188322e-045 1.19696471e-098 1.27605176e-052 7.17200219e-026
  1.73193454e-045 9.33995175e-078 1.41160641e-026 5.14251729e-068
  1.00000000e+000]
 [7.05519166e-027 6.79317662e-037 2.26873408e-031 6.89248262e-015
  5.66662112e-018 8.63456027e-056 4.51697489e-016 3.97431747e-025
  9.12137322e-036 2.99776880e-031 9.66171060e-026 4.60188322e-045
  1.00000000e+000 1.72388167e-027 3.76520283e-014 2.47015476e-046
  8.67655427e-013 2.36529817e-034 2.99116400e-024 2.90829895e-020
  1.00000000e+000]
 [6.36765302e-079 2.66057709e-057 4.86106641e-055 5.10931772e-047
  4.39681920e-085 1.64900520e-021 3.60857806e-062 6.73961401e-026
  1.20534001e-072 4.85452710e-059 4.33838420e-061 1.19696471e-098
  1.72388167e-027 1.00000000e+000 6.25410661e-048 3.31886802e-065
  1.18624141e-034 5.14546895e-058 2.54058458e-059 1.14359536e-058
  1.00000000e+000]
 [1.15883678e-030 1.44271315e-086 3.12458759e-034 2.12898590e-042
  9.10090778e-025 3.49225589e-101 5.76391908e-024 1.74004152e-039
  1.21700187e-077 3.27219262e-046 1.82255622e-024 1.27605176e-052
  3.76520283e-014 6.25410661e-048 1.00000000e+000 2.47870063e-046
  1.62072073e-042 2.21516082e-076 1.22744298e-043 2.51187725e-027
  1.00000000e+000]
 [2.03800102e-035 4.53255838e-107 2.50725162e-009 2.52411271e-043
  2.30322296e-053 2.62114049e-076 5.21316780e-054 4.38608499e-076
  2.97824650e-053 6.24940421e-069 1.07979928e-036 7.17200219e-026
  2.47015476e-046 3.31886802e-065 2.47870063e-046 1.00000000e+000
  3.72159409e-057 2.10407100e-072 5.72272873e-031 9.40261092e-068
  1.00000000e+000]
 [3.07196833e-027 7.51007371e-024 2.00139460e-034 1.24350671e-024
  1.06688888e-035 5.50922555e-048 1.97705836e-025 2.66068994e-016
  4.44610499e-018 9.00858529e-022 9.81124930e-033 1.73193454e-045
  8.67655427e-013 1.18624141e-034 1.62072073e-042 3.72159409e-057
  1.00000000e+000 5.26519544e-018 4.95006325e-013 2.74129441e-025
  1.00000000e+000]
 [8.62263588e-057 7.90140344e-045 5.23366882e-049 8.45541273e-021
  6.14506878e-050 1.65463181e-048 1.28154971e-059 1.35579210e-051
  3.97397772e-028 7.37246349e-030 1.06349439e-041 9.33995175e-078
  2.36529817e-034 5.14546895e-058 2.21516082e-076 2.10407100e-072
  5.26519544e-018 1.00000000e+000 7.49474087e-020 1.16485982e-032
  1.00000000e+000]
 [1.36070726e-016 5.22693191e-054 4.26108542e-015 4.79729790e-026
  1.30055305e-029 2.61570691e-067 9.89075586e-033 7.43815405e-036
  5.94843027e-019 1.13667838e-018 4.78511333e-019 1.41160641e-026
  2.99116400e-024 2.54058458e-059 1.22744298e-043 5.72272873e-031
  4.95006325e-013 7.49474087e-020 1.00000000e+000 3.84655260e-023
  1.00000000e+000]
 [3.17194660e-042 5.35915541e-062 4.65390245e-046 3.24440442e-037
  7.11541826e-030 1.04945227e-085 1.93171573e-047 7.57339375e-032
  5.80269470e-058 5.50379390e-007 2.25263967e-026 5.14251729e-068
  2.90829895e-020 1.14359536e-058 2.51187725e-027 9.40261092e-068
  2.74129441e-025 1.16485982e-032 3.84655260e-023 1.00000000e+000
  1.00000000e+000]
 [1.00000000e+000 1.00000000e+000 1.00000000e+000 1.00000000e+000
  1.00000000e+000 1.00000000e+000 1.00000000e+000 1.00000000e+000
  1.00000000e+000 1.00000000e+000 1.00000000e+000 1.00000000e+000
  1.00000000e+000 1.00000000e+000 1.00000000e+000 1.00000000e+000
  1.00000000e+000 1.00000000e+000 1.00000000e+000 1.00000000e+000
  0.00000000e+000]]
