[[-4.58620817  1.29747368  4.49476729 -1.09248732 -4.54351726  0.66744711]
 [-1.3509183  -4.10890302 -2.75597141  3.38094765  2.90294739  4.62123147]
 [-2.04041903 -4.73061282  4.53853836 -1.28325056 -1.25663515 -1.04609075]
 [-3.16596536  3.87614025  3.34415626 -3.37334145  1.32030054 -2.45662062]
 [ 4.93954057  2.74745448  2.14106089  1.79863296 -2.49525241  0.41984711]
 [-3.46775047  0.42488167  1.15333846  3.92337428 -2.99042113 -3.67647656]
 [-3.81717036  3.44316374  4.01916186  0.941765   -2.09863198 -2.63588257]
 [ 0.85399429  1.66084379  4.43728569 -1.16622052  1.70418603  1.80542113]
 [ 2.88551209  1.85965436 -1.59307091  0.60773392  2.96834828 -4.61985226]
 [ 1.60338898 -4.579018    1.80834542  0.71895332  0.04877679  1.14163035]
 [-4.50761778 -3.68905046  3.70768567 -1.98434591 -1.92936577  4.81816546]
 [-0.04732888 -0.63299837  3.8149393  -2.5989975  -1.84136262 -1.15216947]
 [-0.95837939  3.00284868 -4.19027225  0.50361445 -3.94472643  3.24419681]
 [-0.6176652   4.82469383  4.58697772 -4.30469638  4.31619492  2.00754379]
 [-2.61758027  0.03045276 -4.90969721  0.30411819 -3.24591191  4.81523079]
 [ 4.26047736  1.17885955  1.91580671  3.79999516  0.17635233  3.756125  ]
 [ 0.39612215  2.52397805  2.56936693  4.28905385  0.55444908  4.99367736]
 [-1.3361339  -4.51732613 -2.64619008 -4.55843009  2.3072897   1.20476895]
 [-0.07976458  2.9143105   1.80882694 -2.08614077 -3.28781435  1.44736473]
 [-2.05069994  4.97125947  3.52198821 -3.24413291 -4.28008384  4.55145612]]
