[[ 2.84930564e+00  4.34490853e+00 -4.16764896e+00  5.35631421e-01
   2.07167203e+00 -2.33188955e-01]
 [ 4.80197215e+00  1.08408307e+00 -4.67579938e+00  1.55934752e+00
  -9.34599935e-01  2.34718700e+00]
 [-2.65049066e+00  3.05826588e+00  3.76438133e+00 -4.73258792e+00
  -4.28819005e+00  6.83267478e-02]
 [-4.79183644e+00  2.70991761e+00  2.75328795e+00 -3.95060223e+00
   3.43049407e+00  4.65634433e+00]
 [ 2.98877334e+00  2.14621445e+00  3.51200249e+00 -4.02334311e+00
  -3.62116456e+00  4.16186250e-02]
 [-3.52317550e+00 -2.01032283e+00 -4.13504019e+00 -6.34502906e-01
   5.62819717e-01 -1.31527999e+00]
 [-2.32370957e+00  1.79504558e+00 -1.87871619e+00 -3.38107017e-01
   4.17480189e+00 -1.64929188e+00]
 [ 2.49573328e+00 -4.85080152e+00 -1.21192554e+00  4.42937670e+00
  -4.11633425e+00  4.35235896e+00]
 [ 4.69614939e+00  2.69022248e+00 -1.93011153e+00 -2.72406637e-01
   4.53253432e+00 -1.40977844e+00]
 [ 4.99190948e+00 -1.44565428e+00  3.93937346e+00 -2.62100184e+00
   2.13017043e+00 -4.12909824e+00]
 [-3.59397930e+00  1.91783528e+00  4.89582929e+00  2.60515133e+00
  -1.75059009e+00 -4.25634151e+00]
 [ 1.38362230e+00 -4.21867284e+00 -1.38698647e+00  4.47886397e+00
  -2.99771317e+00 -2.06426061e+00]
 [ 4.70921538e+00 -4.99670074e+00  4.83796412e+00  2.97790672e+00
   2.50209314e+00 -2.59854829e+00]
 [ 3.91568165e+00  1.98311894e+00 -2.93400862e+00  7.78359960e-01
   2.43793040e+00  7.71939623e-02]
 [-4.88443493e+00  4.91686999e+00  4.76971061e+00 -1.32336631e+00
   3.39784262e+00 -4.12258191e+00]
 [-2.90564797e+00  1.10689643e+00 -3.99397360e+00  3.11713561e+00
   2.13374555e+00  4.62409110e+00]
 [ 4.00625294e+00 -1.99268897e+00  4.91862854e+00  4.79386885e+00
   1.30806744e+00  3.60261669e+00]
 [ 2.19134552e+00 -1.17005507e+00 -3.31145667e-01  3.81724910e+00
   4.31626884e-01 -2.48026631e+00]
 [ 1.22853081e+00  5.85389673e-01  3.75165722e+00 -2.60512920e+00
   1.64108526e-01 -1.02206530e+00]
 [-3.99212933e+00  3.21549613e+00  2.57075099e+00  2.07798339e+00
  -2.22841802e+00  2.64250185e+00]
 [ 4.84401401e+00 -2.83835249e+00 -1.28424111e+00  4.01371254e+00
  -4.56908509e+00  3.55313388e+00]
 [-4.73901475e+00 -1.60067750e+00  2.11937926e+00  4.17675900e+00
   4.47256915e+00 -4.55723883e+00]
 [ 3.23458716e+00 -3.05731121e+00  2.77852409e+00  1.85032449e-01
  -1.98480521e+00  1.09734389e-01]
 [ 4.24124717e+00 -2.09702502e+00  5.34113424e-01  4.07476079e+00
  -5.61427303e-01 -4.84966751e+00]
 [-4.75281061e+00 -2.64058742e+00 -4.42094041e-01 -8.46807730e-01
   2.56782067e+00 -4.78252311e+00]
 [ 4.52914024e+00  1.64647269e+00 -4.43741398e+00  1.01992656e+00
   2.09996123e+00 -1.21602590e+00]
 [-4.87571563e+00 -2.63236646e+00  8.11579482e-01 -2.79585852e+00
  -2.44597516e+00  4.11346537e+00]
 [ 3.45864387e+00  1.71793920e+00 -1.08146376e+00  4.79675014e-01
  -1.08493227e+00 -1.67137228e+00]
 [-2.43672718e+00 -3.70811318e+00 -8.20510152e-01 -1.33341820e+00
   1.21009887e+00 -1.70363074e+00]
 [ 4.98869342e+00  2.12046398e+00  2.52577949e+00 -1.69035596e+00
   2.97111287e+00  4.95866017e+00]
 [ 2.99454549e+00  3.52178190e+00 -4.35441175e+00  2.25347248e+00
   3.74648167e+00 -4.14878427e+00]
 [-7.93148263e-01 -3.77775754e+00  4.25657462e+00 -1.22583693e+00
   3.00932584e+00  2.30867252e-01]
 [-2.18777366e-01 -3.36177623e+00 -4.27015251e+00  2.88847255e+00
  -2.85759454e+00  3.85855455e+00]
 [-3.84601525e+00  4.01652601e+00 -2.86924298e+00  5.90536932e-01
  -3.45571830e-02 -2.09259367e+00]
 [-3.87306840e+00  4.16970742e+00  3.82361853e+00  4.72708201e+00
  -4.93451050e+00  2.18934889e+00]
 [ 2.45969787e+00 -4.27143635e+00 -1.25702818e+00  2.96882547e+00
  -4.54708684e+00  4.22112933e+00]
 [-1.60349254e+00 -8.15026781e-01  2.16327045e+00  2.02915767e+00
  -3.73971582e+00  3.57307667e+00]
 [-3.22281109e+00  2.81730134e+00 -3.69607359e+00 -2.43108599e+00
   4.04226171e+00 -2.10800188e+00]
 [-2.64922060e+00  4.82932606e+00  3.51346560e+00 -3.88335460e+00
   1.25499532e+00 -1.41401788e-01]
 [ 3.27674649e+00 -2.20245804e+00 -4.32636544e+00 -4.14314826e+00
  -3.06777305e+00 -1.98402905e-01]
 [ 1.28857575e+00 -2.24310835e+00  2.68446586e+00  5.23976917e-01
   7.85380716e-01 -1.21773627e+00]
 [ 3.33110224e+00  2.45400196e+00  2.15803774e+00  1.54168483e+00
  -3.31994519e-01 -2.35497865e-01]
 [ 7.35729441e-01 -2.25898187e+00 -2.14873702e+00 -2.69870742e+00
  -2.48536140e-01  4.03729396e+00]
 [-3.17144033e+00 -7.05709218e-01 -3.30559302e+00  3.70502322e+00
  -4.83233309e+00 -3.32233051e-01]
 [ 2.95140949e+00  8.14883190e-01  3.47373989e-01  3.59982747e+00
  -4.83287748e+00  5.04742713e-01]
 [-4.41817306e-01 -3.56128052e+00  3.63974069e+00  5.09339684e-02
   4.18139790e+00 -4.17838555e+00]
 [-1.59845251e+00  1.97026459e+00  4.98636461e+00 -2.45572335e+00
   4.50867301e-01 -1.84638745e+00]
 [-1.15123086e+00  1.77201173e+00  1.93315399e+00 -4.29598749e+00
  -3.06214389e+00 -4.48223105e+00]
 [-4.32305684e+00  4.39179148e+00  3.98484818e+00 -4.38108998e-02
  -4.52340357e+00  3.32081755e+00]
 [ 3.21373248e+00 -4.16170385e+00  4.52883352e+00  2.96279634e+00
   4.75016347e+00 -5.60004110e-01]
 [ 2.39075356e+00  2.59292099e+00 -3.97107704e+00  3.42801087e+00
  -5.49645570e-02 -2.25354973e+00]
 [ 3.88698799e+00  3.57685108e+00 -4.12120306e+00  2.58759352e+00
   1.43572134e+00 -4.49530340e+00]
 [-4.21315325e-01 -4.91073470e+00  1.57800403e+00 -3.79562007e+00
  -7.48484566e-01  4.58077077e-03]
 [-4.13013850e+00 -7.78348945e-01 -1.99158488e+00 -4.17453378e+00
  -3.21383754e+00 -4.80918055e+00]
 [-4.36806770e+00  2.76937468e+00  2.58896989e+00  3.88502715e+00
  -1.65115087e-01 -3.47137544e+00]
 [-4.34719962e+00  1.91975840e+00 -1.47844909e+00  4.47974409e+00
   1.99063019e+00  1.23320595e+00]
 [-3.41781414e+00 -2.31367370e+00 -4.75783693e+00  1.39544173e-01
  -1.75968273e+00 -4.39254836e+00]
 [ 1.94207223e+00 -2.51358804e+00  4.11412024e+00  8.48466843e-01
  -1.79143639e+00  3.14733012e+00]
 [ 8.90587367e-01 -4.12105106e+00  4.56417197e+00 -4.95490579e-01
  -1.81718744e-01  2.59031125e+00]
 [ 1.53317894e+00  4.91691909e-01 -1.41383839e+00 -1.58153362e-01
   4.47682578e-01  2.24806277e+00]
 [-2.10320373e+00  2.91954076e+00  4.21633269e-01 -4.39253031e+00
  -2.75523286e+00  1.41211738e+00]
 [ 1.26078925e+00 -4.57336511e+00 -7.03370998e-01 -6.46165262e-01
   3.87322316e-01 -4.26426958e+00]
 [ 2.36071670e+00  3.89630008e+00 -1.46362627e+00 -3.71972501e+00
  -1.96202468e+00  3.70474870e-02]
 [ 4.20902429e+00 -1.77805863e+00  1.14347846e+00 -1.09552554e+00
  -1.79132664e-01 -3.71954965e+00]
 [-1.15038171e+00  1.73665564e+00 -1.55788364e+00 -4.85519007e+00
  -1.57437756e+00  2.99534046e+00]
 [ 2.33360611e+00  2.60055943e+00 -4.52810590e+00  2.97303030e+00
  -1.12674329e+00  2.78725412e+00]
 [ 1.31838957e+00 -1.93154830e+00 -1.66299742e+00 -7.22435957e-01
  -3.38195462e+00 -3.56337871e+00]
 [ 2.20019207e+00 -3.97679949e+00 -9.64715486e-01  1.97146958e+00
   1.72330193e+00  4.35340938e+00]
 [-5.73720235e-01  4.71144284e+00 -4.74457869e+00 -3.76069066e+00
   3.06592627e+00  4.92027768e+00]
 [ 1.70273289e+00 -1.85107326e+00 -3.91925238e+00  5.38633051e-01
  -3.28809272e+00 -1.49290625e+00]
 [ 1.62845984e+00 -2.37212319e+00  6.79435633e-02  3.10431311e-01
   2.83517606e+00 -4.46393277e+00]
 [ 3.97285893e+00  1.00437016e+00 -4.65724507e+00  2.72343793e+00
  -2.93417607e+00  5.40973407e-01]
 [ 3.68333686e+00  1.60165822e+00 -2.35858959e-01 -2.72413658e+00
  -2.34064248e+00 -1.02106177e-02]
 [ 2.11371773e+00 -2.54109660e+00  1.27785225e+00 -3.86364396e+00
  -2.61458514e+00 -4.16929939e+00]
 [-6.57902528e-01  4.44106705e+00  4.82701831e+00  3.13187821e+00
   2.84499624e+00  3.08687615e+00]
 [ 3.42953410e+00  1.71651000e+00  1.92680480e+00 -1.93558147e+00
  -1.46313645e+00 -4.57005064e+00]
 [-4.78038503e+00  8.89680316e-01 -3.22603850e+00 -2.54075949e+00
   4.19261224e+00  1.25485650e+00]
 [ 3.28323509e+00  2.94703254e-01 -2.76641867e-01 -2.57529750e+00
   4.26112673e+00  1.83016541e+00]
 [-1.53089014e-01 -2.06538340e+00 -4.58369131e+00  4.52482599e+00
  -8.01565789e-01  3.56254225e+00]
 [-2.54736670e+00  4.70312742e+00 -1.79202677e+00 -4.87175647e+00
  -3.49550925e+00  3.91903415e+00]
 [-1.07808995e+00  4.38225127e-01 -4.11996087e+00  1.21947769e+00
  -1.46013841e+00 -2.54717410e+00]
 [-4.39154905e+00  3.44098298e+00  1.90591527e+00  3.26407298e-01
   4.15686157e+00  1.31144497e+00]
 [ 2.78950871e-02  2.14600058e+00  2.16305720e+00 -2.53122370e+00
   1.22199549e+00 -2.64555028e+00]
 [-2.16511210e+00  1.21705125e+00 -4.05774146e+00 -3.11964371e+00
  -3.08434485e+00 -3.89416940e+00]
 [-2.67738849e+00  2.42535005e-01 -1.35596007e+00  1.54353691e+00
   3.53351258e+00 -9.13756616e-01]
 [ 1.08102721e-01  4.80539287e+00 -2.11013774e+00 -3.02692693e+00
  -2.57859799e+00 -3.22748505e+00]
 [-1.47511008e+00  4.17486502e+00 -3.68531343e+00 -3.25797048e+00
   3.32510017e+00  6.91243344e-01]
 [ 4.07166278e+00 -8.05682804e-01 -4.29704179e+00 -2.20948854e+00
   3.91511729e-02  2.56170671e-01]
 [ 3.15387374e+00 -3.53981801e+00 -2.88357557e+00 -3.91564053e+00
   1.86391448e+00  2.59259776e+00]
 [ 1.30669368e+00 -4.63267048e+00 -3.70105264e+00  3.01044134e+00
  -2.29791205e+00 -4.60142123e+00]
 [ 1.78037841e+00 -1.34944873e+00 -1.31853502e+00  4.07877419e-01
   2.85728105e+00 -2.28217968e+00]
 [-4.88424873e+00  4.17591360e+00 -4.33455447e+00 -5.64221115e-01
   1.99806462e+00 -2.98963292e+00]
 [ 4.98795623e+00 -2.83618735e+00 -1.18747448e+00 -3.89273838e+00
  -4.45451400e+00  1.96145652e+00]
 [ 3.63090338e+00 -3.02039553e+00 -3.37908233e+00  1.54394747e+00
   2.72310764e+00 -3.32686774e+00]
 [-4.03387287e+00  1.08762267e+00  1.52384861e+00  1.62045063e+00
  -3.06717933e+00  1.72802759e+00]
 [-2.78201457e+00  4.95672703e+00 -1.86072453e+00  2.62714077e+00
  -3.12648130e+00 -4.19690956e+00]
 [-5.48837703e-01 -4.93429367e+00  1.75544578e+00  4.91090933e-01
   2.69949654e+00 -2.92196684e+00]
 [-2.84156439e+00 -4.52789753e+00 -1.20192559e+00  1.52509024e+00
  -3.70425893e+00 -2.30364287e+00]
 [-4.40189697e+00 -2.32836492e+00 -3.12425925e+00  1.07580307e+00
  -2.14497367e+00 -4.69782859e+00]
 [-7.96609904e-01 -2.41007746e+00  8.70090913e-01 -2.48039831e+00
   2.11368984e+00  2.49335576e+00]]
