[[-29343.34081139]
 [  5564.15316489]
 [-12199.9070745 ]
 [-29171.3004652 ]
 [-12925.16144233]
 [-27677.65212203]
 [-11143.04359223]
 [-17422.42527249]
 [  2545.22415752]
 [ 14443.84716247]
 [-29045.82803285]
 [-13921.11592658]
 [-22348.90143891]
 [ 17252.89483681]
 [ 53502.90969639]
 [ -6232.37665549]
 [ 44655.69950142]
 [ 56434.37807626]
 [-22750.7222043 ]
 [-14698.29468955]
 [-16545.57152296]
 [  2240.49614638]
 [ 23486.47209652]
 [ -4524.75108075]
 [  1064.24047268]
 [ 15106.73906836]
 [-29679.05090632]
 [-24914.70189016]
 [ 16575.1331325 ]
 [-24167.75941315]
 [-23772.69865697]
 [   100.15700147]
 [ 35467.51824249]
 [   382.8868925 ]
 [ 15017.05458038]
 [ 54376.56815101]
 [ 35555.47412344]
 [-21287.24330531]
 [ 31652.97392837]]
