[[ 3.8597086   0.18972905 -4.78183673  1.71156387 -3.87756882  1.41518013]
 [ 3.19472086  1.81766109 -3.84641771  1.20793002 -4.41079926 -2.84690369]
 [ 2.45143656  2.59913724  1.97523402  3.47262182  3.26281982  0.96655637]
 [ 2.07360769  2.53431172  0.82107603 -0.26562213  0.67079045  0.87160963]
 [-0.21790979  4.86484458 -0.20519831  1.5969135   4.23356518  0.83051925]
 [-3.05577577  0.00952912  4.60022827 -3.89322959  0.53950615  1.85085195]
 [ 2.01446001  0.24937084 -0.62529494 -2.68752985  1.25047351 -4.98655789]
 [-3.42304784  2.05981897 -1.53509531 -2.80397708  3.56501992  0.95421136]
 [-0.94150127 -3.32919761  4.14156597 -4.48169801  2.2009076  -3.39416727]
 [ 2.486576    4.95833776  4.72867613 -4.6945951  -0.33092203  1.32710168]
 [ 2.34934335 -4.48487057  0.72148353 -2.28364096 -3.39423057  0.81474302]
 [-2.670119    0.01619609  2.23691296  1.4505811  -1.23081743  1.60054506]
 [-4.20889333  1.92212013 -1.37963523  0.55266904  1.12333697  4.70340887]
 [ 4.64345953 -0.68469484  1.79351372 -1.52125724  3.35275237  4.85679269]
 [-2.76051835  4.8861845  -1.36217782 -1.39600276 -1.03894815 -1.23352847]
 [ 2.46472634  3.84325105 -3.66061038 -3.93879079 -4.28290329 -4.54879983]
 [-3.99101824  2.71693488  2.32218899 -0.12799045  2.05717445  3.45695398]
 [ 4.01129092  3.20313371  3.21339295 -0.18258613  0.13845729 -2.63426333]
 [ 3.11670656 -0.94179153 -2.27258218 -2.65438733  3.25276006 -3.92087278]
 [-3.87303867  3.40168349  1.33162829  2.21177732 -3.32478831  3.38539597]],[[28595.45761823]
 [15600.61494111]
 [11196.42984728]
 [ 3490.70825757]
 [59607.6806712 ]
 [32226.90456502]
 [ 5079.94475491]
 [14546.8877371 ]
 [38635.11440995]
 [89670.45059649]
 [55070.38865656]
 [ 6687.08547883]
 [27610.62966043]
 [49796.08998058]
 [65365.78952164]
 [73695.53553735]
 [20459.33769397]
 [21590.28936409]
 [13812.86786922]
 [30720.96120144]],[[ -4577.56659899]
 [-17572.40927666]
 [-21976.59437605]
 [-29682.31595261]
 [ 26434.65645858]
 [  -946.11965507]
 [-28092.542793  ]
 [-18626.13648122]
 [  5462.09018922]
 [ 56497.42637065]
 [ 21897.36443419]
 [-26485.93873785]
 [ -5562.39415808]
 [ 16623.06575873]
 [ 32192.76529824]
 [ 40522.51131311]
 [-12713.68634928]
 [-11582.73484995]
 [-19359.3775838 ]
 [ -2452.06301016]
 [ 33173.02422019]],[[1.00000000e+00 1.42636683e-10 1.62787888e-47 6.06664973e-29
  2.90785619e-55 6.16178668e-82 2.47209746e-47 7.32302735e-63
  1.90531244e-93 5.42482625e-74 1.49887838e-31 9.72178833e-44
  1.80183307e-51 1.72794839e-52 3.69791255e-45 2.67631442e-37
  9.22300250e-71 3.98500912e-48 5.56317890e-47 2.46613711e-49
  1.00000000e+00]
 [1.42636683e-10 1.00000000e+00 4.56634411e-50 4.04602855e-29
  5.75435505e-54 1.25766109e-81 2.10443885e-29 5.52664421e-63
  1.51346845e-80 4.34109211e-67 6.46492964e-39 3.74123264e-46
  2.00441054e-65 2.34227223e-73 6.53870899e-32 1.59488619e-15
  3.13688342e-76 2.41953208e-33 1.34578687e-37 5.66218311e-53
  1.00000000e+00]
 [1.62787888e-47 4.56634411e-50 1.00000000e+00 2.32731272e-10
  4.63479388e-10 6.30450008e-47 8.95065464e-40 2.43079717e-38
  2.96706419e-59 4.52255916e-41 7.44797431e-57 9.14725801e-26
  7.80353285e-37 6.43809498e-25 4.57652717e-40 5.48592728e-77
  9.14159578e-28 2.79392652e-18 7.05671460e-41 1.23246122e-40
  1.00000000e+00]
 [6.06664973e-29 4.04602855e-29 2.32731272e-10 1.00000000e+00
  7.64338225e-13 2.90669588e-27 1.67874851e-21 8.52425140e-23
  4.92983096e-41 4.98598402e-19 4.15885339e-31 3.32906073e-17
  6.85505022e-27 3.27434139e-19 4.26254485e-19 1.54793410e-39
  1.94041033e-21 1.68087194e-10 5.95653131e-26 7.22890747e-29
  1.00000000e+00]
 [2.90785619e-55 5.75435505e-54 4.63479388e-10 7.64338225e-13
  1.00000000e+00 5.84289133e-44 9.43652224e-39 5.51094790e-18
  6.52723303e-64 7.96987984e-41 9.79993580e-74 2.25806412e-29
  3.41896630e-23 1.06268789e-37 6.26964165e-22 7.25584763e-67
  4.94734985e-18 1.21768164e-28 3.98037019e-40 2.70813383e-36
  1.00000000e+00]
 [6.16178668e-82 1.25766109e-81 6.30450008e-47 2.90669588e-27
  5.84289133e-44 1.00000000e+00 6.27178860e-45 8.47482922e-24
  6.75232180e-21 1.94568126e-25 4.94048946e-37 5.24303149e-17
  1.09105679e-30 6.61473139e-40 1.87310917e-34 7.19627140e-78
  8.04203703e-15 1.81619835e-42 1.64116975e-56 2.38884746e-34
  1.00000000e+00]
 [2.47209746e-47 2.10443885e-29 8.95065464e-40 1.67874851e-21
  9.43652224e-39 6.27178860e-45 1.00000000e+00 5.20663059e-33
  7.64890640e-23 4.74679640e-43 2.36312071e-35 8.57269147e-43
  2.35771158e-64 3.08258512e-51 2.55177343e-29 1.74131895e-24
  6.75407834e-57 2.59697002e-18 2.77214219e-05 1.02884258e-71
  1.00000000e+00]
 [7.32302735e-63 5.52664421e-63 2.43079717e-38 8.52425140e-23
  5.51094790e-18 8.47482922e-24 5.20663059e-33 1.00000000e+00
  2.99038014e-40 8.71097818e-45 3.59797936e-57 5.36226423e-27
  1.33661276e-14 2.03936822e-44 1.52052307e-16 1.38729849e-59
  2.47176992e-14 9.13209055e-49 8.00146252e-34 2.83407042e-39
  1.00000000e+00]
 [1.90531244e-93 1.51346845e-80 2.96706419e-59 4.92983096e-41
  6.52723303e-64 6.75232180e-21 7.64890640e-23 2.99038014e-40
  1.00000000e+00 2.71437832e-48 1.77489120e-34 1.08059706e-39
  1.44535571e-70 1.18433609e-53 2.37053957e-55 1.64974614e-73
  1.05185893e-50 2.06861094e-40 2.84232131e-30 3.04646110e-80
  1.00000000e+00]
 [5.42482625e-74 4.34109211e-67 4.52255916e-41 4.98598402e-19
  7.96987984e-41 1.94568126e-25 4.74679640e-43 8.71097818e-45
  2.71437832e-48 1.00000000e+00 3.77096364e-53 2.30631051e-42
  3.13440771e-58 5.38529837e-36 1.37508715e-36 7.38873461e-54
  3.77424546e-37 7.99780549e-20 1.18779212e-56 8.38331752e-51
  1.00000000e+00]
 [1.49887838e-31 6.46492964e-39 7.44797431e-57 4.15885339e-31
  9.79993580e-74 4.94048946e-37 2.36312071e-35 3.59797936e-57
  1.77489120e-34 3.77096364e-53 1.00000000e+00 8.03789625e-30
  4.48368030e-58 6.69206103e-37 1.15614126e-56 3.21069662e-53
  8.85282080e-60 8.53441836e-43 2.58090363e-39 2.30447137e-56
  1.00000000e+00]
 [9.72178833e-44 3.74123264e-46 9.14725801e-26 3.32906073e-17
  2.25806412e-29 5.24303149e-17 8.57269147e-43 5.36226423e-27
  1.08059706e-39 2.30631051e-42 8.03789625e-30 1.00000000e+00
  5.96265003e-16 8.07044150e-42 1.11540462e-23 1.00184985e-66
  6.27109805e-12 1.06270696e-34 8.66827973e-54 3.15170462e-10
  1.00000000e+00]
 [1.80183307e-51 2.00441054e-65 7.80353285e-37 6.85505022e-27
  3.41896630e-23 1.09105679e-30 2.35771158e-64 1.33661276e-14
  1.44535571e-70 3.13440771e-58 4.48368030e-58 5.96265003e-16
  1.00000000e+00 4.03664829e-46 1.93140181e-24 1.45816019e-82
  3.15496865e-08 5.50188937e-64 1.11513002e-66 1.84099024e-15
  1.00000000e+00]
 [1.72794839e-52 2.34227223e-73 6.43809498e-25 3.27434139e-19
  1.06268789e-37 6.61473139e-40 3.08258512e-51 2.03936822e-44
  1.18433609e-53 5.38529837e-36 6.69206103e-37 8.07044150e-42
  4.03664829e-46 1.00000000e+00 7.89708054e-67 6.86012114e-91
  1.12676664e-40 5.62755478e-38 5.69481732e-43 6.28360367e-66
  1.00000000e+00]
 [3.69791255e-45 6.53870899e-32 4.57652717e-40 4.26254485e-19
  6.26964165e-22 1.87310917e-34 2.55177343e-29 1.52052307e-16
  2.37053957e-55 1.37508715e-36 1.15614126e-56 1.11540462e-23
  1.93140181e-24 7.89708054e-67 1.00000000e+00 1.67543519e-27
  9.71094461e-24 4.65842618e-33 1.16015099e-42 1.46701617e-22
  1.00000000e+00]
 [2.67631442e-37 1.59488619e-15 5.48592728e-77 1.54793410e-39
  7.25584763e-67 7.19627140e-78 1.74131895e-24 1.38729849e-59
  1.64974614e-73 7.38873461e-54 3.21069662e-53 1.00184985e-66
  1.45816019e-82 6.86012114e-91 1.67543519e-27 1.00000000e+00
  1.60371765e-86 1.12946785e-38 3.05600582e-37 3.01947243e-73
  1.00000000e+00]
 [9.22300250e-71 3.13688342e-76 9.14159578e-28 1.94041033e-21
  4.94734985e-18 8.04203703e-15 6.75407834e-57 2.47176992e-14
  1.05185893e-50 3.77424546e-37 8.85282080e-60 6.27109805e-12
  3.15496865e-08 1.12676664e-40 9.71094461e-24 1.60371765e-86
  1.00000000e+00 1.06603260e-46 1.10855713e-64 2.54007646e-16
  1.00000000e+00]
 [3.98500912e-48 2.41953208e-33 2.79392652e-18 1.68087194e-10
  1.21768164e-28 1.81619835e-42 2.59697002e-18 9.13209055e-49
  2.06861094e-40 7.99780549e-20 8.53441836e-43 1.06270696e-34
  5.50188937e-64 5.62755478e-38 4.65842618e-33 1.12946785e-38
  1.06603260e-46 1.00000000e+00 3.43601145e-29 1.02836153e-52
  1.00000000e+00]
 [5.56317890e-47 1.34578687e-37 7.05671460e-41 5.95653131e-26
  3.98037019e-40 1.64116975e-56 2.77214219e-05 8.00146252e-34
  2.84232131e-30 1.18779212e-56 2.58090363e-39 8.66827973e-54
  1.11513002e-66 5.69481732e-43 1.16015099e-42 3.05600582e-37
  1.10855713e-64 3.43601145e-29 1.00000000e+00 4.90167710e-88
  1.00000000e+00]
 [2.46613711e-49 5.66218311e-53 1.23246122e-40 7.22890747e-29
  2.70813383e-36 2.38884746e-34 1.02884258e-71 2.83407042e-39
  3.04646110e-80 8.38331752e-51 2.30447137e-56 3.15170462e-10
  1.84099024e-15 6.28360367e-66 1.46701617e-22 3.01947243e-73
  2.54007646e-16 1.02836153e-52 4.90167710e-88 1.00000000e+00
  1.00000000e+00]
 [1.00000000e+00 1.00000000e+00 1.00000000e+00 1.00000000e+00
  1.00000000e+00 1.00000000e+00 1.00000000e+00 1.00000000e+00
  1.00000000e+00 1.00000000e+00 1.00000000e+00 1.00000000e+00
  1.00000000e+00 1.00000000e+00 1.00000000e+00 1.00000000e+00
  1.00000000e+00 1.00000000e+00 1.00000000e+00 1.00000000e+00
  0.00000000e+00]]
