[[ 3.4160444  -2.07206644 -0.72628094  1.52561486 -1.17362107 -1.77454444]
 [ 1.59195368  0.75739373 -4.05732633  1.8307985   0.88842267 -0.6072383 ]
 [-3.54837588  4.40722768  3.11561546  0.41161578 -4.16069526 -4.93555615]
 [ 2.6930424  -1.74345604 -1.39645616 -3.31496444  3.73964616  1.51216449]
 [ 1.21740974 -1.90591065  2.82479121 -4.7476083  -2.16488348 -1.61027258]
 [ 3.90966868  3.50476003 -1.78200864  3.89820784 -3.27286671 -0.10693075]
 [ 0.13628977  3.51467962 -1.66320419  2.73390301 -1.81371169 -1.17224805]
 [ 2.24006657  3.27111436 -3.8596771  -4.44155161 -2.4904921  -1.730922  ]
 [-0.0191542  -4.24974109 -2.6280038  -3.8108825   0.92358228 -2.09100663]
 [-2.53194772 -1.05358514  4.96177162  0.93241317  3.04778503  1.06475955]
 [ 1.81684428 -3.79279059  3.04101544  3.17639885 -3.35181968 -4.49411149]
 [-4.28787494  4.8270327  -1.27881537 -2.93653732 -4.44399196  1.43836506]
 [-4.31019517  2.93040216  3.36879605 -4.80023413  2.92859361  3.85958959]
 [-0.90305639 -4.97581134 -3.6087306   2.99900003  0.81895321 -2.68697731]
 [-2.35380024  0.55696289 -3.43026719  2.60162474  4.74745472 -4.4815599 ]
 [ 0.08591027  1.83378608 -3.24624645 -2.9251152  -2.89384075  1.76798469]
 [ 2.5788779   4.98512979 -0.43304178 -2.02532877 -1.45025773 -0.92374028]
 [-0.52315055 -0.96138092 -1.38071528  0.35354652  1.77178889  0.04025007]
 [-4.12703062  2.67332624 -0.91040606 -1.53000028 -1.6133446   4.49449335]
 [ 2.4599033  -2.69981514 -2.89808728  4.11279537 -3.87493565  3.05592222]
 [ 2.69186926  4.16510494  2.98578799 -3.00988858  3.18388339 -4.253331  ]
 [-2.01944208 -1.30997916 -4.42153974 -4.31649098  4.54609776  2.85398573]
 [ 2.82585127  4.77992316  0.96393378  0.56747113  1.56296319 -1.8506525 ]
 [ 4.82846206 -2.91530748 -2.5650283  -3.89585077 -2.6493293  -2.35498171]
 [ 2.53846415 -4.19981996  4.64251784  2.36534619 -4.49217262  1.82894141]
 [ 0.64038471 -3.74765844 -3.75852126  0.11141943 -0.78113577  0.33658763]
 [ 2.00094015  4.61696597 -3.98697698 -3.66271132  4.85835475 -3.50785388]
 [ 2.47665921 -4.60738286 -1.19743782  1.65269653 -1.40320468  4.3861204 ]
 [ 1.13887652  1.54165845  1.85259792  0.67070165  4.27475363  4.06167646]
 [ 4.03532882  4.09595773  0.79038535  2.14192026  4.58394192  2.15674239]
 [ 4.27328187 -4.80277141  3.72331895 -3.4437439  -2.45646006  1.06331861]
 [ 1.20508262 -4.93834927  1.95969361  2.1522966   0.22490569 -1.02950688]
 [ 0.2752946   3.89924598  3.66110743  3.36493121  4.48936263 -4.09163362]
 [ 4.35993501  1.17528641  2.84860362 -3.89758718  4.14469498 -2.0219381 ]
 [ 1.72801765 -1.76569679  3.78687695 -4.99631735 -1.35047978  1.67524238]
 [-1.30482432 -4.81041334 -2.71198762 -3.62902176  2.03645007 -4.96515322]
 [ 3.19445819  4.38170424 -3.41382927 -1.42866172  1.37368185 -1.61731276]
 [ 1.67766315  3.03390337  0.25266709 -0.35964686 -2.54931175  1.86666351]
 [ 3.96827706 -3.60490803 -0.3458063  -2.31279624 -3.41344014  3.11722268]
 [ 4.77124099  2.83512431  4.82781432 -4.75571163  1.15093722  0.32335727]
 [ 1.8127373   2.82386636  3.31795879  3.99184606 -3.18721121  4.01877603]
 [-0.48407297 -2.09598122  1.54463105  4.04001941 -1.00011151 -2.99892499]
 [-0.7846069  -4.64205655  0.82923817  1.40220107  1.86734658  4.70848857]
 [-4.23631463  0.61926975 -2.11606402  2.07570448  3.69503221  0.95903504]
 [-0.45787883 -1.39009194 -0.93805035  1.43925774 -3.42238492  3.73294014]
 [-2.2518914   4.19270336  3.01470956  0.47491876 -3.00883476  0.99660023]
 [-4.48807432 -4.70358704  0.83016216  1.98392885 -3.95489307  2.71403274]
 [-2.42396944 -3.99831266 -0.89359475  1.57867554 -4.04646341 -2.7750321 ]
 [-0.17686335 -3.1372628  -3.65114708 -4.65950373  1.15190771  1.27070455]
 [ 2.3790422  -3.53077931  4.19317919 -4.07846126  3.20704931  4.26985751]
 [-4.31107966 -1.53880563 -2.81965184  0.39629334  4.53386745 -1.06150735]
 [ 1.09882891 -0.50416908  0.23013896  0.35328186  2.35184053 -4.39118796]
 [-1.1846094   2.99108007 -1.74841745 -2.40500615  4.38902732  1.55713024]
 [-3.71856769  2.54116431  1.7849816   1.60194738 -2.52730044 -3.65204646]
 [-1.86306686 -1.79265491 -0.90342312 -1.38239912  3.10197282  3.06303793]
 [-2.02788735  0.14843376 -0.59510097  2.17340791 -1.9697467   3.00906769]
 [ 4.40448181  1.15198008  0.52322153 -2.1807247  -0.4997379  -3.60977384]
 [ 3.345951   -2.70986459  2.53819524  2.58281573 -2.58269614  2.68200904]
 [ 2.74874179  2.79664374 -0.18565774  2.95844803 -2.28976193 -2.90828344]
 [ 4.29733998  4.85584643  3.98214942  4.2553359  -4.78099743  4.64541953]
 [-2.60144907 -3.63857357  4.10400396  3.83008274 -2.97322302  2.6585676 ]
 [ 3.6374056   1.17183067 -1.13930244 -2.91272914 -3.85329504  2.75210335]
 [-0.19352747 -1.26307888  1.52899608  0.94514508  0.2732558   4.61397234]
 [ 3.54314162 -1.49149546 -3.32298655 -1.97367807 -2.54592452 -4.43035709]
 [ 1.72684344  0.96686418 -3.40055604 -4.73478617 -1.34538099  4.36239468]
 [-3.50671891 -2.00994161 -1.4790263  -2.6187495   0.11281544 -1.59467868]
 [-4.58948237 -2.16942008 -4.33537619  3.08587302  2.53382204 -1.78005095]
 [ 0.98659587  1.89395563 -1.34439548 -4.1009961  -3.76870255 -4.97010434]
 [-2.55318309  0.83466998  2.77723567  0.31337277 -2.80643904  1.51707858]
 [ 2.9180074  -0.40066877  2.4126193  -4.55851284 -1.19354797 -1.30219398]
 [-4.44888545 -3.69055696 -1.62475781  4.27974106 -0.49172655  3.65703503]
 [-1.66666451 -3.8501817  -2.72533453 -3.33348431  1.18756887 -2.85052804]
 [ 2.63251151 -3.11951387 -4.43726645 -1.07386361  0.46390882 -3.44793561]
 [-4.43338227 -0.88637974  1.26657892 -1.50136545  4.29182423  4.90263635]
 [-3.68527657  1.6560766  -3.61937754  1.05160852  1.46593838  2.62222384]
 [ 4.45156979 -0.25954133  4.98866628 -0.93378784 -1.98552422  4.64571719]
 [-1.8317807   3.15969606 -3.51269178 -4.28878842  1.03398009 -4.61054678]]
