[[-3.31017356 -0.08438549 -3.99242796 -1.56688069  2.75870106  0.04176878]
 [ 2.36111109  0.62064939  0.37799132  0.21430028  3.47744919  1.63074592]
 [-4.24720142 -2.70724458 -3.51497872  1.61053988 -1.27395595  2.93300877]
 [-3.48648604  1.50759214 -1.06037195 -4.91483742 -2.7571566   2.28082824]
 [-2.428822   -0.1149765  -3.08813941 -3.65798093 -3.81157982  1.64677731]
 [ 3.82948169  0.78904174 -3.9464283  -3.19980246  1.3251998  -1.10350863]
 [ 4.22565263 -0.60808206 -0.15601419 -0.58355054  4.45874833  3.11889233]
 [ 0.801176    4.94075916  0.14118238 -0.50149841 -3.13700849 -2.719311  ]
 [-1.39203213  0.49854838  4.92874511  4.73889552 -3.39299345  4.94687095]
 [ 4.01382773  4.93034223  3.84849403  0.91140083  3.80225767  0.58531531]
 [ 2.48298916  4.66070145 -0.87294186  0.85974273 -4.32880659  3.22099805]
 [-1.12558357  0.1454781  -3.98515176 -1.91618181  0.41962453  4.00264306]
 [-4.93040135 -4.24112298  0.77406092  3.43003974 -3.41493213 -4.79212371]
 [-1.72592578  0.46908996  0.04172201  3.19909414 -1.50648439 -1.18057904]
 [ 4.96762055 -2.63704893  3.19064866 -2.22085705 -1.13276136  4.59166058]
 [ 1.37120308  3.52847736 -4.80751328 -2.24144316 -3.63842131 -4.11128489]
 [-3.59672981  4.65747411  1.32547033 -3.33242958  3.60188438  4.09163849]
 [-4.08801013 -4.1714656   2.81896429  1.65071635  3.98652514 -3.11234913]
 [ 0.59965326 -2.24953723 -1.61652598  2.98526595  1.63870185 -1.10068785]
 [-1.94366219  3.33124981  4.94570111  4.74035724 -1.18578054 -0.17176976]]
