[[ 3.81125933  3.86102406 -0.66747961 -3.8541181  -2.74217959  4.23360319]
 [-3.54198292 -2.4421506  -1.15137243  4.46075932  0.44420975 -2.67925204]
 [-2.17322884  2.95493509 -2.02324857  0.05170704 -2.48529544  4.56447657]
 [-1.14678512 -0.0778746  -1.14841378 -1.02962639  4.52802742 -1.11256674]
 [-3.0937708   0.73653737  4.46662968 -4.53695843  2.29177851 -2.33432828]
 [-1.37654068 -2.83949915  0.92274202 -4.14827653 -0.61956258 -1.04901971]
 [ 3.81564375 -1.44373439  4.74569318  3.16174947 -0.61712509  2.66174144]
 [ 3.20125366 -1.90788751 -2.54353341 -4.04384845  1.17500606  4.52240027]
 [-3.04384505  1.44971682  4.55816038  4.5024745   0.19913604 -1.72057707]
 [ 3.05710934 -3.50299616  2.80348028 -3.7841118   1.04281045 -0.07166253]
 [-0.0121712  -2.74977037  4.35165517  4.92159604  2.95602764  3.36317365]
 [ 3.41687076  1.54147725 -1.80906871  1.38281345  0.81631955  3.69165808]
 [-1.7243579   2.47091939  1.52073392  1.94118207  0.71068976  3.9232581 ]
 [-2.7224634  -4.2195888   1.42229861 -0.75574623 -0.94278179  2.53860472]
 [ 4.49469715 -1.18272325  4.78874673  1.77999973 -2.99528859  4.08541446]
 [-1.11967011 -4.84385494  0.35950645  4.04301089  3.77926911 -1.53186488]
 [-3.50998194 -1.53103605 -3.86273884  4.83035703  2.98589699 -3.07001417]
 [-0.01218676  1.34694421  0.01002977  4.70584116  4.93278558 -1.51659902]
 [-0.68939652 -0.54441255  1.68074465 -0.11139373  4.79356632 -3.41804437]
 [ 2.79214793 -4.34699755  3.61281084 -1.22745501 -2.92633964 -2.90494379]]
