[[ 3.96103582e+00 -4.66021790e+00 -1.95273637e+00  7.13552302e-01
   4.60093646e+00 -2.66882049e+00]
 [ 2.57096481e+00  3.47272899e+00 -1.51189695e+00 -2.31400333e-01
   3.08691143e+00  4.82357819e+00]
 [-2.27476808e+00 -3.03480009e+00  8.11334761e-01 -2.60040027e+00
  -1.69100527e+00  3.25802259e-03]
 [ 1.30346357e+00  5.86303104e-01  2.39425692e+00 -1.33414566e+00
   9.87536928e-01  2.41143255e+00]
 [ 1.94041798e+00 -3.41863715e-01  2.48793735e+00 -3.63957473e+00
  -3.61543181e+00 -2.66985280e+00]
 [-2.00187194e+00 -1.10653016e+00  1.67045323e+00  1.98547796e+00
  -2.53028333e+00  2.67836274e+00]
 [ 2.07076429e+00  2.66092887e+00 -2.92471337e+00  3.09621472e+00
  -8.43139618e-01  1.89151377e+00]
 [ 1.26405113e+00 -5.81434959e-01 -4.05947436e+00  4.09142218e+00
  -3.74562442e+00  4.34008046e+00]
 [ 1.76497707e+00 -3.83922279e+00 -2.55800213e+00 -3.06949395e+00
  -2.61460611e+00 -1.57767782e+00]
 [-3.26872163e+00  3.40911162e+00 -2.23264081e+00 -3.78254391e+00
   2.57639586e+00  1.37136876e+00]
 [ 3.55016655e+00 -3.56910558e+00 -1.85945851e+00  4.84366521e+00
  -2.71298792e+00  1.42282935e+00]
 [-4.50268702e-01  1.64197251e-01  2.45272962e+00  1.35019208e+00
   1.78713474e+00  1.33041811e+00]
 [ 3.16222625e+00  1.65262633e+00  3.62504806e+00  6.04174576e-01
   3.55404204e+00 -2.13283982e+00]
 [-4.83937598e+00 -2.16339466e+00  4.66788619e+00  2.41190948e+00
   2.16675022e+00  3.41028736e+00]
 [-3.23490348e+00  3.28683391e+00  4.00573260e+00  1.68054664e+00
   1.73688882e+00  2.76052011e+00]
 [-2.83177748e+00  1.00949196e+00  3.57261532e+00 -1.33568223e+00
  -7.78314984e-01 -8.75744420e-01]
 [-3.63125032e+00 -1.28536738e+00  4.09048768e+00  1.14860291e+00
   2.21104357e+00 -5.78932906e-01]
 [ 3.58473348e+00 -3.90862575e+00 -4.31953737e+00 -9.02454196e-01
   6.95634192e-01 -3.80695299e+00]
 [ 1.16554468e+00  4.29134639e-01  4.61213535e+00  1.93717348e-02
   1.42547264e+00  1.74370305e+00]
 [-2.05533927e+00 -3.12849501e+00 -3.50184621e+00  7.42654884e-02
  -2.34418633e-01  9.80215717e-01]
 [-2.32996051e+00  4.72995210e+00 -1.09673281e+00  4.18448105e-02
  -1.78630029e+00  3.92163006e+00]
 [ 1.91820705e+00 -3.55246563e+00  4.34833519e+00 -1.28160246e+00
   9.69131896e-01 -1.83638121e-01]
 [-2.68412627e+00  2.74547374e+00  6.18038992e-02  3.20022483e+00
   2.70624938e+00 -4.48337375e+00]
 [ 2.15203035e+00  2.95030529e+00  4.20069614e+00  1.25796366e+00
   1.22572907e+00  3.51851424e-01]
 [-1.06056586e+00 -4.25173943e+00 -4.77143355e+00 -1.77902706e+00
   2.38147946e+00 -4.10636816e+00]
 [ 6.34352537e-01 -2.38940963e+00 -8.30988927e-01  1.66765372e+00
  -2.63203626e+00 -2.43164289e+00]
 [ 4.02222583e+00  1.32857063e+00  1.31551018e+00 -3.12788890e+00
  -1.04950213e+00 -3.71924627e+00]
 [ 3.43111826e+00 -2.46463688e+00 -2.67004299e+00  4.01695587e+00
  -2.18390202e+00  1.25831810e+00]
 [ 2.39329915e+00 -6.35278855e-01 -4.52531409e+00 -2.09052993e-01
   2.88324940e+00  8.17337206e-01]
 [-4.17426829e+00 -7.28315287e-01 -9.85139859e-01 -4.19838410e+00
   3.37164822e+00 -3.96021632e+00]
 [ 3.84859970e+00 -4.86845569e+00 -2.60539765e+00 -8.08293133e-01
   1.32640316e+00  1.11493281e+00]
 [-3.91259989e+00  4.37381768e+00  1.09757563e+00 -1.82397196e+00
   3.06876676e+00  7.39906453e-01]
 [ 4.04527621e-01  4.27461526e+00 -4.42524235e+00  1.73643550e-01
   2.42987837e+00  4.73045235e+00]
 [-4.06761456e+00 -4.84336587e+00  3.49439388e+00  2.53718236e+00
   3.33015821e+00  4.57354193e+00]
 [-3.25800582e+00  3.85548052e+00  1.56441073e+00 -4.61363163e+00
   1.19423511e+00  3.11962519e+00]
 [ 3.56974828e+00  2.45217314e+00 -6.98833211e-01 -4.24275822e+00
  -2.61026214e+00  4.69982832e-01]
 [ 1.70726966e+00  4.82583268e+00  9.75321739e-01 -3.83279065e+00
  -1.90267060e-01 -4.58995111e+00]
 [-5.95326168e-01  1.41079621e+00 -3.12206733e+00 -4.85496010e+00
   4.79695613e+00 -1.10075653e+00]
 [ 4.59379791e-01  3.16548577e+00  3.59264326e+00  4.21736522e+00
   3.44157226e+00  9.30499999e-01]
 [-3.95128547e+00 -3.20910014e+00  3.19537638e+00 -3.13811837e+00
  -2.39321254e+00  2.33488428e+00]
 [-5.89137842e-01  3.21685071e+00  3.10188362e+00  3.31221733e-01
  -3.28059041e+00  3.54229274e+00]
 [-3.36326202e+00  2.57129989e+00 -4.05563823e+00 -3.35430199e+00
  -4.47406938e-01  3.39251470e+00]
 [-3.76715872e+00 -1.90754684e+00  3.95213941e+00  3.28117555e-02
  -2.06482046e+00  4.94212701e+00]
 [ 4.92205611e+00 -2.36218875e+00 -1.22415387e+00 -3.89175151e+00
   3.66118009e-02  4.99801376e+00]
 [ 1.10669424e+00  4.71160194e+00 -3.52392737e-01 -4.27565546e+00
   2.77387989e+00 -1.58104027e+00]
 [-9.67653612e-01  2.51008707e+00 -3.85853828e+00  2.71046415e+00
   4.92301664e+00 -3.77609251e+00]
 [-1.27139557e+00  3.73131534e+00  2.26528976e+00 -2.76648504e+00
  -3.36247484e+00  4.77130284e+00]
 [-1.14612147e+00 -5.45174447e-01  4.78651387e+00 -3.70193865e-01
   2.92906490e+00  1.60222949e+00]
 [-3.20593617e+00 -4.67693680e+00 -4.85044306e+00  4.13074334e-01
  -4.21095937e+00 -4.55795195e+00]
 [ 1.04378520e-01  3.05089130e+00  2.48743584e+00 -1.49102417e+00
  -3.56218215e+00  2.13021463e+00]
 [ 7.59827627e-01  2.16644602e+00 -3.87027968e+00  2.49744664e+00
  -2.40961033e+00  3.79494462e+00]
 [ 2.36440279e+00  3.74484686e+00 -1.37625907e+00 -2.32486310e+00
   4.57454780e+00  1.08757511e+00]
 [-2.44183057e+00 -4.82677124e-01  2.48688026e+00  3.34057641e+00
  -3.07831336e+00 -4.30863667e+00]
 [-5.33843356e-01  2.01005253e+00 -4.42173361e+00 -3.44218227e-01
   1.77576089e+00  3.13767332e+00]
 [ 3.16972095e+00 -2.03798604e+00 -3.48521048e+00 -4.77035678e+00
  -1.33961455e+00 -2.56664979e+00]
 [-1.19038647e+00  4.08698288e+00 -3.50062700e+00 -3.90862857e-02
   1.75417205e+00 -2.34021135e+00]
 [ 3.86089967e+00 -3.01276313e+00  1.32648163e+00  2.74825795e+00
  -4.62347491e+00 -4.89970866e+00]
 [-4.36904372e+00 -2.32864303e+00  4.03590141e-01  4.17061691e+00
  -3.56580947e+00  2.65126997e+00]
 [-1.14756766e+00 -1.78175725e+00 -7.05227048e-01 -1.57024114e+00
   4.66435015e+00 -1.78314500e+00]
 [ 3.40686298e+00 -2.66911975e+00  3.03625275e+00 -3.56940298e+00
   1.04496444e+00 -6.99475503e-01]
 [ 4.78576069e+00  3.02130051e+00  2.56949182e+00 -5.82417834e-02
  -2.99406875e+00  3.20875405e+00]
 [-9.84861060e-01 -2.85481260e+00  1.36155412e+00 -4.77325310e+00
  -1.48755833e+00  1.08175096e+00]
 [ 4.09965772e+00  4.98519394e+00 -4.93145235e+00  4.86117553e+00
  -2.12236830e+00  1.60239373e+00]
 [ 3.41310447e+00 -4.41862966e+00 -4.39172291e+00 -3.39089617e+00
   2.50288961e+00  3.68868506e+00]
 [-3.13450559e-01 -2.24288811e+00  1.26726562e+00 -1.18077926e+00
  -2.94573644e+00 -3.86207731e+00]
 [-3.68771304e+00  6.04649920e-01  2.22573827e+00  3.38848247e+00
  -3.59176125e-01  2.89873922e+00]
 [-4.31177898e+00 -2.67391807e+00 -4.50960850e+00  1.07450679e+00
   2.12917375e+00 -3.64326108e-01]
 [-1.36992222e+00  3.86415367e+00  7.05473154e-01 -3.03259849e+00
   3.15205917e+00  2.79477836e+00]
 [ 3.04890437e+00  3.20046474e+00  4.17311106e+00 -3.94801921e+00
  -4.45424712e+00  3.62800867e+00]
 [ 3.52453287e+00 -2.37185003e+00 -4.74773170e+00 -3.88356750e+00
   5.90089794e-01 -3.68046776e+00]
 [-2.55159655e+00  1.16963042e+00  4.90505661e-01  1.03505690e+00
   2.10121276e+00 -1.40073195e+00]
 [ 4.97550193e+00 -2.61099741e+00  1.64012508e+00 -1.16798558e+00
  -8.74202114e-01  1.06809019e+00]
 [-4.02770807e+00  2.29530625e-01  4.97335073e+00 -1.46067303e+00
   1.47660679e+00  2.52488236e+00]
 [-1.87899150e+00  4.15881325e+00 -4.47895432e+00  8.80915796e-01
   4.70357055e+00  1.63046915e+00]]
