[[-1.75306595 -2.37962997  4.58885743  4.58996644 -4.61076633 -0.03036825]
 [-0.88811389 -0.62438943  4.99262702 -0.21255995  4.39696917  1.58636167]
 [-1.94190938 -2.61253154 -0.31710531 -1.95701253  4.74442213  4.28471383]
 [ 0.23533648 -2.72868779  4.02130216 -2.55579804 -4.55280249  4.88180456]
 [-2.7291749   0.96919091  3.72757545 -4.88245694 -3.68011188 -2.28449199]
 [ 1.73448725 -0.52715507 -4.74889661  2.54741973  4.83212644 -4.01269274]
 [ 4.70803358 -0.65848576 -4.65601208 -2.2342389   3.97699331  0.098001  ]
 [ 3.56836415 -2.44798131 -0.58331872 -3.85188682  2.94299688  1.41140265]
 [ 4.03055168  3.03526923 -1.13181741  3.88523419  4.7058994  -3.22693885]
 [ 4.72303495 -4.14756427  1.63557255 -2.95439813 -4.85359908  2.70734499]
 [-3.37525869 -0.85532582  1.48034305  1.63924022  4.01360484 -3.06494194]
 [-4.34671842  4.24893541  3.77909783  2.22758309 -0.0893664   0.69641829]
 [ 2.71250918 -1.9876533  -1.72008798  3.81148904  0.71666794  4.20548536]
 [-4.18329825  3.43033237  0.92848735 -4.80002919  0.55866092 -1.69983699]
 [-2.00065612  4.82544565 -2.78076346 -2.29407971  2.58641429 -2.28476835]
 [ 0.28314367 -2.9386911  -3.63297771  3.60366607 -3.18806348  4.81262966]
 [ 1.59542241  1.8521642   0.97966126 -2.602055   -4.04812303  2.48113521]
 [-2.20780876  0.46440011  1.08969318 -4.89553791 -0.34141807  1.95013506]
 [ 3.21919443  2.99045418 -1.97650361 -0.47102269 -3.15659295  1.86648444]
 [-2.54995045 -1.16505429  3.47930171 -2.45429509  4.55867363 -1.60994955]]
