[[ 4.94471448  0.88793563  1.34736197  0.10929585  1.53639176  3.05900482]
 [-3.65933395 -1.03609303  4.16285962  1.16283736 -0.98549639  3.8290357 ]
 [-3.41944688  1.53711751 -1.8999977   4.56635744 -3.22894979  2.20605491]
 [-2.80850573 -0.52811583 -3.62705807  4.53239783  2.36286545  3.21265365]
 [-4.16316736 -2.72925712 -1.37647468 -3.66821206  1.26942645 -2.93914515]
 [-3.3597784   4.70271108  1.75519985  3.32211408 -3.04415848 -2.85094044]
 [-1.04712555  1.64989833  1.13975273 -4.82312451  2.53947499 -2.34237432]
 [ 0.15683672 -0.06048465  0.32682141  1.7507734   0.46295571 -1.29490091]
 [ 2.12573713 -0.86629166 -4.83945201 -3.60168343  3.37984898 -2.47475911]
 [-2.25706415 -3.52788606 -3.7707586   0.0411855   4.36980087  0.96662477]
 [-4.04738214 -1.58099604 -4.18353724 -2.10306974 -3.31454695 -0.98635248]
 [ 3.01910476  4.31141938 -2.37923762 -2.44448572 -0.96148515 -1.95473911]
 [ 0.47847354  0.64002406 -0.1029062   4.79641536 -3.4194319  -4.04993717]
 [-0.73206933 -2.01525559 -4.30824273 -0.63906811 -0.106355   -4.5755951 ]
 [-3.05708281  0.84769674  2.07200298  3.8862744   4.73584788 -2.80180794]
 [-4.41398312  2.97039703  2.64495879 -2.15942655 -4.0561347   2.73184736]
 [-1.47934282 -3.95938362  4.2595996   2.02706068 -0.54039039 -3.31934532]
 [ 1.47406465 -2.81639967  0.24389878 -4.54387798 -3.12337415 -4.43929397]
 [ 1.93106303 -4.21441084  3.59723758  0.60584873  0.58262736  3.28012196]
 [ 4.64600075 -0.44837813 -4.53045469 -1.33048184 -2.34943475 -3.24861759]
 [-4.63903598  4.45372368  0.13457342  1.49867133  2.35514387  4.26762173]
 [ 3.84014864  0.43335727 -3.40421769 -1.63621614 -2.51887824  3.52387702]
 [-2.11816388  3.33034528 -1.74513076 -0.96249086 -1.71497181 -4.70589772]
 [-4.86364825  0.09456103 -1.87852972  0.64133633  0.02931979  1.3244058 ]
 [ 3.64225651  4.29419417 -1.58974335  2.47443747  1.06075697  2.89618397]
 [-1.60333929 -4.43740153 -3.22414803  1.38153469 -0.84181652  4.14046566]
 [ 2.38479689  0.60151064  4.07020377  1.27836853  4.01535544 -0.91888941]
 [-1.71191615  3.054987   -0.33587848 -4.0024327  -1.40651761  4.95337616]
 [ 1.00656532  1.67064037 -3.16058962  3.75556669  4.24745443  0.10469096]
 [-2.94414459 -2.69813667 -3.34159871  4.34614301  1.1188122  -2.23993609]
 [-4.23143667 -1.94467139 -0.20930243  2.16856817 -3.63179288 -3.88508525]
 [ 0.84044353  0.20889471 -1.09768091 -1.54407627 -4.83687419 -1.42919987]
 [-2.52266414  3.40524614 -4.56313281 -0.18176991 -4.61914665  0.49450127]
 [-2.40677814 -0.29966796  4.37663861  2.88894101 -4.52070915 -0.82390074]
 [ 2.63000185 -1.36328036 -2.69789581  2.40884774  3.52247796 -4.22434878]
 [ 0.21856087 -1.09781422  3.76435065  4.99962683  2.00859085  3.39115149]
 [-0.4608904  -0.2390582  -2.5719341  -4.96524913 -0.28731011  0.25032194]
 [ 3.61507975 -4.37688418 -2.91122523  2.30822729 -1.52180286 -3.10033815]
 [-4.4394955  -4.10468054  0.8262544   2.98031825  1.63258816  1.28208475]
 [ 1.12046363  3.24768523  4.74900592  4.00765019 -1.10165444  0.65305895]
 [ 0.58304466 -1.80126656 -0.51545595  1.83289037  4.57636513  4.56031792]
 [-0.85959485 -4.91720408 -0.76699822 -1.14291343  0.28434507 -0.59934266]
 [ 4.83611714 -2.469121    0.43130652 -2.55411682 -0.68022826  0.0227652 ]
 [-2.69886435 -1.71622397  2.75459787 -1.66797515  3.96349626 -0.17508516]
 [ 4.47430745 -0.75310687  3.36817969  3.39199589 -2.09743382 -1.13315331]
 [-1.13600249  1.82129856  4.4679648  -0.38114825  0.7656289  -4.16165355]
 [-4.95206644  2.67239751 -2.21543571 -4.22412134 -1.32023545  1.00094189]
 [ 3.47975567 -3.42229908 -0.95701659  3.05364655 -2.17704403  3.00304554]
 [-0.0246464   4.90514025  3.04808421 -1.21471585  2.0523799   0.80079081]
 [ 4.34368929  2.86535849  2.82862285 -1.0287876  -1.8885032  -1.73791481]
 [-4.74661468  4.56642532  2.44254855 -1.89441653  0.10139112 -1.62412825]
 [-3.60468088 -1.52756621 -1.21749243 -4.53574083  2.72660146  3.88122284]
 [-2.2362584   1.26174034 -2.72943952 -0.07714416  4.53297338 -3.46564387]
 [-1.98903109  2.2630617  -4.76696694  0.37903894  1.41210299  4.6827995 ]
 [-0.28115985 -3.09497937 -0.70750153 -4.14392028 -3.51407947  3.70480464]
 [ 1.26619046  1.91298918  4.55028531  0.2218675  -1.65904197  4.82727013]
 [ 3.16411303  4.81022846  0.99919112 -3.94865189 -2.7343075   2.01450788]
 [ 4.02685671  2.21214221  2.29217291 -2.6728493   3.09868779 -3.78897742]
 [ 1.75857647 -2.22902366  4.95065699 -3.08998334  0.74515139 -2.04093956]
 [-3.26267288  3.78170962 -2.06113788  3.73447761  0.96739144 -1.84064999]
 [-0.1291287  -4.6691819  -1.46520051  2.64838526 -4.09096603 -0.10022113]
 [-0.36606382  3.88095373  3.20630465 -2.70999718 -3.84483294 -3.58071657]
 [-0.93162349  3.69224091  0.02873813  0.89796205 -2.60229564  2.41477198]
 [ 1.33845351 -3.67644953  3.72480569 -0.56938542 -4.19668263  0.3912462 ]
 [ 3.06246242  2.78268819 -3.57497967  4.27473884 -0.46739352 -2.42668268]
 [-1.82529245  4.08401713 -4.07823368 -1.91415761  2.22555704 -0.42444132]
 [ 4.72495335  1.18984734 -2.29238618 -0.86034265  3.70242787 -0.64611127]
 [-2.85162104 -4.06551396  3.46189811 -4.36400399 -0.31173227  1.89545653]
 [-1.41454778  2.07426101  4.77666257  0.50056298  3.74936288  4.02440146]
 [ 0.31018045 -0.65408153  2.129931    4.18287574 -4.34576125  4.41567883]
 [ 2.14487301 -4.63240213 -3.89952671 -3.27990344  0.38850555  2.67861619]
 [ 2.32079795  4.00166287  0.93017378  2.8100631   2.90838658 -3.71983049]
 [ 4.23287239 -2.48942174  2.50544039  1.03443496  1.87158039 -4.98938637]
 [ 4.18837776 -3.16672537 -2.94154768  1.6265867   2.6964867   0.57077125]
 [-3.90901458 -1.23308299  3.02825879 -2.34063733 -1.98392554 -2.63921482]
 [-1.23734874  3.60981633  1.53387467  4.67645177  4.08359623  1.96972464]
 [ 3.8674474   2.38645668 -0.57932411  3.24677454 -4.98313151 -0.33195044]
 [ 2.70486472 -2.27044579  1.56307395  0.81258556 -3.89778097 -4.80629661]
 [ 2.49562761  1.40822159  1.87317111 -4.69304971  1.69651706  2.56825752]
 [-0.53508799  2.56305796 -1.02249305 -2.91527175  4.84644857  2.26481681]
 [-3.83881213 -3.00491152  0.67562347 -0.44902513 -4.72214887  1.62186676]
 [ 1.64671345 -4.84533785  2.00015039  3.61095107  3.02574826 -1.45922361]
 [ 2.82545678  0.98975762 -4.31518511 -3.2093805   3.45271578  4.52233678]
 [ 0.67157344  0.33640241  3.94472289 -3.8029679  -2.8238396   1.69621486]
 [ 3.33081293 -3.28782917  1.22444502 -2.97432642  4.97894656  1.54595471]
 [ 1.85428774 -3.80298207  0.57689789 -3.43406067  3.2129201  -4.38902119]
 [ 0.90174391  0.00998084 -4.99998685  1.95879993 -2.37849366  1.1036744 ]]
