[[-3.18975256 -0.06256459 -4.13197239 -3.59312761  2.97914779 -3.99961572]
 [-0.10360391 -1.86569219  2.68953372 -4.71635512  0.66779012 -2.33813636]
 [-0.27149761  1.83733812 -0.6453927   2.04192642  0.65654755  3.17243014]
 [ 0.1672157   1.57342519  4.5384945  -1.08134215 -4.39100904 -3.42072429]
 [-4.46149502  4.53884138  3.48626882 -2.7864668  -3.14425684 -4.45515564]
 [ 1.946771   -4.40491242 -2.23256293 -3.87967539 -0.80290829 -2.40322465]
 [ 3.83046489 -0.44840963 -0.94156405  1.98421088 -3.57871713 -2.1477221 ]
 [ 2.97758017 -4.13466963 -3.72974223  4.70748552 -3.23312773  0.32232726]
 [ 3.57312937  2.51488376 -1.55075832  2.1313133  -1.48665587 -2.26546582]
 [ 4.69669902 -4.600975    2.61035901  2.50139634  1.08814648 -0.27561127]
 [ 2.15823922 -0.05383989 -1.49033289 -3.23827484 -1.85881592  1.33044304]
 [-3.97479046 -0.63761811 -3.06012373 -3.44478095 -0.83903453 -0.64957564]
 [ 2.92245489  2.24595538  3.48306655 -1.86189128 -0.2570205  -0.63206992]
 [ 3.11290282  4.17439636 -2.57319008 -3.77620802 -1.28482334 -1.29855344]
 [ 2.5230409  -4.63588171 -3.95194639 -4.40532567  0.39040807  4.60552577]
 [-4.01618034  1.08578394 -0.83599105 -4.60703518 -1.7355802  -0.26643696]
 [-3.0482424   1.21847142 -1.89045447  4.68223597  3.69618297  3.43198562]
 [ 0.21851377 -3.15920448  4.16517313  2.63682626 -3.39165723 -0.50155148]
 [ 0.73238082 -0.01122207 -2.83931909 -2.02150739 -3.23978508  3.63260118]
 [ 4.27368136  1.00576748 -3.4021798  -4.69488212 -1.83527283  0.25967435]]
