[[ 1.08949514e+00  2.14717909e+00 -1.92517404e+00 -1.25200698e+00
   1.44962619e+00 -1.44763827e+00]
 [ 2.44753951e+00  4.50712852e+00  4.48644971e+00 -1.09682846e+00
  -1.91874134e+00  1.85865013e+00]
 [-2.93261319e+00  3.96591649e+00  3.38681391e+00  1.77040377e+00
  -4.90755190e+00  2.99135566e-01]
 [-1.43336413e+00  1.43863951e+00  1.64896337e+00  3.11533382e+00
   1.36124261e+00  1.93709215e+00]
 [ 4.42256847e+00  4.95205056e+00  3.25223016e+00  1.10895208e+00
  -2.74763453e+00 -2.93568100e+00]
 [ 4.84178691e+00  4.00406621e+00 -1.46691861e+00  7.84834072e-01
   6.85602203e-01  4.70809372e+00]
 [ 2.05522489e-01  2.53289988e+00  1.89843763e+00  4.81103796e+00
  -1.67234789e+00  2.64005568e+00]
 [-3.10720989e+00  2.54079092e+00  4.82015186e+00  1.04866261e+00
   3.27513399e+00  1.82621806e+00]
 [-3.54931201e+00  5.65862303e-01  3.36492502e+00  2.07708916e+00
   3.22787629e+00 -1.77578670e-01]
 [ 2.25137351e+00 -2.08472909e+00 -3.92283520e+00  4.45618179e+00
   4.31393064e+00  9.48605514e-02]
 [ 1.48741882e+00 -8.02761099e-01 -1.72043218e+00  2.19918242e+00
  -3.86226217e+00 -2.32073243e-01]
 [-1.23654515e+00  6.70066746e-02  4.24820673e+00  2.77939073e+00
  -5.31192858e-01  2.78419243e+00]
 [-1.06650981e+00 -4.41873668e+00 -2.43842043e+00  3.34089386e+00
  -2.71910122e+00 -3.18668900e+00]
 [ 2.20050723e+00 -1.85018710e-01 -3.89414695e+00 -4.42224707e+00
  -4.51746940e+00  3.71692557e+00]
 [-3.57014222e-01 -1.45171745e+00 -2.88279361e+00 -6.49721519e-01
   3.15479494e+00  5.31692898e-01]
 [ 4.21585050e+00  3.42246643e+00  2.16780205e+00 -2.36775018e+00
   2.59064058e-01  4.43660709e+00]
 [-1.43394771e+00  2.19775163e+00 -3.86664521e+00  3.77630235e+00
   5.04841382e-01  2.90702472e+00]
 [-3.30233698e+00  1.61767036e+00 -3.92497868e+00 -1.59462060e+00
   7.85035333e-01  2.72596859e+00]
 [-3.38851798e+00 -3.95799224e+00  1.58031469e+00  4.36308133e+00
  -4.18521772e+00  4.66208827e+00]
 [ 4.50476748e+00  1.23407320e+00 -3.12390900e+00  3.45942117e+00
  -4.54804029e+00  6.13668168e-01]
 [-4.50875172e+00  4.85433299e+00  2.96729713e-01  2.51135537e+00
  -3.86610856e+00 -4.20588791e-01]
 [ 2.90868410e+00  4.17941231e+00 -2.65194935e-01  1.39676050e+00
   1.92369092e+00 -4.69989817e+00]
 [-1.59812544e+00  1.01903467e-01  9.39145602e-01 -3.83847938e-01
   3.98414568e+00  3.20006470e+00]
 [ 2.14936619e+00  1.19268042e+00  2.04579081e+00  3.65129494e+00
  -1.83267771e+00  3.07953300e+00]
 [ 1.03428280e+00  4.75039793e+00 -4.57379130e+00  3.40225516e+00
  -1.96859428e+00  2.94142062e-01]
 [-6.72256517e-01  4.64486165e+00 -3.35974110e+00 -1.80746508e+00
   4.58578559e+00  4.76509740e+00]
 [ 3.63872947e+00  2.71853706e+00  3.07242042e+00 -2.67560644e+00
   4.70320070e+00 -4.74375182e+00]
 [-3.68374906e-01 -3.87242569e+00  4.62142608e-01 -1.49625511e-01
  -3.97923060e+00 -5.98583057e-01]
 [ 4.76463075e+00 -2.26238431e+00  2.42610005e+00 -1.68503043e+00
   4.21841545e-01 -3.00884167e+00]
 [-4.86766978e-01  1.59767351e+00 -9.61340179e-01  3.10532540e+00
  -4.59420780e+00  4.29604410e+00]
 [ 9.43188187e-01  2.37823384e+00 -2.33584851e+00 -8.67751179e-01
  -3.79624285e+00  4.10568401e+00]
 [-2.54414155e+00  2.41898920e+00  7.61425196e-01  4.11227090e+00
   4.96332993e-02 -4.95789434e+00]
 [ 4.68841951e-01  2.08214005e+00  4.01608656e+00  4.23936277e+00
  -8.55611427e-01 -4.70707733e+00]
 [-2.67961148e+00 -3.55482878e+00  1.51709849e+00  2.44198018e+00
   1.35689590e+00  2.16708997e+00]
 [ 5.51143134e-01 -1.29640266e+00  4.58303708e+00 -4.59907769e+00
   1.76910267e-01  2.65392144e+00]
 [-4.44779308e+00  3.40437987e+00 -2.74761843e+00  4.46094267e+00
   3.43354833e+00  3.79266115e+00]
 [-2.96078401e+00  1.79987422e+00 -2.36526356e+00 -4.53255237e+00
   3.85945064e+00 -2.09121322e+00]
 [-4.94291220e-02 -4.40051599e+00  1.07877434e+00  4.11062781e-01
  -5.07988928e-01  3.90735716e-01]
 [-2.33981280e+00 -5.95365220e-01  1.62590358e+00 -4.11839226e+00
   3.24624751e+00  1.39802344e+00]
 [-6.34109297e-01 -9.91338090e-02 -3.83196187e+00  1.82436109e+00
  -1.21875657e+00 -1.74702245e+00]
 [ 3.42874472e+00  2.76121761e+00 -6.39096359e-02  4.00701087e+00
  -3.14805955e+00 -3.61275330e+00]
 [ 1.40813844e-01  4.33585312e+00  3.31706229e+00  3.96591421e+00
   2.27278981e-01 -1.02667215e+00]
 [ 4.42972103e+00 -3.24473050e+00  4.95494180e+00 -2.72401437e+00
  -4.70428990e+00  4.15427477e+00]
 [ 1.54398879e+00 -3.91843842e+00 -9.75566256e-01 -3.28327387e+00
   5.04222526e-01 -1.20068425e+00]
 [ 4.08169395e+00 -3.24313442e+00 -1.10169511e+00  2.21973069e+00
  -5.89352914e-02  8.07938646e-01]
 [-2.07294097e+00  1.16535376e+00 -4.46012685e+00  1.45578233e+00
  -2.61679923e+00  3.39694385e+00]
 [ 3.86388681e+00  4.76457473e+00  2.41645620e+00 -1.98480039e+00
   3.22472249e+00 -4.62489552e+00]
 [-4.83466563e+00 -2.58628147e+00 -4.50337420e+00  4.93916389e-01
  -3.16288860e+00 -1.70723802e+00]
 [-5.56799559e-01  3.74535032e+00  2.13378191e+00 -1.63496096e+00
   3.62734301e+00  3.79885197e+00]
 [-2.54730886e+00 -2.28556334e+00  9.11050874e-01 -3.36304592e+00
  -2.62605470e+00  1.18959123e+00]
 [ 3.60587271e+00 -4.96360958e+00  2.70200268e+00 -2.41511113e+00
  -2.50738286e-01 -2.71968804e+00]
 [-9.44410487e-01  4.46944888e+00 -6.26518610e-02 -1.90620223e+00
  -2.84787671e-01 -3.24960976e-02]
 [-9.52959494e-01 -3.77238766e-01 -3.45002099e+00 -4.32790304e+00
  -2.70917736e+00 -4.11671932e+00]
 [ 2.40310740e-02  4.53525466e+00  4.83150577e+00 -9.84223777e-01
   2.06717757e+00  1.06710451e+00]
 [ 1.54960876e+00 -2.34016695e+00  4.25620973e+00  3.96950545e+00
   1.40820962e+00  4.51277392e+00]
 [-2.71091444e-01 -3.95115507e+00  4.26873050e+00  6.52217436e-01
  -2.01099013e+00  2.00895670e+00]
 [ 1.94169397e-01  3.93192502e+00 -3.70778420e+00  1.18219684e+00
   3.97611046e+00  3.49380895e+00]
 [ 5.15550316e-01  1.64332414e+00  4.27671923e+00 -4.58686800e+00
   4.54865945e-01  3.62449885e+00]
 [-4.50223843e+00 -4.55505432e+00  2.75714673e-01  3.52138310e+00
  -1.62796585e+00  4.34812347e+00]
 [-4.83201525e+00 -1.87826223e+00  1.53421175e+00 -2.15159319e+00
   1.62815829e+00 -5.81523283e-01]
 [ 2.03998530e+00  2.89255765e+00  8.45408018e-02  3.08758648e+00
   3.38020771e+00 -2.53629341e+00]
 [-6.38300738e-01  4.06154402e+00  4.91398083e+00 -1.32242105e+00
  -1.34132312e+00  1.75688790e+00]
 [-2.22857830e+00 -3.33375666e+00  2.25442727e+00  3.52728586e+00
  -1.82783754e+00 -9.23877129e-01]
 [ 2.95524493e+00  9.48486770e-01  3.95988415e+00  1.41554459e+00
  -1.91729472e-02 -3.55616583e+00]
 [-3.89316321e+00 -1.20786863e+00 -4.11491368e+00  2.57913781e+00
   2.41325715e+00  4.45514115e-01]
 [ 3.21860605e+00 -5.18877913e-02 -1.34122807e+00 -2.51118992e-01
  -3.25790194e+00 -4.20281567e+00]
 [-1.27819816e+00 -9.41962551e-01 -2.59967718e+00 -4.11150556e+00
  -4.01204578e+00  4.10697202e-01]
 [-1.31212369e-01  3.70062080e+00  4.30281967e+00 -2.81329400e+00
  -4.25452699e+00  4.80759156e+00]
 [ 4.06068261e+00 -3.26912140e+00  4.10496436e+00  2.38069882e+00
  -8.16848236e-01  2.14305244e+00]
 [-2.03366225e+00 -4.12941951e-01 -2.11936704e+00 -4.62842111e+00
  -3.41023350e+00  3.94027144e+00]
 [-1.05030373e+00 -1.81385041e+00 -3.71483756e+00 -3.72351308e-01
   2.92098595e+00  4.42657523e+00]
 [-8.41903899e-01  4.77220584e+00  5.50446645e-01 -2.43855462e+00
   2.02783420e+00  3.08170929e+00]
 [ 2.29615697e+00 -7.33489862e-01  3.53355617e+00 -2.98246369e+00
   2.44955059e-01  1.52682758e+00]
 [ 3.50209974e+00 -8.02138842e-01 -1.57601605e+00  1.47835173e+00
  -6.31323238e-01  2.69760367e+00]
 [ 6.16479339e-01  2.65938724e+00 -1.13051184e-02 -1.11449352e+00
  -4.31437195e+00 -2.78185433e+00]
 [ 4.14708325e+00 -7.91900309e-01 -2.02696707e+00  2.26929007e+00
  -1.80896401e-02  1.00054451e+00]
 [ 4.61679036e+00 -2.46926169e-01  4.78285080e+00 -1.90431966e-03
   4.82842865e+00  1.05996395e+00]
 [ 6.28774578e-01  4.63040374e+00  1.70387328e+00  4.71817635e+00
  -4.36834700e+00 -2.44615449e-01]
 [ 1.02500688e+00 -3.81551582e-01 -2.06626940e+00  4.78899105e-01
  -4.29973875e+00  4.46460100e+00]
 [ 3.71519547e+00  1.87918087e+00 -2.92175987e-01  4.59498509e+00
  -7.88401382e-01  1.26577689e+00]
 [-4.84408689e+00  1.64583483e+00  2.26687438e+00 -4.30601399e+00
  -9.65027581e-01  4.48127924e-01]
 [ 1.71013342e+00  4.25140536e+00  3.25749250e+00 -1.01778751e-01
  -1.47907198e+00  1.85170056e+00]
 [-1.28561160e+00  4.38693382e-01 -2.11004192e+00 -2.04562816e-01
   2.45409617e+00  4.68292314e+00]
 [ 4.87766802e+00 -3.87731519e+00 -1.18259137e+00  3.60716882e+00
  -4.17408285e+00  7.35707596e-01]
 [ 7.80165157e-01 -2.69053394e+00  3.72232290e+00 -2.94629116e+00
  -2.06518303e+00 -4.25852739e+00]
 [ 1.37757593e+00 -1.58364583e+00 -4.39464228e+00 -1.92895603e+00
  -6.70067932e-01  1.85933060e-01]
 [ 4.34697441e+00  4.03278917e+00 -4.61849603e+00  1.47848846e-01
  -2.86712246e+00  6.83459835e-01]
 [ 8.59236466e-01 -4.95396613e+00  4.96527355e+00 -3.81308415e+00
   3.95621486e+00 -8.18350377e-01]
 [ 1.48381018e-01  1.45599070e+00 -1.12484561e+00 -4.66375783e+00
  -3.96652827e+00  3.37033729e+00]
 [-4.54930753e+00 -1.33021034e+00  4.53661396e+00 -4.41586190e+00
   6.39090436e-01  1.26530173e+00]
 [-3.83110903e+00  5.10995885e-01  2.55261576e+00 -2.83252710e+00
  -3.30976221e+00 -3.57207532e-01]
 [-4.69575117e+00 -3.82830939e-01  3.92344312e+00 -3.63555741e+00
   3.97433919e+00 -1.68233032e+00]
 [-4.02195146e-01  4.24349952e+00  2.77531262e+00 -4.45731426e+00
   1.40103337e+00  3.18318507e+00]
 [ 3.23043450e+00 -4.22080644e+00  4.01796666e-01 -8.16804365e-01
  -3.93144687e+00 -4.69799251e+00]
 [-4.58550634e+00 -2.30041017e+00  2.10541159e-02 -4.76169590e+00
  -1.02774444e+00 -3.12457079e+00]
 [-2.87389312e+00  2.33575483e+00 -3.07562767e+00 -2.11349316e+00
  -3.78062073e+00 -1.72861566e+00]
 [-2.09513551e+00  1.84411790e+00 -6.82330043e-01  4.73591167e+00
  -2.17116875e+00  4.71394589e-01]
 [-9.02095231e-01 -4.05791714e+00  6.95897289e-02 -4.89907540e+00
  -1.54585546e+00  9.09957217e-01]
 [ 3.84850441e+00  3.22827419e+00  3.52141973e+00 -2.07422349e+00
   4.16009636e+00 -3.39115077e-01]
 [-1.17360206e+00  4.39305381e+00  4.25766477e+00 -3.76299779e+00
   3.27589985e+00 -1.01684031e+00]]
