[[-37582.78677509]
 [  7524.48003846]
 [-27949.2717348 ]
 [-22370.02007689]
 [ -7571.89648296]
 [-10015.70476007]
 [-23089.0676475 ]
 [ 84288.62190664]
 [-17983.47150192]
 [ 10949.46016059]
 [-16491.76739342]
 [-13941.58992075]
 [  6962.70642845]
 [-24615.78262356]
 [-38421.33712696]
 [ 15154.93829007]
 [-40118.41132512]
 [-24070.15115182]
 [ 34436.0317104 ]
 [-28592.91979511]
 [ 36309.95717584]
 [  7371.73321014]
 [ 83846.9624487 ]
 [  8459.13380249]
 [ 27377.41166066]
 [-31757.69065805]
 [ 25779.40232288]
 [-10726.39962716]
 [ 26525.34220595]
 [  4341.52348496]
 [-28286.48574707]
 [ 56915.33062923]
 [ 16775.28171968]
 [-13514.83859302]
 [  6892.29467319]
 [ -5034.56987617]
 [ 18787.69400194]
 [  4779.11924909]
 [-21202.35824917]
 [-33588.02172121]
 [-30971.52036802]
 [ 12497.06682179]
 [ 29046.80617158]
 [-29567.46091063]
 [-13405.55678165]
 [ 25847.78273535]
 [ 40372.93200039]]
