[[-0.18927667  3.77206478 -3.05065237 -4.18897266 -1.99846993 -0.37291364]
 [ 2.77315374  0.19108253 -2.92325767 -3.07841385  4.15934737  2.94312598]
 [-0.07328283 -4.07322675  3.45032924  1.15563437 -2.14666185 -0.81750175]
 [ 1.75819509 -0.51763067  2.09839494  4.23502252  1.97573282 -2.33819952]
 [-1.96416095 -3.61144129  2.71480094 -0.47535778 -4.34055104 -1.64697105]
 [-3.54366323 -4.47285861  1.05703477  2.37650955 -2.04043645  4.61335316]
 [-0.74174231 -4.77365171  4.31688617 -1.18728604  0.37836735 -4.40292636]
 [-2.09454298 -4.62131572 -3.85018778 -2.60622508 -2.04565694 -1.7075255 ]
 [ 1.72210585 -3.05754813 -4.6629268  -4.39250111 -2.24044432  2.79751541]
 [-1.46846126 -4.12888809 -2.88529794  0.49448798 -3.46342642 -1.24772168]
 [ 1.03696338 -3.26008296  3.41170885 -0.95279461  1.35362251  1.04110111]
 [ 4.39619708  3.02593508  0.88945538  1.80050387 -1.92792182  4.7511192 ]
 [-3.7347529  -2.49483653  2.17887949 -2.45025118  4.45979125 -2.95971302]
 [ 1.73226191 -0.90402403  4.71837569 -4.51235807  2.52358559 -1.36975845]
 [ 4.05418458 -2.62845409  1.11564779 -0.71926878  0.83730795 -2.57863896]
 [ 3.25976097 -0.9509323  -1.98306419 -0.0152028  -4.29758115 -2.54855419]
 [ 4.41973445  1.96722203 -4.58117386 -4.02560127 -0.20832194  2.67343511]
 [ 1.39803793  2.9068478  -0.12551722  1.70313976  0.91085758  4.24200992]
 [ 2.54583464 -0.51087363  1.03699933 -4.74413325 -0.23653435 -4.60740439]
 [-2.52584165  1.4439233  -2.39862293  2.67090969 -2.91247367 -1.65419003]]
