[[-5.47704673e-01  3.81983372e-01 -4.36880660e+00  3.95466891e+00
   2.76859807e-01 -1.03584708e+00]
 [ 6.10293276e-01  1.66423821e+00  3.52292760e+00 -2.24332622e-02
  -1.34242086e+00 -5.12092811e-01]
 [ 4.58029987e+00 -3.74798881e+00  4.10925130e+00  3.89477923e+00
  -4.53487162e+00 -3.50923928e+00]
 [ 1.76612235e-01  4.43976386e+00 -3.11927170e+00  4.33614216e+00
   2.40380635e+00  4.33888942e+00]
 [-3.75175768e+00 -4.89924645e+00 -2.62887348e+00  3.06225993e+00
  -8.10587556e-01  4.31831114e+00]
 [-4.58193520e+00  1.83468213e+00 -3.46701102e+00  2.18019819e+00
   2.59187082e+00 -7.99341694e-01]
 [ 4.58318349e+00  6.08424321e-01 -3.22763548e+00  2.23216310e+00
   3.49172978e+00  1.80438981e+00]
 [ 3.27524575e+00 -7.02175361e-01 -4.56811915e+00 -4.82574186e+00
  -5.91639827e-02  3.89739565e+00]
 [ 1.65253179e+00  2.94296381e+00 -1.76452284e+00 -3.89615713e+00
   1.95670490e-01 -1.50228032e+00]
 [ 4.19620107e-01 -1.34269133e+00  3.90563554e+00  4.61521332e+00
   3.52228255e+00  3.63066631e-01]
 [ 4.29469765e+00  1.82164880e+00  9.18494124e-01  2.78279493e-03
   3.12053925e+00  3.59856167e+00]
 [ 3.57174980e+00  1.92731293e+00  3.12416377e-01  1.13919307e+00
   2.83941673e+00 -4.22249631e+00]
 [-1.51434257e+00  3.91695539e+00 -4.96978826e+00  4.24718704e+00
   3.69139213e-01 -4.86468363e+00]
 [-4.01765426e+00  6.93849488e-02 -3.26240257e+00  4.05353517e+00
  -3.33580597e+00 -1.25056898e-01]
 [ 1.38687654e+00 -3.52463759e+00 -3.70795944e+00  2.74468871e+00
  -3.78880919e+00 -4.72380909e+00]
 [-3.74685940e+00 -4.90006832e+00  3.15844099e+00  2.51688360e+00
  -4.00194650e+00  2.62633705e+00]
 [-3.67582771e+00  3.74312745e+00  1.53667685e+00  2.47121471e+00
  -6.29644462e-03 -6.75657445e-01]
 [ 1.83060461e+00 -4.08321547e+00  1.89366489e+00  4.08713072e+00
  -8.98647200e-01 -1.15143336e-01]
 [-4.73358782e+00  4.75821344e+00  2.86766658e+00 -4.35675169e+00
  -3.97109924e+00 -3.07964724e+00]
 [ 2.41943877e+00 -1.63690256e+00 -6.13455863e-01 -3.07276666e+00
   2.41048647e+00 -3.81085290e+00]
 [ 4.39710115e+00 -4.77646944e+00 -3.65208114e+00 -1.34374160e+00
   4.53598643e+00  4.05624983e+00]
 [ 2.76508805e+00 -2.45607448e+00  3.05436789e+00 -3.37020023e+00
  -2.51331664e+00 -2.60580816e-01]
 [ 7.17539961e-01  3.37611158e+00 -1.04257854e+00  2.98768969e+00
  -4.82047319e+00 -8.17705353e-01]
 [-1.10587008e+00  2.27153805e+00  2.06207633e+00 -3.10839874e-01
  -4.77729638e+00 -1.27490466e+00]
 [-3.80617036e+00 -2.19207484e+00 -9.84446640e-02 -1.36399705e+00
  -3.51213661e+00 -3.35337845e+00]
 [ 4.12575677e+00  4.89831241e+00  2.10183478e+00 -3.22601540e+00
   4.58919389e+00 -9.21884635e-01]
 [-9.08747011e-01  4.17176885e+00  7.00598684e-01 -1.18278524e+00
   1.73329106e+00 -4.06364760e-01]
 [ 3.96672925e+00  1.86089766e+00 -7.15048331e-01  3.17414258e+00
  -3.19863277e+00 -2.78997096e+00]
 [-7.81990810e-01 -2.11040477e-01  2.88566112e+00  2.62075656e-01
   9.52793633e-01  4.25564477e+00]
 [-1.73115030e+00 -2.51782434e-01  1.14819551e+00 -2.35795730e+00
  -6.10120632e-01  3.04021612e+00]
 [ 1.30072089e+00  5.75436525e-01 -1.71400840e+00 -2.37310515e+00
  -3.60166218e-02 -3.47380538e+00]
 [-5.44180231e-01 -4.73439653e+00 -4.96618830e+00  1.38377925e+00
  -4.31493794e-01 -2.76951725e+00]
 [-3.23023081e+00  1.12095415e+00  4.52500159e+00 -8.18552921e-01
   1.24090500e+00 -3.90572206e+00]
 [-4.07693075e+00  3.39516467e+00  2.69265420e+00 -1.26670773e+00
   9.51182963e-01 -1.22806173e+00]
 [ 2.90447810e+00  3.21742744e+00 -2.12067249e+00 -1.01801880e+00
  -6.17199726e-01 -1.44543740e+00]
 [-5.82646277e-02 -2.14632525e+00  3.04050669e+00 -7.01127162e-01
  -2.66966324e+00 -4.62853803e+00]
 [ 4.58322752e+00  4.60451992e+00  1.33124937e+00 -2.95472607e+00
  -3.70063397e+00  1.07203669e+00]
 [-3.59158395e+00  2.58889859e+00 -4.20509905e+00 -1.38890411e+00
  -6.47808305e-01 -2.08245932e+00]
 [-1.59817403e+00  7.53991501e-01  4.07528312e+00  7.80857818e-01
   3.74133444e+00 -1.79901680e-01]
 [-5.48865808e-01 -1.58768692e-02  4.96256679e+00  4.91693027e+00
  -1.11929722e+00  1.27318725e-01]
 [-4.48346315e+00  3.51945980e+00 -1.74561501e+00  2.62930564e+00
   3.16320876e+00  2.33779948e+00]
 [ 2.29234448e+00 -1.37408748e+00  8.22699087e-01 -2.32239722e+00
  -3.65514075e-01  6.92853638e-01]
 [-4.99244645e+00  1.88221328e+00 -2.73851581e+00 -3.82019989e+00
   3.41584583e+00 -3.17912110e+00]
 [ 4.35695528e+00 -8.73315225e-01 -4.59146124e+00 -1.18630166e+00
  -3.02377301e+00 -2.43001094e+00]
 [ 2.42328831e+00 -4.28057702e+00 -3.21574812e+00 -7.39042440e-01
  -3.05723729e+00 -1.03302764e+00]
 [ 1.94498387e+00 -3.84876290e+00  3.67694551e+00 -1.45281835e-01
  -7.35783589e-01  2.92662831e+00]
 [ 4.60930621e+00 -3.49704454e-01  3.19410997e+00  4.71886647e+00
  -4.81817568e+00 -7.20303867e-01]
 [ 3.32030193e+00 -1.13703839e+00 -1.82545276e+00 -1.74828588e+00
  -1.21101445e-01 -2.16188052e-02]
 [-1.02179496e+00 -4.62443342e+00 -3.26922307e+00  1.58101540e+00
  -4.54827668e+00 -3.81700636e+00]
 [ 2.08140536e+00 -3.58269293e+00  3.02639269e+00  6.51636596e-01
   1.52057648e+00 -4.82410472e+00]
 [-4.63418534e+00 -3.88639397e+00 -2.63488758e+00  2.73823646e+00
  -2.09335102e+00 -1.75723423e+00]
 [ 2.58827028e+00  2.77121600e+00 -1.74991055e+00  4.76622586e+00
   4.83120285e+00 -1.73351822e+00]
 [-2.08427740e+00  6.66087331e-01 -4.54976981e+00 -3.79566565e+00
  -5.46937615e-01  3.53546595e+00]
 [ 3.57816633e+00 -1.75502646e+00  4.72204952e+00 -3.36140436e+00
  -3.89717676e-01 -1.03734543e+00]
 [ 4.99279742e+00 -4.49464530e+00  3.09367495e-01  2.84589120e+00
   1.71324271e+00 -2.36650925e+00]
 [ 4.32225005e+00 -4.76160111e+00  4.86165691e-01 -2.41813387e+00
  -2.94334980e-01 -6.45398032e-01]
 [ 3.54053112e+00  3.07141262e+00 -4.98979276e+00  1.47021454e+00
  -3.81380458e+00  3.99515935e+00]
 [-1.64283678e+00  1.76398273e+00 -3.06400943e+00 -2.25454426e+00
  -1.03286998e+00  1.15812016e+00]
 [ 9.06945090e-01 -7.94968997e-01  1.73242563e+00  2.51627511e-01
   6.77993845e-01 -2.39245773e+00]
 [-1.64812558e+00  4.93882551e+00 -3.68913210e+00 -4.36340607e+00
  -3.43844661e+00  2.37107363e+00]
 [-1.23115245e+00  2.07663853e+00  1.21567178e+00 -4.09860745e+00
  -3.06394713e+00 -1.94991648e+00]
 [-3.16557994e+00 -4.13899071e+00 -9.62923928e-01  8.48288246e-01
   1.50933166e+00 -2.78272258e-01]
 [ 3.77935530e+00  3.91249962e+00  4.44444401e+00 -3.02921650e+00
   1.56687411e-01 -7.38799702e-01]
 [-5.81023573e-01 -3.94472864e-01  2.61001636e+00 -1.18444708e+00
  -2.52481893e+00 -2.62933101e+00]
 [-4.13995632e+00 -2.15815046e-02  2.92904650e+00 -4.80500625e+00
  -2.07898204e+00  1.14315585e+00]
 [ 3.10393380e+00  2.22487387e+00 -4.32735010e+00 -1.46464936e+00
  -2.67455799e+00 -2.25898485e+00]
 [-4.69655726e+00 -3.77172569e+00 -2.02689193e+00  3.85791008e+00
   3.73779566e+00  1.04557216e+00]
 [-5.37360157e-01 -2.48588735e+00  3.52668057e+00 -2.73558582e+00
   1.45083280e+00 -1.64306818e+00]
 [-2.74750226e+00  4.72018046e+00 -3.68050652e+00  1.58544446e+00
   2.72588665e+00  4.35955183e-01]
 [ 3.81755167e+00  1.82477185e+00  2.99153701e+00  6.77892762e-01
   1.52774372e+00  3.92533212e+00]
 [-4.64235126e+00  4.65981201e+00  1.20148895e+00 -4.85845712e+00
  -4.94856124e+00 -4.06854678e+00]
 [ 1.07790972e+00  1.47165956e+00  5.96479078e-01 -2.29122197e+00
  -3.80278695e+00  3.49445384e-01]
 [-4.22884540e+00  4.11243406e+00  4.17733306e+00 -8.24181786e-01
  -3.48911781e+00  8.84120026e-01]
 [ 1.57778596e+00  2.63124052e+00 -4.93902688e+00  4.09029037e+00
  -4.46123106e+00 -8.29922388e-01]
 [-2.24517674e+00  2.46250890e+00 -4.73425043e+00 -1.31348816e+00
  -4.99987479e+00  1.92503517e+00]
 [ 3.49647292e+00 -2.41852033e+00 -3.80248424e+00  3.62057992e+00
  -1.01194117e+00  4.47360869e+00]
 [-2.91213636e+00 -2.64896563e+00 -5.32441242e-02 -4.63843179e-01
   2.23977952e+00 -4.61402334e-01]
 [-2.80024701e+00  3.66275467e+00 -4.36682032e+00  2.51479232e+00
  -4.98771585e+00  4.23054635e+00]
 [-2.43060865e+00 -2.28673290e+00 -3.33512200e+00  6.91152933e-01
   4.47256342e+00  2.02274699e+00]
 [-2.05053500e+00  3.64860733e+00  4.29683539e+00  4.08790100e-01
  -1.16807329e+00 -2.87757505e+00]
 [-5.17764744e-01  3.85503339e+00 -4.23105045e+00  5.96644789e-01
   4.54136765e+00  1.24796835e+00]
 [ 3.19270169e+00 -3.93213315e+00  1.91930176e+00 -4.56734669e+00
   3.64799851e+00 -2.66278251e+00]
 [-3.30763415e+00  1.22066787e+00 -2.29652197e-01  1.01086104e+00
  -4.97159290e+00 -3.25802159e+00]
 [-4.45337059e+00  4.91499087e+00  4.28448931e+00  4.79869770e+00
  -3.48428066e+00  2.88392179e-01]
 [-2.72066011e+00  4.44959330e+00  1.61852138e+00 -3.56632882e+00
  -3.55773078e+00  3.69495859e+00]
 [-1.05765082e+00  4.05500501e+00  4.88930731e+00 -2.69516539e+00
  -3.26374166e+00 -3.42473202e-01]
 [-8.30726539e-01 -2.17126610e+00 -4.92106306e+00 -2.63159424e+00
  -4.32105875e+00  8.11565165e-01]
 [ 4.73670548e-01  2.06866969e+00  3.81305419e+00  1.81446913e+00
  -3.04809182e+00  4.27418859e+00]
 [-2.87212295e+00  2.72351269e-01 -4.83591591e+00  3.70044592e+00
   5.45941208e-03  2.48587196e+00]
 [-4.88274723e+00  2.20525248e+00 -3.62348146e+00  4.84906354e+00
  -1.74589388e-01 -3.40781910e-01]
 [-1.73714900e+00  3.17844189e+00  4.39867595e+00  8.08589315e-01
   9.95903724e-01  3.13632677e+00]
 [-3.47863839e+00 -3.51470530e+00  4.17401872e+00  1.74608193e-01
   2.56860322e-01 -4.14013431e+00]
 [-1.52623537e+00 -9.27869678e-01 -2.55192133e+00 -1.49947210e+00
   2.87229988e-01 -4.08268731e+00]
 [ 4.00185421e+00  3.47571355e+00 -9.62451381e-01 -9.95342352e-01
  -2.89777728e+00  3.49129390e+00]
 [-4.18069674e+00 -3.99320335e+00 -6.75788989e-01 -2.64514065e+00
   2.96715055e+00  1.76392391e+00]
 [-3.23550246e+00  4.00915312e+00 -4.06897412e+00 -2.93495849e+00
   4.27847914e+00 -2.58902295e+00]
 [-6.47817007e-01  4.09818016e+00 -3.70457396e+00  3.83385120e+00
  -4.35226408e+00  1.32262070e+00]
 [ 1.58435559e-01 -2.71793234e+00 -1.75473974e+00 -4.77753433e+00
   3.12387708e+00 -3.77479433e+00]
 [ 1.83222184e+00 -3.90371275e+00 -4.67082521e+00  1.21227216e+00
   1.76514392e+00 -1.10135873e+00]
 [ 1.69167202e+00  3.58610541e+00 -7.25078694e-01 -2.02430254e+00
   1.37366487e+00  6.59166112e-01]]
