[[-3.68561902e+00  1.45876861e+00  3.93009701e+00  3.45977265e+00
  -9.61164836e-01  3.75989939e+00]
 [ 2.47518770e+00  6.38560108e-01  3.94680689e+00 -4.93307150e+00
   5.60375989e-01  3.07594151e+00]
 [ 4.32584527e+00 -8.98003809e-01 -1.69662045e+00  2.64138424e+00
  -1.93159940e+00  2.54526996e+00]
 [-1.48291077e+00  3.83693945e+00  4.41859237e+00  3.95251353e+00
  -5.59108131e-01 -3.93655183e+00]
 [-4.68035164e+00  4.81777296e+00 -3.14118971e+00 -4.46360617e+00
  -7.36166539e-01 -2.05380652e+00]
 [ 1.05379176e-01 -2.28269944e+00 -3.66480288e+00 -4.70151432e+00
   4.60787336e+00  2.02439224e+00]
 [-9.01250879e-01 -2.64476507e+00  4.17771644e+00  2.25903982e+00
  -4.47357707e+00 -2.81261954e+00]
 [-3.81549429e+00  3.04935130e+00 -1.96222736e+00  1.96209596e+00
  -2.34494883e+00  4.56576611e+00]
 [-1.72852781e-01 -1.92849756e+00  4.45369832e+00 -2.62059349e+00
  -2.91800370e+00  4.32278475e+00]
 [ 3.43440957e+00  2.51664685e+00 -1.30262858e-01 -4.45506406e+00
   2.25026125e+00 -4.05818009e+00]
 [ 1.65628101e+00  4.01595222e+00  1.22095449e+00 -1.66495800e+00
   9.59527807e-01 -7.26403319e-01]
 [ 1.88191114e+00 -4.96051686e+00 -4.01747942e+00 -3.60876372e+00
  -1.70902222e+00 -1.20823562e+00]
 [-2.66762586e+00 -1.72372360e+00 -4.07722496e+00  2.54819293e-01
  -4.14411981e+00  6.21297640e-04]
 [-3.08875063e+00  7.73917568e-01  1.28874703e+00  3.16741671e+00
  -1.05376159e+00 -3.22585452e+00]
 [-2.29680550e+00  5.49231673e-01  9.62054644e-01  4.67885751e+00
  -4.44997348e+00  3.12721858e+00]
 [-4.47308211e+00 -2.85778608e+00  4.96011675e+00 -3.37024566e+00
   3.25321598e-01 -3.00040359e+00]
 [-2.24930299e+00 -2.96024665e+00  2.61825247e+00  2.33648912e+00
   4.57849174e+00 -4.07208820e-02]
 [-3.57639306e-01  3.46886962e-01 -4.92513650e+00 -1.97295277e+00
  -2.24837695e+00 -4.29287030e+00]
 [ 4.14351122e+00 -3.84486860e+00  7.95835666e-01  1.94319305e+00
  -1.98290970e+00 -3.45527577e+00]
 [-2.75152527e+00  4.50586141e+00  1.69591800e+00 -4.73836662e+00
  -8.04881092e-01 -1.70986544e+00]
 [-3.73657880e+00 -3.36734504e+00  1.02871299e+00 -4.86628107e-01
   6.39853294e-01 -1.12278903e+00]
 [ 4.71807399e+00 -2.45088371e+00  3.17390331e+00 -3.07944167e+00
   4.30593715e-01 -1.63783741e+00]
 [ 2.18208009e+00  2.03410991e+00  6.59114831e-01  1.38287636e+00
   3.54234511e-01  2.28038610e+00]
 [ 4.55054227e+00 -2.36621976e+00 -4.88747320e+00  1.84802392e+00
  -5.62181596e-02  8.21571529e-01]
 [ 2.89393085e+00 -4.80887958e+00  2.44702247e+00  3.47939196e+00
   3.97153975e+00  3.99586864e+00]
 [ 4.90244855e+00  3.03991633e-01  3.81594705e-01  1.04551307e+00
  -6.52394732e-01  2.92737683e+00]
 [ 1.61209222e+00  3.92041441e+00 -2.11459732e+00  1.78680567e+00
   3.63113203e+00 -4.54561382e+00]
 [-1.78329216e-01  8.89998166e-02 -3.54308283e+00 -4.72129509e+00
  -1.37916669e-01 -2.68251871e+00]
 [ 9.54648518e-01 -1.81128681e+00  2.71313110e+00  3.61346654e+00
   2.31838595e+00  4.50612193e+00]
 [-1.39622266e+00 -4.83140638e+00  1.84294949e+00 -1.31984316e+00
  -4.21129265e-01 -3.40118001e+00]
 [-4.86060087e+00 -4.51019752e+00  1.48354961e-01 -3.75226338e+00
   2.47330290e+00  4.72522412e+00]
 [ 1.60982015e+00 -4.96245316e+00 -5.15154252e-01  4.30681960e+00
   3.85133060e+00 -4.00470890e+00]
 [ 3.01988456e+00 -3.51806943e+00 -1.88636514e-01 -1.27345411e+00
   3.27572834e+00 -3.21135746e+00]
 [-2.14698978e+00 -4.53448612e-01  3.68803132e+00  2.57142165e+00
   1.40522187e+00  4.30006434e+00]
 [ 3.14015739e+00  4.95187587e+00 -2.70984534e+00 -3.02805574e+00
  -3.92718492e+00 -2.14676591e+00]
 [ 2.05039916e+00 -2.92293424e+00  4.53130562e+00  5.77400568e-02
   4.03948579e+00  2.44924375e+00]
 [-1.12303177e+00 -2.05090548e+00  1.51523473e+00 -7.75683829e-01
   1.99566181e-01  3.09781187e+00]
 [ 4.13952344e+00  3.78224910e+00 -1.62078377e+00  5.27547569e-01
   2.11461480e+00 -2.02107781e+00]
 [ 4.74864355e+00  4.95995520e-01 -3.27478586e+00 -3.06032543e+00
   3.60960161e+00 -1.24700569e+00]
 [ 3.25590020e+00  2.00283332e+00  2.11007194e+00 -4.51514590e+00
  -3.95484735e+00  2.25240373e+00]
 [ 8.24580132e-01  2.07700871e+00 -8.04680257e-02  2.59276828e+00
  -3.37747977e+00 -4.88081341e-01]
 [-4.43136033e+00  4.61766043e-01  4.88901495e+00 -4.55797823e-01
   3.71573257e+00  2.34799033e+00]
 [ 3.55814449e+00 -3.86700382e+00  2.96464411e-01 -4.38110613e+00
  -1.34737980e+00 -2.19417258e+00]
 [-4.23602820e+00  1.34223007e+00 -3.11661956e+00 -3.18058053e+00
   1.56414463e+00  1.67129919e+00]
 [ 4.85734573e+00 -4.59315715e+00 -4.39871056e+00  4.74343250e+00
  -1.26566821e+00 -8.03214328e-01]
 [ 2.90117548e+00 -4.66479089e+00 -2.55639546e+00  1.83904862e+00
  -3.90206321e+00  4.98183978e-01]
 [-4.86853980e+00  3.78374668e+00  1.57553132e+00 -4.90017070e+00
  -1.79295167e+00 -3.55949255e+00]
 [ 3.42230004e+00 -1.11191293e+00  4.55234570e+00  4.21847319e+00
  -1.94354354e+00 -2.47164929e+00]
 [-4.86043998e+00  4.52686914e+00 -7.07895251e-01  2.50278089e+00
  -4.77335894e+00  2.20953377e+00]
 [ 4.18221112e+00 -3.73120898e+00  1.37675753e+00 -4.12338245e+00
   1.20260299e+00 -7.16789130e-01]
 [ 3.85803813e+00  5.33163637e-01 -1.84796534e+00 -2.63713914e+00
  -1.17690281e+00  3.88734341e+00]
 [-2.55285181e+00  6.33523853e-01  2.84717563e+00 -4.07532942e+00
   4.51689272e-01 -4.69661391e+00]
 [ 4.42572917e+00 -1.80229481e+00 -4.11070499e-01  2.22448589e+00
  -3.14089281e+00  3.53254374e+00]
 [-2.28843503e+00  2.13822852e+00  3.27938081e+00  4.50804584e+00
  -1.56383328e+00  1.37178761e+00]
 [ 1.20472277e+00 -3.12521518e+00  5.76794901e-01  4.47461933e+00
   2.99337092e+00  3.37343816e+00]
 [-1.24163264e+00 -1.72241582e+00 -1.19539657e+00  1.03844565e+00
  -2.10345918e+00  3.94354320e+00]
 [ 2.76888763e+00  2.54284357e-01  4.18061098e+00 -3.95823426e+00
   4.12466436e+00 -2.99021667e+00]
 [ 3.65936227e+00 -6.98874209e-01  2.09024211e+00 -1.58571753e-01
  -2.28963109e+00 -2.49078977e-01]
 [ 9.67013192e-01 -1.60953681e+00 -4.55897568e-01  3.76310564e+00
  -1.62544183e+00  3.23921308e+00]
 [ 8.08922795e-01  3.41288735e+00 -4.23923945e+00 -1.46474118e+00
  -2.68698750e+00 -3.71963737e+00]
 [ 4.87908017e+00  3.57416673e+00  2.56130354e+00 -9.73562559e-01
  -4.71915715e+00  3.80748508e+00]
 [-3.67407890e+00 -1.69727992e+00 -1.10453123e+00  3.36569927e+00
   5.22729909e-01 -1.36080500e+00]
 [-4.87028816e+00  4.96258144e+00 -4.89982953e+00  1.81076689e-01
   1.59489959e+00 -2.73071275e+00]
 [ 4.09387021e+00 -4.64643961e+00 -4.58819104e+00 -1.65478102e+00
   6.92736769e-01 -4.40528851e-01]
 [-4.35574215e+00  2.62127417e+00 -3.40365529e+00 -1.93496067e+00
  -3.10830795e+00 -2.35402860e+00]
 [ 1.25357697e+00 -3.12117854e+00 -4.09236095e+00 -2.33420842e-02
   1.37226449e+00 -7.88941435e-01]
 [ 1.80028660e+00 -4.46446908e+00 -4.07845792e+00  9.82455081e-01
  -2.48386594e+00  1.14626203e+00]
 [ 3.70135560e+00  1.89926381e+00 -2.32666272e+00 -2.25769056e+00
  -2.84626314e+00 -1.44323223e+00]
 [ 3.82225950e+00 -4.37177570e+00  1.74684257e+00  2.32884276e+00
   2.80165131e+00  2.48653066e+00]
 [-4.54700419e-01  3.17615811e+00 -2.61124933e+00 -4.86537599e+00
   9.41617092e-01 -1.65320704e+00]
 [-7.53955151e-01 -2.65151714e+00  4.15637367e-01 -3.59078842e+00
   4.54524089e-01 -4.18504586e+00]
 [-4.13844314e+00  1.23050285e+00 -2.24562706e+00  3.06109463e+00
   2.41421332e+00 -2.19367871e+00]
 [-4.64314416e-01  5.87114410e-01  6.64527420e-01 -1.92310274e+00
   3.28487462e+00 -4.11949318e+00]
 [-2.02471576e+00 -4.85087814e-01  3.67019395e+00  1.23052042e+00
  -3.80413137e+00  4.62863804e+00]
 [-4.38236323e+00 -1.92727558e+00  1.10794987e+00 -1.99370903e+00
  -5.78703498e-01  1.00615958e-01]
 [ 3.14389135e+00 -3.55515181e+00 -9.82352687e-01 -2.02089537e+00
   2.44512195e+00  2.27024627e+00]
 [-3.21553320e+00  9.23697487e-01 -3.38823929e-01 -3.69957336e+00
   4.20710067e+00  2.56331988e+00]
 [-3.95372436e+00  3.00073149e+00  9.76686817e-01  2.98428543e+00
   3.38484710e+00  1.73305464e+00]
 [ 1.33330706e+00 -2.97992125e+00 -4.69283803e+00  2.49505875e+00
   4.61796213e-01 -1.10623192e+00]
 [-1.29988955e+00 -3.85174138e-01 -4.07679910e+00 -3.64373628e+00
  -3.53077487e+00  3.58003398e+00]
 [-3.98920979e+00 -7.53395504e-01  3.35940382e-01  5.10229764e-01
   4.07333195e+00 -3.65581073e+00]
 [-1.42467273e+00  2.35954614e+00  3.53834593e+00  3.11998727e+00
   4.56293561e+00 -1.02672339e+00]
 [-2.35107704e+00  3.23209756e+00 -2.25776325e+00 -1.78657991e+00
   4.32367626e+00  8.82899147e-01]
 [ 2.67123957e-02 -3.33856155e+00  6.93650266e-03  4.92702965e+00
   3.27503001e+00  1.10698968e+00]
 [-6.02068862e-02 -5.45184135e-01  3.26788235e+00 -3.50793959e+00
   3.25515917e+00  4.82479133e+00]
 [-1.42494378e+00  3.89226325e+00  4.60308706e+00 -1.86851130e+00
   1.65069615e+00 -4.65024333e+00]
 [-3.10675110e+00 -1.08114894e+00  2.39668595e+00  3.57869865e+00
  -4.38411095e+00 -3.00720764e+00]
 [ 3.93097984e+00 -1.87775075e+00 -3.62571170e+00 -2.91161801e+00
  -2.63597307e+00  3.56354537e+00]
 [ 1.68154584e+00 -3.58816293e+00  3.90674021e+00  2.90752717e-01
   1.89864771e+00  2.29888630e+00]
 [ 4.77819602e+00  3.95314018e+00 -3.41361131e+00 -2.83679261e-02
   4.50047801e+00  6.21272446e-01]
 [-2.26281777e+00  2.87914013e+00  3.71773917e+00 -2.59926188e+00
   2.97754640e+00  3.73831984e+00]
 [ 2.85791408e+00 -3.83576776e+00 -3.41781786e+00  4.13162766e+00
  -4.62526936e+00  1.85080727e+00]
 [ 6.87715013e-01 -4.36351158e+00  4.63750193e+00  2.59516177e+00
  -9.68964236e-01  1.25745294e+00]
 [ 2.67507608e+00 -4.94724311e+00 -4.63628949e+00  3.03293698e+00
  -3.92658255e+00 -2.54111714e+00]
 [-2.79384747e+00 -3.70225356e+00 -3.04007521e+00 -3.67271235e+00
   2.41975300e+00  2.85365215e+00]
 [-2.47166359e+00  1.76803558e+00  4.76294051e+00 -8.05895999e-01
  -4.31178596e+00  2.91968671e+00]
 [-2.54378958e+00 -4.94817386e+00  6.90202562e-01  4.91562479e+00
   2.12016686e+00  4.04033886e+00]
 [ 3.31895170e+00 -1.17817761e+00 -8.27918180e-01  1.70514937e+00
  -3.55593154e+00 -2.13002869e-01]
 [-4.30760899e+00 -5.86815710e-01  1.31965799e-01  1.83913688e+00
  -3.45257699e+00  8.52207322e-01]
 [-7.81255556e-01 -2.71865227e+00  4.53715114e+00 -3.98037380e+00
   1.26593899e+00 -4.10972485e+00]]
