[[-2.86963815  4.15634707 -2.87015961 -2.88558766  0.87098771  4.684548  ]
 [ 3.30318931 -1.88531278  0.37044479 -0.5399701  -4.74219035 -0.43939044]
 [ 3.49984938 -4.38476389  0.22856284  1.89715806  4.36019456 -4.63620386]
 [-3.88856439  1.69289697  3.64163676 -4.8778425  -3.22074184 -0.40887966]
 [-2.09426332  4.1741838  -0.39365638 -0.55437723 -2.04490086 -1.69787504]
 [ 3.16564567 -1.58937036  3.29991601 -0.23259516 -1.44077139  4.89422268]
 [ 4.66529348  4.16599172 -2.1114812   1.14668709  0.11485892  1.24028424]
 [ 1.47206214  0.30651797 -2.46018293  0.86972584 -3.30671941  3.71093436]
 [ 2.22226638 -3.76872434 -3.24777208  0.20638558  4.49794781  1.26802421]
 [ 2.82035738  1.49365704  2.24114849 -3.4989606   2.40567502  2.60872184]
 [-1.75176175 -0.44385967  2.27024088 -4.43298058  3.54710573 -0.78551632]
 [ 1.13697158  2.2559673  -3.00934831  1.89572181  1.23771921  3.96972068]
 [-3.01440439  2.74880898  2.8860171   0.70984336 -0.39524715 -0.78172571]
 [-2.38505351 -3.91974872  4.4950251  -3.77724126 -3.60822202  3.70031996]
 [ 2.69508022  4.02000761  3.58825299  4.18625264 -1.49033552 -3.9224493 ]
 [ 1.09992836  2.91870402 -4.89856964 -1.59817245  1.37230114  1.63853235]
 [-4.2385609  -1.74253144  1.84697103 -4.39507975  3.54196966 -0.73857976]
 [-1.36798038 -1.60526663  0.78693297  4.51600141 -0.63340327  1.71497912]
 [ 2.65916252  3.05090319 -2.65022451 -2.24608864  2.34127681 -3.00639625]
 [-3.99546246 -3.39507861 -4.07042039 -0.35565715 -1.02040196  2.23818233]
 [-0.08663208 -4.68151473  0.60864335  4.77592727 -4.84324181 -4.67530011]
 [ 4.02453813 -4.62231968 -3.5964534  -3.24266941  0.17640626  3.32185012]
 [-3.97024326  0.82836058  3.67829518 -2.47177845 -4.03665104 -3.20578859]
 [-0.57488825 -3.16358903  4.81778164 -1.17146593  2.2222651  -3.39242511]
 [ 1.22987745  3.76670105  3.3139395   1.67706347  0.16565908 -3.73583572]
 [ 2.38294782 -4.94500171  4.61993378 -4.64213634 -1.36247048 -2.0380873 ]
 [-0.38671696  2.73608322  4.64822396 -3.51642801  2.75271159 -1.92497829]
 [ 1.11318581  0.80408882 -0.48797499 -4.822823    0.73080614 -3.34454642]
 [ 0.40238319 -2.53464085  3.77777628  0.63513675 -2.26296988 -3.52949499]
 [-0.97015215  3.28650846 -4.62553218 -1.2712426  -3.36645628  1.92010463]
 [ 3.38916656  3.78756979 -2.02054222 -4.03247663 -3.45986065  0.32015946]
 [ 2.3218679   1.5931954   2.72849532 -3.86328175 -1.50390138 -1.56025874]
 [ 1.89205476  4.13407163  3.89077633 -1.11529193  4.01165478  0.48499839]
 [ 0.10343053  3.7314705   2.88349144 -0.23928286 -0.5502749   4.13618882]
 [-4.78812143  1.57730065  1.78319449 -3.78505135  2.20468199 -1.06493246]
 [ 2.95538107  1.18882275 -1.82457254  4.01819245 -4.952505   -4.58680622]
 [-2.71510085  4.51088609  1.47027205  1.670287    4.32596333 -3.42039773]
 [ 3.23615643  4.50996419  2.07654121 -1.02255403  2.93671149  0.21258728]
 [-3.53298806 -3.22218489  1.4488401   0.16173927 -0.19190568 -1.83548196]
 [ 0.35888994 -0.32715554 -2.587078   -4.26032597 -4.16053719 -1.14788074]
 [-0.81208274 -2.32563665 -3.18161687 -1.47327282  3.2801092   0.85601426]
 [-4.11851534 -4.34711694 -1.19298185 -0.42362226 -2.65986119  1.14456821]
 [-2.08541488  4.12155694 -3.88433271  4.01167914  4.57461093  0.03343868]
 [-3.39181379  1.29792742 -1.22025246  4.13161124  0.13307739 -3.17093279]
 [ 2.64537175 -0.3495249  -2.24631528 -0.73218664 -2.21296137  2.40699521]
 [-1.75313676 -4.44648283 -4.0796031   2.32197482  3.22710669  3.9682166 ]
 [-4.84211661 -0.83612283 -2.79445563 -0.6926613   4.12055024  4.31376314]
 [ 1.48866032 -2.19844308  4.13786091 -2.09772554  4.74146252  4.18525293]
 [ 1.15684779 -3.57399914 -1.69033612  3.17219026  0.26257672  0.11367571]
 [-4.49108614 -3.75439944 -2.58884723 -3.76543313 -4.47038242 -4.89818981]
 [ 1.14516807  0.03177837 -0.29411762  0.80286033 -3.03083293 -3.04480474]
 [ 4.77583844  4.34976001 -4.44391998  3.03991667 -2.41832618  4.1479686 ]
 [-3.23320808  3.39214346 -1.33469692  2.21698926 -1.27056139 -0.88296117]
 [ 4.46707164  3.20423971 -4.98546474  1.33697512 -2.91643084  3.06433002]
 [-2.29294145  0.78290175  2.1516592  -1.97808429  4.68959907  0.01888378]
 [-0.96865158 -0.3589382   4.08371216  1.62725263  1.19432221  0.73649599]
 [ 2.16924503  0.24813017  2.99392674  4.33300574  4.4649745   2.52284525]
 [-2.44000695  3.04601872  2.55506485  2.51799958  4.38085773 -2.07748491]
 [-3.99624434  1.58880986  3.52833448 -2.42864462 -3.90028081 -0.73508885]
 [-3.51634415  4.24980071 -2.18971929 -3.5325079  -0.58624904 -2.96733788]
 [ 0.87960041  1.10278634 -2.98687154 -0.36965454 -0.94563498 -1.20168357]
 [-4.75206929  0.19019369  2.65683697  0.70502905 -0.81529005 -3.20383607]
 [-1.04566886 -4.59873052  1.74154739  2.84665165  3.63262879 -1.88036719]
 [-2.45960147 -0.80400427 -2.04208318 -3.98664726 -3.05415289  3.07046883]
 [-1.89002307  0.59669334 -0.81780347 -3.87819955 -3.33237179 -2.61046439]
 [-4.46562783  1.17743842  2.5366532   4.79268646  1.15416684  3.74390586]
 [-4.33748281 -0.85455558  4.73541972 -1.85839531  2.73144701  3.84946202]
 [ 0.80525419 -2.8093703  -1.42027311 -1.71200642  3.07561092  3.92256373]
 [-3.50538184  2.29380911  3.73963448  3.83867747  2.32499763 -2.91353203]
 [-0.87422998 -3.80733467 -2.48824042 -3.72176159  2.51901636  2.45687639]
 [-2.72820444 -0.01559984  2.47960917 -1.19933349  2.96516029 -0.69001144]
 [ 0.10233973 -2.42867064  0.7109096  -4.28352777 -3.86955051 -3.81885815]
 [ 0.20834942  4.83077693 -2.25450697  3.09396537  3.66561534  0.91164836]
 [ 3.68358118 -1.17502767 -1.8696214   0.55237925  2.69523047  4.77436034]
 [ 2.31646295 -4.48853878  1.88573319 -1.84942364 -1.98038754 -4.21928004]
 [ 0.67906457  0.13218965 -2.53454116 -4.17374692 -0.54237553  3.91810342]
 [ 1.97770803 -2.36539199  1.32059513  0.43527101 -3.4430443  -0.9501187 ]
 [ 2.11325436  0.1060656  -3.07183984  4.56437211 -1.49361017 -4.41177901]
 [-4.0377767  -3.02699023 -1.655154   -1.02045238 -2.23546503 -2.48798795]
 [-1.56129776 -1.98801651  2.74143661  0.655029    4.63044982 -0.75593847]
 [ 2.16262335  1.88852807  0.0333302  -2.33681782  2.24507023  4.81570386]
 [-0.61398876 -0.16036252 -0.93691673  3.59009975  0.00718771 -0.21253613]
 [ 4.28729474 -3.43775023  4.47039498 -3.83712011  3.49605117  3.27832214]
 [ 0.93964461  3.72690625 -2.20736659 -0.53502998  4.42172808  0.98706726]
 [ 1.03840044 -1.20293122 -1.51165303 -1.92854583 -1.87948889 -1.65497605]
 [-4.9664268  -3.41837004 -4.83745706 -4.98270862  2.00311532 -2.89421741]
 [-3.84380754 -3.04515826 -2.34443559 -3.80391215 -3.87815186 -0.58207228]
 [ 4.47941257  0.73040644 -0.85099226  2.82021844  2.70258931  3.19853104]
 [ 2.59842109 -3.37298234 -0.05067454  4.61638078 -2.44282945 -4.25009764]
 [ 1.5901441   2.12438141 -1.8571552  -1.35734949  1.99515174 -1.2767453 ]
 [-3.16560912  4.79321982 -0.5190045   1.41054907  3.56667912  0.82229205]
 [-0.64118403  2.3501356  -2.01396105 -0.55518616  2.3956383  -2.28774711]
 [-3.12696542  1.88903002 -2.81719903 -2.31039157  3.5611845   1.49680519]
 [ 4.25130391 -2.97097236 -3.21872543 -3.11330338 -4.37492315 -3.98531541]
 [-4.78710233  0.66707796 -4.91107217 -2.26794832 -4.82212276 -4.43121691]
 [ 4.31321023  1.18652838 -4.20383948  2.74173709  0.16944539 -0.18019214]
 [ 3.57951611 -1.34665411  3.87163321  2.18438465 -3.21748316 -1.39584232]
 [ 1.12983775  0.36355043 -3.67358055  3.92628236  0.14235955 -4.57482962]
 [-3.12212934 -4.49132264 -1.93247744  3.71635411 -4.62609049 -1.04588435]
 [-4.53358746 -4.87037053  2.11261232 -4.39861623  2.09834526 -1.25456043]]
