[[-4.80866771  3.99218191  2.35837409  0.66553702 -3.45333782 -0.84777002]
 [-4.49348598 -1.16981909 -1.09262753  3.15637007 -4.32744671 -0.72681134]
 [-3.1187428  -1.81363499 -0.61987236 -3.32029367 -4.0819553  -3.91158618]
 [-4.93273839  1.59562721  1.54481568  3.46767487  0.16354058  3.42067652]
 [-0.38607589  4.57182217 -0.43268348 -1.01403404 -1.32143465 -4.98510668]
 [-2.27364846  3.68575353 -1.59287527 -1.41403641 -0.6338674   4.67588255]
 [-0.05972298  1.38695328 -1.20060641  4.11910332 -2.2555127   3.56483343]
 [-0.54516843  0.80052621 -4.673002   -3.1312008   2.66576043 -1.45651681]
 [-4.64444319 -0.12739129 -1.76962799 -0.27985168  0.47025909 -4.21320282]
 [-3.92153211 -0.51145469  4.16850155 -0.64216513 -3.08009647 -3.82361062]
 [ 2.23620636 -3.74366462 -1.81389094  2.71853193 -1.94635557  4.18545258]
 [ 1.26527975  4.92678561  2.47473326 -3.79872685 -3.37903976  0.01063889]
 [ 1.83493231  4.36041471  4.20947474 -2.15752256  3.79742099 -0.0314912 ]
 [-3.66326204  3.40498247 -3.70655372  2.91606872 -1.28065844 -0.42255788]
 [-1.92483868 -1.1116945  -4.38697668 -0.15055863 -2.78210606  2.5651358 ]
 [-3.4691011  -2.42750173  1.8717284  -1.5678736  -0.92704423  4.29197432]
 [ 3.42856747  0.47564779 -0.21463986 -2.07465552 -3.87276434 -2.10815528]
 [ 0.70885091 -3.89764102 -3.27509675 -1.26831367  4.39672555  2.16303409]
 [ 0.27984935  0.95935003  4.64461108 -4.35995781 -0.31188148 -3.00842486]
 [-2.56213775 -3.53978023  1.29282795  2.07392159  3.99762839  4.3963015 ]
 [ 1.98154456  2.14881952 -1.3224786   3.80996875 -3.72442008 -2.84695188]
 [-1.52373839  1.6806764   1.02334462  2.8662716   4.17203359 -1.91544017]
 [-3.0420522  -0.39212074 -3.07345246  3.64785243  3.09047926  1.87549616]
 [ 2.95849821  1.93125541 -3.45578748  0.14916258  3.58607518  2.04807375]
 [ 3.28147936 -3.14275982  2.05645512 -2.58631612  4.30701887 -2.33434547]
 [-3.82573484  1.09830495  0.5813404  -4.75180375  0.04246722 -0.56671853]
 [ 2.45138224 -4.48417718  2.62134947 -3.5247212  -2.91491797 -1.98438417]
 [ 3.79288016  4.70048481 -4.03905008  2.1694958  -1.03875533  0.19909066]
 [-1.77098708 -2.93429173  3.17555052  4.47285945 -2.36667018  2.81704998]
 [ 2.68753545 -0.81172962 -0.03987814 -4.34853955  1.25783929  3.81518344]
 [-0.95613318 -1.93591567 -0.64999678 -4.56927943 -4.46557675  1.55032761]
 [ 4.48380891  2.86018428  1.20320649  1.7610648   2.05727132 -3.30066187]
 [-1.98533921 -4.78297408 -2.06897734 -2.80263351  0.66694825 -1.38905473]
 [ 3.58839251  3.20563897  1.72243046 -0.66986632 -2.63492879  3.87456942]
 [ 2.83427234 -4.1256278   4.92361709 -1.73448209  0.63325507  2.9325182 ]
 [ 3.19546108 -4.53578751 -3.0003747  -2.31981534 -1.63547936  1.17511594]
 [-1.15104164 -2.78612936 -2.67288852  1.11937217  4.83463554 -4.14265877]
 [ 2.32281929  2.62422714 -4.99998155 -4.10755399 -1.82072181  1.42054202]
 [-4.17768599 -1.44860528 -4.02930834 -3.60018782  2.41512937  3.37252186]
 [-2.11517063 -3.68870507 -2.11152659  4.5880881  -0.11930402 -2.64166198]
 [ 0.03119908 -1.76996597 -4.77471492  0.41236342 -2.51481664 -3.43552285]
 [ 1.62159827  2.30925548 -4.3411219   2.54800626  2.56129005 -4.58730809]
 [ 0.98887046 -2.32682589  4.47907076  1.38604539  1.61296807 -4.40446409]
 [ 4.08457459 -0.20236541  3.73430188  3.95473417 -1.51842592 -1.1270071 ]
 [ 4.99901823  0.28583517 -2.76075708  0.80887403 -4.77109766  2.36738724]
 [-0.23371803  4.173052   -2.41889188  3.27617255  2.83368677  4.78009748]
 [-4.21348562 -3.32031355  3.32137288  0.3116084   2.15840367 -1.27075106]
 [ 4.61811344 -2.20044036 -2.50807869  1.21715271  1.36027038 -3.20363311]
 [-2.78212708  3.78663564 -3.85431839 -2.48735651 -3.67554385 -0.26288965]
 [ 4.72584651  0.10313885  2.96418132 -0.32441675  3.37359767  1.77044502]
 [-2.69839873  2.03013441  4.82279168 -0.9349527   0.83487036  0.86001025]
 [ 1.50245884 -4.21054731  0.08462424  2.32745924 -4.61011213 -1.68728531]
 [ 4.32683984  3.26210322 -0.87611283 -3.91126705  1.06161519 -2.542415  ]
 [-1.36112416 -2.59743771  3.61545947 -4.95123668  3.50461059  1.10948903]
 [ 0.54677544  1.27506328  3.4182198   1.48129197  3.0617447   4.84293848]
 [ 3.89428154 -1.47709179  0.93985733  4.86055289  1.86688895  3.13981936]
 [ 0.80992336 -0.71268404  3.90678212  0.57250773 -4.9763297   0.63205378]
 [-1.12184647  0.56225656  2.20496593  4.76476764 -0.76776649 -4.7281904 ]
 [-0.77493073  2.48817758  0.47583486 -3.0378461   4.64237894 -3.66684731]
 [ 1.36939573 -4.88381863  0.67321866  1.90787836  1.57869826  0.42605907]
 [-3.37059122  2.91422731  0.30771223 -1.78660895  4.89608148  2.71002598]
 [ 0.42206103  4.33130894  2.82564704  4.29859747 -0.39036367  0.7267197 ]]
