[[-1.82905149 -4.37103536 -2.43799208  1.91285253  2.08993709  0.7482818 ]
 [ 2.0899315   1.06240921  3.79611042  4.75143629 -4.43945698  0.36362083]
 [-3.28024104 -4.44508133 -3.6727196  -3.42465128 -0.93010784 -0.3260947 ]
 [-2.2256908  -1.65041109 -0.49235694  0.25587413 -2.99389708 -1.35435449]
 [ 4.01021204  2.3955982  -3.85908092  0.35631073  1.68468883 -4.00408249]
 [ 3.75462624 -2.03976165  1.97012641  4.73963258  4.3089033   0.6431363 ]
 [-4.34466102  3.59140095 -4.1489959  -1.85512199  2.42683894  1.72078698]
 [-0.29703319  1.46237365  0.80029632  1.89610395 -1.0261005   1.89979624]
 [ 3.25930471  1.4884031  -4.09778691 -4.63158419  0.9167004   4.74165002]
 [-4.93109845 -4.48216827 -3.61069496  0.55291603  1.24199526 -3.90435923]
 [ 4.39189337 -3.65500274 -4.93637425 -2.63722904  2.83557823  0.22736074]
 [ 1.55604613  4.63282959 -3.36522114  4.15643478  4.68267553  2.30843078]
 [ 3.43403129  1.73310722 -4.44136161  4.41661926 -4.48142865 -1.52238592]
 [ 2.74055614  2.15891971 -2.48219759  4.05796871 -4.31759462  2.40420653]
 [-1.20276495  3.01412846  0.54172985  4.68963507 -0.76996621 -0.43293776]
 [-0.65042016  4.8379959   4.84703733 -2.39787117  1.87220913  0.56012928]
 [ 0.05524407 -3.92192862  2.77603538 -2.8177569   4.73633692  1.16447832]
 [-2.8164473  -1.12865135  4.55486838 -4.22334108  3.50459626  3.51959841]
 [-0.55376156  4.75902566 -2.30572411  2.23751715  1.57706638  4.37722632]
 [-1.15926105 -0.50086838  3.75174135 -0.27636782  4.4557472   3.21442346]
 [-3.805335   -4.53706177 -3.3106344   0.57874897 -4.6682054   4.80712509]
 [ 2.2235274  -3.83939448  0.33227705  1.35432774 -3.99547676  1.299088  ]
 [ 2.33417839 -1.78428047  4.25435518  4.2174007  -4.96811777 -0.55558098]
 [-3.02741044  1.42095477 -4.9638669  -2.18778196  4.07524236  4.9094243 ]
 [-1.55739827 -4.33537057  3.15399737 -0.73797921 -3.08076606  4.93792051]
 [-0.90477331 -2.00929356  4.18311885 -0.13729365 -4.63847097  0.93764914]
 [-3.36930545  4.48035639 -1.30104384  4.02805     3.94237219  0.90712081]
 [ 0.86739411 -3.78794895 -3.75897895 -2.15982961  3.57205333  1.28666059]
 [ 2.60302717  4.181685    4.80219243  2.1375763   4.71696777  0.100158  ]
 [ 4.58625317 -2.82505821 -2.90151544  0.48272845 -2.89280879 -2.96691323]
 [-1.13629475  2.55713669 -1.3261119  -1.66712213 -0.12444865 -0.48630578]
 [ 1.90999819 -3.55537588 -4.5865391   2.97172036  3.70107067  3.74851352]
 [ 3.07681694 -4.02172238  0.01191931 -4.07670703 -4.6676997   1.01075956]
 [ 4.04954949 -4.85200735  2.94906008 -3.34917091 -4.08568285 -4.74758174]
 [ 0.47754971 -0.53313179 -0.637438    0.83494374  0.96463922 -0.54977657]
 [-4.32229331  1.73834373  1.13362713 -2.31250574  3.77240363  0.66965113]]
