[[  3745.9598203 ]
 [ 25896.70610883]
 [ 45207.22516045]
 [-42556.6619418 ]
 [-20709.05402857]
 [ 10605.58296303]
 [  3662.6266161 ]
 [-46400.18302764]
 [  5628.47431137]
 [ 90350.04910568]
 [ 38950.61213799]
 [ 29109.77419934]
 [ 24315.99720743]
 [  2274.20174114]
 [ 10474.26514873]
 [-10980.44395536]
 [-30410.18675765]
 [-19032.68252227]
 [ 16540.53715862]
 [-45414.09669702]
 [ 46917.48085056]
 [-17006.97255279]
 [  8234.88363829]
 [-37955.7624029 ]
 [-18517.69618224]
 [-45921.57496135]
 [ 16630.43801222]
 [-13904.36690475]
 [-32128.22372006]
 [ 20865.32961932]
 [-41702.98931223]
 [-11382.47498523]
 [ 40779.63888898]
 [ 62139.76986218]
 [-48753.75466075]
 [-19552.42793796]
 [ 48906.44985477]]
