[[-5.57186259e-02  2.66160603e+00  3.40878391e+00  1.99962124e+00
  -2.69965405e+00 -3.33418902e+00]
 [ 4.20642707e+00  8.11720884e-01 -4.20289759e+00  2.93427377e+00
   2.49591199e+00 -3.15922083e+00]
 [-3.45211169e+00  2.50789960e+00 -4.74296356e+00  1.37870506e+00
  -6.39383597e-02 -3.31422014e+00]
 [-2.35799686e+00 -2.82340783e+00  4.68378805e+00 -2.12597181e+00
  -2.79587951e+00 -4.98611822e-01]
 [-1.84201788e+00  3.41150277e+00  1.26201620e+00  1.14766235e+00
  -4.90915896e+00  3.78726029e+00]
 [-1.33772759e+00  3.67827493e+00  4.65707823e+00 -3.08208081e+00
  -4.69180217e+00 -1.21988713e+00]
 [ 2.60853303e+00  3.80782198e+00  3.12932783e+00  2.67018664e+00
   1.84383637e+00  1.79502198e+00]
 [ 4.67805994e+00  2.60402545e+00  3.75773695e+00 -1.04320230e+00
  -4.12498118e+00  1.67845102e+00]
 [ 1.94988731e+00  4.34118578e+00  4.89622495e+00 -1.19031839e+00
   2.28970581e+00 -3.06719263e+00]
 [-4.51030702e+00 -1.83089527e+00 -2.60363436e+00 -3.86930813e+00
  -4.96423709e+00 -3.09751277e+00]
 [ 4.54575459e-01  4.30546205e+00 -6.08458102e-01 -3.78017070e+00
  -2.21666262e+00 -1.73500390e+00]
 [-3.81096718e+00  3.86706708e+00 -2.75193326e+00 -6.20747180e-02
   2.76395859e+00 -3.29668285e+00]
 [-3.49428478e+00  2.64972314e+00 -1.93713712e+00  4.94431785e+00
   8.88652777e-01 -4.96099305e-01]
 [-2.98463149e+00 -1.70467950e+00 -3.57581500e+00  1.64380997e+00
   1.75736387e+00 -2.09825164e+00]
 [ 7.81891951e-01  1.16987165e+00 -3.35290759e+00 -5.65252208e-01
  -5.77532585e-01 -4.80652892e+00]
 [ 4.51563809e+00  1.45762599e+00  4.42297980e+00  4.31578607e+00
   1.29015136e+00 -1.01090344e+00]
 [ 7.00478956e-01 -1.12492789e+00  1.70751611e+00  3.84166979e+00
   4.18554429e+00  1.44221771e+00]
 [-1.14806904e-01 -8.44056184e-01 -2.22359697e+00 -2.14665992e+00
  -5.95546982e-01  1.56639174e+00]
 [-6.50189461e-02  2.95375631e-01  4.06857332e+00 -4.53207045e-01
   8.51605529e-02  3.76640255e+00]
 [ 1.18746320e+00  2.20634353e+00  1.93700696e+00 -3.55922002e+00
  -3.08030431e+00 -2.53747817e+00]
 [-7.55907131e-01 -2.31981704e+00  4.51043408e+00  3.56680822e+00
  -8.24144947e-01 -2.31706319e+00]
 [-3.25109427e+00  2.17735239e-01 -1.23449139e+00  1.93684349e+00
   1.84554116e+00  4.77576568e+00]
 [ 4.66116849e+00  2.35307430e+00 -3.43716669e-01 -1.89910951e+00
  -4.14886308e+00 -3.95888660e+00]
 [-4.81107143e+00 -3.24275777e+00 -3.26698317e+00  4.31978030e+00
   1.62599293e+00  6.46054603e-01]
 [ 1.27948870e+00  2.23738066e+00  1.74396697e+00  2.71562961e+00
   3.10995448e+00 -4.19583978e+00]
 [-4.73953936e+00  9.70328933e-01 -3.02349985e+00 -4.30447009e+00
   3.07483224e+00  2.07993607e+00]
 [-5.73963930e-01  8.54995722e-01  2.18479407e+00  4.20242367e-03
  -2.31683487e+00  2.78423134e+00]
 [-1.35334158e+00  2.10731488e+00  1.72573079e+00  1.67127902e+00
  -4.96385466e+00 -2.02622847e+00]
 [-3.99154465e+00  4.51986662e+00 -4.40602140e+00  2.01705981e+00
   2.02328333e+00  2.72990344e-01]
 [-4.91086848e+00 -1.71717626e+00  8.17248073e-01 -2.20531053e+00
  -3.00370148e+00 -1.16266112e+00]
 [ 8.08035349e-01 -3.90874652e+00 -3.88189975e+00 -2.21373181e+00
   1.37744054e+00  1.72994075e+00]
 [ 4.78855250e+00 -3.69950250e+00  2.16539194e+00 -3.11269480e+00
   4.97803952e+00 -4.17833828e+00]
 [ 3.79585977e+00 -3.65152966e+00  3.07361557e+00 -1.78212118e+00
  -2.62512869e+00  3.94735012e+00]
 [-4.72550824e+00  1.08193768e-01 -1.15867450e+00 -3.72971352e+00
   2.27399602e+00  3.37552690e+00]
 [ 4.26619429e+00 -4.56928988e+00 -3.58240137e-01  4.94727288e+00
  -1.73084846e+00 -4.84808020e+00]
 [ 4.22180968e+00  1.75682953e+00 -2.57634960e+00  4.09168612e+00
   5.54790909e-01 -2.09319080e-01]
 [-9.06921044e-01 -2.87069839e+00 -4.02344869e+00  1.90703774e+00
   2.08860772e+00  4.62257100e+00]
 [ 4.93473949e+00  4.32989783e+00 -1.10139178e+00 -4.45219365e+00
  -4.68734220e+00 -5.99722668e-01]
 [ 4.35289732e+00 -2.75233685e-01  3.96388010e+00  4.49707124e+00
   2.26325592e+00 -8.92150339e-01]
 [-1.53924385e+00 -2.61376706e+00  7.11910347e-01  4.72163074e+00
  -1.89515293e+00 -3.67138546e+00]
 [-4.32059310e+00  4.63757904e+00  2.67766842e+00 -3.54095574e+00
   5.89131829e-01  1.70230541e+00]
 [-6.86848911e-01  2.02912907e+00 -4.84050135e+00 -2.04594085e+00
   6.20543972e-01  4.35762452e+00]
 [-2.46000062e+00  4.64861893e+00  2.79666828e-01 -6.35084979e-01
   2.17713767e+00  7.87211379e-01]
 [-3.87429783e+00 -2.79253368e+00  2.86981659e+00 -3.78860992e-01
   1.31789114e+00  1.37830006e+00]
 [-3.47533392e+00  1.68773798e+00 -2.14714540e+00 -2.68174574e+00
  -2.61370140e+00 -3.85971972e+00]
 [ 2.64929135e+00 -1.87462956e+00 -1.75387287e+00  9.70697799e-01
  -4.16573647e+00  1.54811327e+00]
 [-2.32578531e+00  1.99038233e+00  2.91163175e+00 -4.03438103e+00
  -3.64944756e+00  3.50701879e+00]
 [-5.12630774e-01 -1.94505107e+00  1.86903158e+00  3.12567162e+00
   1.34671113e+00 -3.08674469e+00]
 [-7.90361154e-01  1.68089852e+00 -3.54129480e+00 -2.13394200e+00
  -6.43863819e-01 -2.10942469e+00]
 [ 5.91577775e-01 -3.70185087e+00 -1.11546626e+00  2.55632397e+00
  -2.05993693e+00 -4.96832284e+00]
 [-4.72874298e+00 -1.98452528e+00 -4.53270172e+00  4.75873459e+00
   2.05586938e+00 -7.90705043e-01]
 [ 2.76349971e+00  3.21989094e+00 -1.21873697e+00 -2.98459485e+00
   4.80573750e+00 -4.17939973e+00]
 [ 2.70179718e-01  3.03392962e+00  8.26841398e-01 -1.07863684e+00
  -1.90715837e+00  2.61553087e+00]
 [ 4.98256220e+00 -4.05468686e+00 -3.96867419e+00  3.49173256e+00
  -3.92371487e+00 -3.38414049e+00]
 [ 2.59445291e+00  3.95567147e+00 -4.24485193e+00  4.14973014e+00
  -2.94090377e+00  3.01295743e+00]
 [-4.43545285e+00  4.04847033e+00  3.39817000e+00 -2.99392981e+00
   1.43764645e+00 -4.78872874e+00]
 [ 1.43407517e+00  3.28943004e+00 -6.23132670e-01  1.01286056e+00
   1.11610259e+00 -4.43834046e+00]
 [-4.76819717e+00 -9.48784273e-01  1.10649835e+00  1.41651315e-01
  -4.21535073e-01 -2.64492617e+00]
 [-1.29594671e+00  1.34033189e-01  2.27307919e+00 -2.14405207e+00
  -2.73690335e+00  2.90546553e+00]
 [ 9.62602575e-01  4.64005794e+00  1.15505238e+00  1.42650589e+00
  -5.84955996e-02 -1.61131036e+00]
 [-3.64664769e+00 -3.15188079e+00  2.28383347e+00  2.25725334e+00
  -5.70779411e-01  4.88943642e+00]
 [-4.55134321e+00  3.22348075e+00  2.26210659e-01  1.84711430e+00
  -1.27934100e+00  5.25630167e-01]
 [ 4.91083746e+00 -1.14203950e+00  3.86190257e+00 -8.58403568e-01
  -3.86509892e+00 -3.87559798e+00]
 [ 1.18057868e+00 -3.90322249e+00  3.32468328e+00 -3.02283423e+00
   2.83121424e+00 -2.36942547e+00]
 [ 3.47409953e+00 -2.62485984e+00  2.07105715e+00  4.11678192e+00
   3.00757568e+00 -1.57351536e-01]
 [ 2.38785223e+00  5.21135884e-01  3.15713375e+00 -2.67432331e+00
  -8.00396382e-01 -9.90857595e-01]
 [-3.48321021e+00  1.74414906e+00  4.04075869e+00  2.91301452e+00
  -2.90361993e+00  9.87992241e-02]
 [-1.79513220e-01  3.62607623e+00  5.69462850e-01 -4.79846494e-02
  -4.35961839e-01 -2.98163619e+00]
 [ 2.34120311e+00 -3.27626201e+00 -1.65569619e+00 -9.43497069e-01
  -3.57207078e+00 -2.33689622e+00]
 [ 4.71091246e+00 -2.73352788e+00 -1.46597211e+00 -1.31836102e+00
  -2.51974731e+00 -1.41012578e+00]
 [-2.20959353e+00  3.33945691e+00  3.71272750e+00  5.99233863e-02
   5.04020527e-01 -2.91429048e+00]
 [-2.58409141e+00 -1.49092590e+00  1.34412633e+00 -1.78805089e+00
   1.09849669e+00  3.29131064e+00]
 [-3.75200906e+00 -2.17631280e+00 -1.80900242e+00 -4.36852107e+00
   1.65245546e-01 -7.17478075e-01]
 [-5.72652892e-01  3.48066055e+00  3.38252761e+00 -4.07873577e-01
   1.08045602e+00  1.51939818e+00]
 [ 2.87565948e+00 -1.50150330e+00 -1.14187470e+00 -1.75965844e+00
  -2.97778778e+00 -4.28515678e+00]
 [-4.85468662e+00  4.60409641e+00 -4.13756266e+00 -5.73507306e-03
  -9.20469717e-01  4.76209975e+00]
 [ 4.74597843e-02  3.99040729e+00  8.54140239e-01 -4.41791954e+00
  -4.89272931e+00 -4.98632207e+00]
 [ 3.18805086e+00  3.56298241e+00 -1.25469944e+00 -4.91201422e+00
   3.24658321e+00 -4.66975404e+00]
 [ 3.00077461e+00  2.56761754e+00  1.37823601e+00 -4.73112299e+00
  -2.24918902e+00  4.82535515e+00]
 [-1.58617726e+00  1.58480544e+00 -2.75721866e+00 -4.06438613e+00
   3.22614681e-01  4.34386799e+00]
 [ 8.16173412e-01  4.67770945e+00  1.89911332e+00  7.70238614e-01
   2.68202602e+00  4.56441332e+00]
 [-3.20275787e+00  5.50550754e-01 -2.23776588e+00 -3.62634271e+00
   2.17425016e+00  3.98929706e+00]
 [ 3.24975633e+00 -3.40489212e-01 -4.78991289e+00  4.12293204e+00
   3.11017676e+00 -1.35403893e+00]
 [ 2.91868197e+00 -2.01910642e+00 -3.76669915e+00  1.42430604e+00
  -3.53742933e-01  3.56989799e+00]
 [ 4.72034703e+00 -1.39949554e-01  7.34513605e-01  1.51534483e+00
  -7.80892741e-01  2.50773067e+00]
 [-4.13021652e+00 -2.60377368e+00 -5.80470982e-01 -1.00254898e+00
  -3.33934850e+00  2.71159793e+00]
 [ 4.75855361e+00 -3.60233802e+00 -4.03252720e+00 -2.04807345e+00
   2.80872117e+00 -4.77000199e-01]
 [ 3.04336972e+00 -1.07993760e+00  4.99847073e+00  2.09163324e+00
   3.02928353e+00  7.41881905e-01]
 [ 2.34955527e+00  2.82457665e+00  4.54134827e+00  6.76981455e-01
  -4.81436580e+00  1.36308626e+00]
 [ 9.46216729e-01 -4.36091275e+00  2.59196063e+00 -1.13757131e+00
  -1.24456194e+00  5.93004569e-01]
 [-2.92344730e+00 -3.23121548e+00 -4.96139309e+00  4.68653771e+00
   9.90619871e-01 -1.32566176e+00]
 [-3.94271688e+00  3.98611921e+00 -4.15190182e+00  4.77884351e+00
   4.81191393e+00 -1.58354689e+00]
 [-3.94810391e+00  3.44544182e+00  1.49170652e+00 -1.97159987e+00
   4.14760468e+00 -4.30450443e+00]
 [-3.51359141e+00  4.95668571e+00  4.48670640e+00  4.04318445e+00
   1.10590780e+00  1.40600952e+00]
 [ 4.29507985e+00 -9.83697784e-01  3.17562333e+00  3.90822231e+00
  -6.42122649e-02  1.78472286e-01]
 [ 3.90974848e-01 -1.41576959e+00  4.63001428e+00  4.53049980e+00
  -2.73121258e+00  2.23606651e+00]
 [-5.36655300e-01  1.66619875e+00  3.65608702e+00  1.25351873e+00
   1.28036662e+00 -3.67326453e+00]
 [-2.74378645e+00  1.35712612e+00  4.80396943e+00 -3.75676927e+00
  -1.04305111e+00  3.61648469e+00]
 [-3.42887302e+00 -3.50032545e+00  2.11512816e+00  1.40546417e+00
   4.13250424e+00 -9.89313786e-02]
 [ 4.87764109e+00  2.97823842e-01  1.10230444e+00 -4.24558923e+00
  -2.05204096e+00  3.51853378e+00]]
