[[-0.25899387  2.68526608  4.91435117  4.26795785 -4.31785442  4.13463753]
 [-0.36452643  1.61550753 -3.58754194 -3.78227806 -4.71830259 -3.12806052]
 [-2.82264976  2.01936025 -2.33314411  4.49046053  4.87724615  3.07517081]
 [ 1.64676401  1.70375501 -2.31985989 -1.77537815 -3.81391062 -2.59227564]
 [-4.75002945 -0.03896676  1.45523029  2.49112857 -4.15823897 -1.36394817]
 [-3.96469698  2.93042755 -0.93453931  2.66515029 -0.40955747  0.37770995]
 [-2.78173392 -3.19043129  4.57886862 -4.66429643  4.85424429 -2.23379948]
 [-4.47163912  2.10190788 -1.22801708 -3.83133922  2.18586249  4.62999842]
 [-2.56792228  3.4742581  -2.50772037  2.02685347 -1.39036582  4.64588831]
 [ 0.72158094 -3.32766875  2.62817041 -3.08901838 -4.93004179 -4.3351353 ]
 [-0.74462595 -4.2718961  -3.45037995 -0.9764464  -2.54314764 -4.96385439]
 [ 3.22359692 -0.78366072 -4.49467822 -1.07834677 -0.13613905  3.93752153]
 [ 2.58967892  0.23632256 -0.00837897 -4.35603098  1.6608969  -2.45483293]
 [-2.43918621 -2.72108259 -0.38374527  1.00796255  2.66135231  2.56180219]
 [-2.33968045  4.04542263 -1.32636613 -1.95654236 -4.19051611 -1.25029245]
 [-3.70721984  4.83786874  1.8122681   3.73756189 -0.94360362  3.37811759]
 [-4.05399719 -0.0508545  -1.67864694  0.71059534  0.76496413  3.47414125]
 [-1.48099227 -3.37008252 -0.54311466 -1.0602711   3.66701098 -0.51493059]
 [ 3.52025199 -1.71553465  0.62939555 -1.87251143 -2.97415896  4.24476236]
 [-2.02165935  2.32007749  0.375014   -2.68933332 -4.48956501  1.06967655]]
