[[ 4.03682801e+00 -2.51519079e+00  3.20118461e+00  1.32952060e+00
  -2.38334719e+00  6.23985025e-01]
 [ 1.32615753e+00  4.69151918e+00  4.70994405e-01 -4.23028604e+00
   3.75066317e+00  5.99467448e-04]
 [-1.80671849e+00 -1.60901702e+00  4.02503903e-01 -2.52125098e+00
   4.84597191e+00  4.93290748e+00]
 [-2.85608221e+00  2.03410759e+00  2.78262939e+00 -3.73912984e+00
   3.93819147e+00 -1.46739765e+00]
 [ 3.67877254e+00 -6.14242520e-01  2.75401016e+00 -3.14646210e+00
  -1.37647977e+00 -8.65023865e-01]
 [ 4.92343448e+00 -3.36454394e+00 -3.44624609e+00  2.96567015e+00
   2.58868654e-01 -2.20153894e+00]
 [-3.22403610e+00 -4.24701857e-01 -4.27130472e+00 -1.63219472e+00
   2.00168749e-02 -4.70037113e+00]
 [-4.84255601e+00  1.96929015e+00  2.43766864e+00  1.13553448e+00
  -2.48558102e+00 -2.78042213e+00]
 [-3.76663972e-02  1.38992091e+00 -4.38689455e+00 -9.91383898e-01
   7.12446053e-01 -2.72239553e+00]
 [ 2.12260265e+00  1.16758155e+00 -3.26428865e+00 -4.96370287e+00
   5.50383157e-01 -1.75229638e+00]
 [-1.03954179e+00  2.33568906e+00 -3.19842260e+00  2.55978511e-01
  -2.88266276e-01  4.57988015e+00]
 [-4.63833709e+00 -3.32847087e+00  7.08640252e-01 -3.27594781e+00
   3.26575179e+00  3.24080533e+00]
 [-4.26448434e+00  3.13318228e+00  4.33031688e+00 -4.07036387e+00
   1.87088108e-01  1.03355730e+00]
 [-1.35869673e+00  5.72463342e-01  4.76265548e+00  1.65345104e+00
   2.94347544e+00 -3.56797847e+00]
 [-9.12817272e-01  3.31559559e+00 -8.83342615e-01 -4.09121155e+00
  -4.01055024e+00  5.56470196e-01]
 [-2.12810856e+00 -2.56454009e+00  1.68487433e+00 -9.99456674e-01
   3.83080970e-01 -2.25738274e+00]
 [ 2.43590546e+00 -3.95334084e+00 -2.44229539e+00 -1.73334779e+00
  -1.46470336e+00  8.47384014e-01]
 [-3.15976338e+00 -1.36990462e-01  4.78957727e+00 -2.04949413e+00
   2.55603765e+00  3.60236027e+00]
 [ 1.55523650e-01 -5.49152919e-01 -2.17625131e+00 -8.87772976e-01
   2.15941466e+00 -5.40378107e-02]
 [-1.45646864e+00 -1.55139034e+00 -2.51746585e+00  4.98902846e+00
   3.37986770e+00 -2.68255542e+00]
 [ 9.39353431e-01  2.28019157e+00 -3.69527276e+00 -4.47907562e+00
   2.45113104e+00  8.94239893e-01]
 [-3.10412485e+00 -1.67237989e+00  6.20838435e-01  1.24632849e+00
  -3.10643440e+00 -4.93481437e-01]
 [ 2.99978620e+00 -4.03114782e+00  1.83178204e-01  7.39100057e-01
   2.37751555e+00 -1.06457603e+00]
 [-1.56110315e+00 -3.99406568e+00 -2.37896435e+00  4.30915664e+00
  -1.81137001e+00  3.67322746e-01]
 [ 3.12760952e+00  4.86156183e+00 -1.14816329e+00 -4.73256718e+00
   1.92806539e+00  2.10697321e+00]
 [ 3.67227983e-01  7.71792690e-01 -2.68635654e+00 -1.11536237e+00
   3.01531884e+00  3.88880470e+00]
 [ 9.82198808e-01 -3.50286843e+00  3.12540428e+00  4.66549055e+00
   1.18335008e-01  1.45855332e-01]
 [ 2.37762521e+00 -2.60054574e+00  4.39788077e+00  6.93277874e-01
  -5.85161315e-02  3.02562931e-02]
 [ 1.73976301e-01 -4.95011031e+00  2.32333479e+00 -1.08708518e+00
   2.21450836e-01  1.23282679e+00]
 [-2.41949097e+00  2.41507281e+00  2.28196539e+00  4.65646885e+00
  -2.26320740e+00  4.23919886e-01]
 [-4.22864920e-01  3.85548203e+00  2.13268919e+00 -2.25911816e+00
   1.37707950e+00 -1.48387423e+00]
 [-2.00563223e+00 -4.32593435e-01  2.85109636e+00 -4.99995489e+00
   2.40995233e+00  2.10062813e+00]
 [-1.52965553e+00  3.57957540e+00  2.39539260e+00 -4.10658353e+00
  -4.14292453e+00  1.41782088e+00]
 [ 3.97020756e+00 -3.37335014e+00  4.73421750e+00 -1.63233727e+00
   3.36297546e+00  4.92391303e+00]
 [-2.53979077e+00  2.76618657e-02  3.84094122e+00  3.95539013e-01
  -2.27630721e+00 -1.11769657e+00]
 [ 1.62686714e+00 -3.90418812e+00  4.44055638e+00 -3.97680256e+00
   1.61500389e+00  2.35051641e+00]
 [ 1.39100479e+00  2.44630643e+00 -1.11028429e+00  3.21303825e+00
  -4.92383318e+00  3.23634461e-01]
 [-2.07329733e+00 -3.80513731e+00  7.84641668e-01 -1.13357965e+00
   2.37195234e+00  3.02231987e-01]
 [-3.53416322e-02  6.18535287e-01 -2.29867981e+00  1.99331046e+00
   1.17246229e+00 -4.14861569e+00]
 [-8.17369021e-01  2.74883668e+00 -1.73049771e+00 -3.39377530e+00
  -3.75226134e+00  4.72992543e+00]
 [-4.77308536e+00  3.87580442e+00  4.65525287e+00 -1.65098525e+00
   2.95216358e+00  4.55530444e+00]
 [-4.68509450e+00 -2.08552348e+00  4.28150577e+00 -3.02677012e-01
   1.50210676e+00  2.40309368e+00]
 [ 2.63047108e+00 -3.79649421e+00 -1.24583350e-02 -3.84294829e+00
   4.10314591e+00  1.34920978e+00]
 [ 3.94484483e+00  8.45776821e-01 -1.62762691e+00  3.80035017e-01
   1.47531102e+00 -4.24572402e+00]
 [ 2.21273163e+00 -4.66269378e-01  3.52158744e+00 -3.66040694e+00
   4.60670327e-01 -3.64204051e+00]
 [ 4.27332223e+00 -1.25039580e+00  2.73069736e+00 -1.56682206e+00
  -3.40928047e+00  1.57913802e+00]
 [ 1.68196025e+00  4.11071699e+00 -4.99552700e+00 -1.39684185e+00
  -2.17435448e+00 -3.98254596e+00]
 [-3.57446323e+00 -2.34178391e+00 -1.45734648e+00 -3.39265795e+00
   3.65381993e+00 -4.71385629e+00]]
