[[-4.59306963e+00 -4.00652984e+00  1.49385218e+00 -1.99543953e+00
   2.22940522e+00 -7.46813822e-01]
 [ 2.84372222e+00 -5.35969863e-01  1.03037241e+00 -7.24788043e-01
  -4.81248903e+00 -8.25343732e-01]
 [-4.94852874e+00  4.36939575e+00 -4.17833496e+00  1.61071991e+00
   1.08459387e+00  4.88717224e+00]
 [ 2.06143705e+00  2.39650335e+00 -4.61630432e+00 -4.60402383e+00
   3.39282124e+00  6.11280114e-01]
 [ 2.58951294e+00  5.21816707e-01  2.50782365e-01  1.08963502e+00
   4.19856466e+00  1.05811967e+00]
 [ 2.61622229e+00  3.09997939e+00  2.34215483e+00  1.39127587e+00
  -1.46817084e+00  2.95587886e+00]
 [ 1.82499041e+00  2.29355971e+00  3.16159037e+00  9.87482291e-02
  -2.23343628e+00  1.44486472e+00]
 [ 5.42411642e-01  4.46542188e+00  1.61566595e+00 -3.93505756e+00
   6.97223121e-02 -2.16676305e+00]
 [-4.56215873e+00  1.33387091e+00 -4.93525020e+00  4.69868691e+00
   4.30871887e+00 -4.09073265e-01]
 [-1.83136512e+00  1.00459008e+00 -1.53846400e+00  1.73428904e+00
  -3.71479018e+00 -1.70651661e+00]
 [ 3.07234033e+00  4.39321339e-01  7.34620635e-01  2.11080457e+00
   3.91756632e+00  4.10603044e+00]
 [ 1.33242863e+00 -2.63078117e+00  3.43872121e+00 -4.63856193e+00
   8.78318475e-01 -1.46570982e+00]
 [ 4.66637880e+00 -1.85722483e+00  1.46530241e+00 -2.41883708e+00
   2.93072709e+00 -4.76191391e+00]
 [-1.87796010e+00  3.88236408e+00  1.71454785e+00 -2.08380132e+00
   8.55372081e-01 -3.87519006e+00]
 [ 3.91898498e+00 -3.83516186e+00 -4.54434207e+00 -3.04155991e-01
  -3.65910354e+00 -4.82102739e+00]
 [ 3.46489327e+00 -3.93203807e+00 -3.82174148e+00  6.61190361e-01
  -2.66431051e+00  1.94897518e+00]
 [ 1.40691965e+00  4.99824176e+00 -4.51684237e+00  3.00401304e+00
   3.34608318e-01  4.84802854e+00]
 [-1.54522127e+00 -9.70599541e-01 -2.15094901e+00  3.71619127e+00
   1.56132960e+00 -2.37728982e+00]
 [-4.35283612e+00 -1.85893700e+00 -2.50746544e-01  1.56786720e+00
  -2.51885079e+00 -4.89624637e+00]
 [ 2.25504796e+00 -4.44594631e+00  3.91120282e+00 -3.69180419e+00
  -4.39696501e+00 -4.57877331e+00]
 [-1.17952296e+00  3.95078758e+00 -1.45129902e+00  5.50344294e-01
   2.49354615e+00  3.96461527e+00]
 [ 4.73951999e+00 -3.77466735e+00 -2.68587720e+00 -1.23718813e+00
   3.37085509e+00  2.31560664e+00]
 [-6.03023642e-01  1.02085060e+00 -2.99777156e+00  4.90536714e-01
  -4.79526584e+00 -4.04869514e+00]
 [ 3.86175126e+00  3.16153761e+00  4.57207442e+00 -8.05641827e-01
  -2.24667746e+00 -2.02263684e+00]
 [-1.66091395e+00 -6.81842092e-02  2.34784825e+00  4.32110111e+00
  -1.35313805e-01 -2.23289000e+00]
 [-4.98754080e+00 -4.83187495e+00  4.53362337e+00 -1.50204528e+00
   3.34716006e+00 -9.90619470e-01]
 [-7.35576451e-01  2.74882145e+00  1.63295853e+00  9.56677439e-01
   4.80575892e+00  3.54248735e+00]
 [ 4.45336574e-01 -4.91178689e+00 -4.90998253e+00 -9.72052794e-01
  -4.10027399e+00  4.38300102e+00]
 [ 5.67421272e-01  9.37008705e-01  3.20062076e+00 -4.32324140e+00
  -2.35644498e+00 -1.55491429e+00]
 [-2.12606683e+00  4.11214878e+00 -1.89930004e+00 -2.68493769e+00
  -4.71729128e+00  3.95052685e-01]
 [-2.34545000e+00 -1.25626776e+00  4.75545175e+00 -8.95764712e-01
   2.78053967e+00  3.86906222e+00]
 [-1.71852418e+00 -4.70327541e+00 -8.10051098e-01 -3.12048709e+00
  -2.06110773e+00  1.44518624e+00]
 [ 4.11779535e+00  1.28411509e+00  2.46922610e+00  8.21192662e-01
  -4.69129968e+00 -3.44191853e+00]
 [ 2.24950773e+00  2.55814091e+00 -3.99423229e+00 -4.91275145e+00
   2.10359588e+00  4.00968514e+00]
 [ 4.44309988e+00  3.49229515e+00  3.73024855e+00 -1.80019496e+00
   4.07767014e+00  4.72178069e+00]
 [ 3.41282471e+00  4.41799010e+00  3.05361536e+00 -4.73816636e+00
   2.87259840e+00 -2.27580377e+00]
 [ 2.52184673e+00  4.62848549e-01 -2.19865654e+00  2.02038900e+00
   7.89576505e-01 -2.36016094e-01]
 [-4.18952547e+00 -3.25321798e+00  3.38768852e+00 -4.71246739e+00
  -8.37653203e-01  4.51286432e+00]
 [-3.23095409e+00  4.98557309e+00 -3.42413148e+00  4.83261036e-01
  -3.16550313e+00 -2.51914932e+00]
 [-1.97496643e+00  2.74580003e+00  9.70318594e-01  2.71920029e+00
   6.06273186e-01  2.14993022e+00]
 [ 2.21175627e+00 -3.10689887e+00 -2.38424295e+00 -4.51508898e+00
   3.85858079e+00  4.54088323e+00]
 [ 2.45009843e+00  4.09963444e+00  2.29169418e+00 -2.89885425e+00
   3.89916879e+00 -3.18322401e-01]
 [ 6.81111167e-01  3.86953493e+00 -2.40762769e+00 -3.64735359e+00
  -4.83292197e+00 -3.23424070e+00]
 [ 3.35663678e+00 -3.69914485e+00 -9.86614820e-01 -2.85971802e+00
  -1.89857420e+00  8.05865396e-01]
 [-4.39562932e+00  1.88579748e+00  1.49513669e+00  2.03967805e+00
   1.03608458e+00 -2.15121385e+00]
 [-1.36207667e+00 -4.69170983e+00 -8.44804111e-02 -4.82280508e+00
   3.29799938e+00  4.47360942e+00]
 [-4.03275183e+00 -3.73007443e+00  2.73716314e+00 -1.33667954e+00
   3.49651169e+00  4.41786957e+00]
 [-2.37409256e+00 -3.81506981e+00  3.08714030e+00  3.55165701e+00
   4.50762869e+00 -2.17478540e+00]
 [-2.15943912e+00  2.36135139e+00 -4.93171360e+00 -6.43018053e-02
  -1.52011456e+00  1.80869682e+00]
 [-3.59141715e+00  7.88720616e-01 -1.68860777e+00 -1.81317997e-01
   1.90364232e+00  1.05541464e+00]
 [-1.48782837e+00  1.31333421e-01  4.61885987e+00 -6.37151215e-01
   1.13224006e+00  2.38837325e+00]
 [-1.91829435e+00 -2.95109245e-01 -3.45100632e+00 -3.27087969e+00
  -4.28397166e+00  4.07859801e+00]
 [ 3.98441422e+00  1.94982678e-01 -2.83689185e+00 -2.73474203e+00
   3.17645402e+00  4.15630389e+00]
 [-2.94117208e+00  3.51399416e+00 -2.10190776e+00  4.25782733e+00
   2.54853175e+00 -3.22040002e+00]
 [-1.99695528e-01 -6.45823583e-01 -3.45161917e+00  4.11585470e+00
  -3.76913197e+00 -3.43502119e-01]
 [-2.25277798e+00  3.19324356e+00 -8.35272195e-01  4.84267192e+00
  -4.20819641e+00 -5.35985880e-01]
 [-3.77374521e+00 -1.06555524e+00  3.48642632e+00 -9.27469993e-01
   1.32775705e+00 -9.35970294e-01]
 [ 4.17670083e+00 -2.06182785e+00 -2.33300274e+00  2.88580999e+00
  -3.15376807e+00  1.24843700e+00]
 [-3.20177558e+00  2.55420429e+00  3.11511430e+00 -2.67912452e+00
  -1.40549231e+00 -3.01674795e+00]
 [ 7.69680409e-01  4.92621673e+00  2.79367949e+00  1.74150609e+00
   4.46925204e+00 -2.13948488e-01]
 [ 1.08957532e+00  4.33902814e+00 -3.99309641e+00 -3.22195755e+00
  -3.34736228e+00  2.53153531e+00]
 [ 3.38550637e+00  4.86743969e+00  9.00087793e-01  2.10042901e-01
  -1.06338492e+00 -2.56886680e-01]
 [-1.87823921e+00 -3.55468496e+00  3.16644428e-03 -3.63582393e+00
  -2.97408961e+00  4.38828772e+00]
 [-4.42082445e+00  8.78912873e-01 -2.98564692e+00 -2.60212976e-01
   3.43268940e+00  6.56945699e-01]
 [-4.86545113e+00 -1.31281745e-01 -4.01425080e+00 -4.49488508e+00
  -9.72670832e-01 -4.70183839e+00]
 [-4.70790233e-01  4.24849070e-01  7.63281278e-01  1.17554460e+00
  -1.93037952e+00 -4.79029966e+00]
 [-3.92601606e+00  8.69483931e-01  4.40751281e+00 -4.91507236e+00
  -2.25324094e+00  5.17381737e-01]
 [ 1.82481920e+00  8.72544018e-01  9.49770320e-01  4.61562013e+00
   1.79290757e+00 -1.72207605e+00]
 [ 1.47884087e+00  1.08319139e+00 -2.97439608e+00 -3.08629396e+00
   1.33197155e+00 -5.28708693e-01]
 [ 7.27977384e-01 -3.66798311e+00  2.19835867e+00 -4.41671714e+00
   1.36806103e+00  3.93479407e+00]
 [-2.95421683e+00 -4.46522569e+00 -1.25313256e+00 -1.96756043e+00
   4.81085822e+00  9.43414468e-01]
 [-4.41723594e+00 -8.07090916e-01  4.49098787e+00  2.09801060e+00
  -3.48909666e+00 -4.15368817e+00]
 [-2.69679672e+00 -1.13078671e+00 -3.27447841e+00  1.89153606e+00
   1.43871449e+00 -3.81491965e+00]
 [ 1.64119262e+00 -4.37640793e-01 -2.63430685e+00 -2.92317009e+00
   2.49269277e+00  4.47466526e+00]
 [ 2.51573171e+00 -2.17301001e-01 -4.96683696e+00 -1.95012926e-01
   2.68650937e+00 -4.83272560e+00]
 [-3.26352253e+00 -4.44075299e+00 -2.19517604e+00 -1.26838326e+00
  -4.71801054e+00  4.81891056e+00]
 [-3.56394597e+00  3.16082482e+00 -3.61707808e-01  1.86103490e+00
   2.75750211e+00  5.39988926e-01]
 [ 2.07986228e+00 -1.13805744e+00  1.08347547e+00  8.79481333e-01
   4.06769168e-01 -3.00744694e-01]
 [ 3.35786230e+00 -2.03137934e+00  4.44040419e+00  1.68638599e+00
   2.83108583e+00  2.06058135e-01]
 [-2.29282795e+00 -8.81762917e-01 -2.38783780e-01 -1.92480156e+00
   4.06483760e+00 -3.82352023e+00]
 [ 4.22852397e+00  2.80982848e+00 -3.49971105e+00 -3.56970363e+00
  -2.03537283e+00 -5.93975287e-01]
 [-3.86738962e+00  2.09979261e-01  1.67177013e+00  8.92397727e-01
  -1.92442342e+00  3.59967751e+00]
 [ 1.67029048e+00  3.85470594e+00  2.08245481e-01  3.28527708e+00
   1.77403241e+00  4.10831518e+00]
 [-1.49440256e+00 -5.02193899e-01 -4.28093534e+00 -1.53305675e+00
   4.68501654e+00  1.65973615e+00]
 [-9.53467138e-01 -1.46680222e+00  3.17004204e+00 -2.99860675e+00
   1.95990332e+00 -6.50697656e-01]
 [ 4.24281721e+00 -2.49482180e+00  2.40960036e+00 -1.72077268e+00
   2.84170624e+00  1.79470723e+00]
 [-3.60824593e-01  2.45920207e+00  8.28393377e-01 -2.47091482e+00
   4.50254314e+00  2.87565972e+00]
 [-4.08379306e-01  1.44016252e+00 -2.12883444e+00  1.40268107e+00
   2.60111258e+00 -2.85763693e+00]
 [ 4.51232073e+00 -1.16964806e+00  1.30813210e+00  1.35748276e+00
   1.79909020e+00  2.17634552e+00]
 [ 1.96674797e-02 -4.15466061e+00  2.13032136e+00  1.26326448e+00
  -3.74267780e+00  4.01746304e+00]
 [-4.17785525e+00  3.97753623e+00  4.04306630e+00  3.01540366e+00
  -4.90428861e+00  2.21404539e+00]
 [ 2.29606695e+00 -2.65223209e+00  3.96477931e+00 -4.07368891e-01
   1.86986307e+00  3.89798300e+00]
 [-2.58976687e+00 -3.93393063e+00  2.38573444e-01 -9.64770619e-01
   1.12690068e+00  2.65875707e+00]
 [-1.51930720e+00 -2.86264425e+00  1.63343217e+00 -2.54170945e+00
   2.18502944e+00 -4.38742790e+00]
 [-2.36833125e+00  4.75300544e+00  1.75876786e+00  4.49699801e+00
  -3.07181127e+00  2.13922560e+00]
 [ 2.26005764e+00  1.26434529e+00  1.15006423e+00 -1.78491065e+00
   1.50123126e-01 -1.94871515e+00]
 [ 9.86568022e-01 -4.29745823e+00  4.69442537e-01 -1.43236994e+00
  -4.15202045e+00  1.19610846e-01]
 [ 1.17986326e+00  3.13609663e+00 -4.74632480e+00 -8.57154159e-02
  -2.63263888e+00  4.97610859e+00]
 [ 3.95850512e+00 -7.65985547e-01  4.53390110e+00 -2.07747853e+00
   5.77425835e-01 -4.89164208e+00]
 [ 2.00107282e+00  7.06805593e-01 -2.70783583e+00  1.88164562e+00
  -5.66240558e-01  1.44796568e+00]]
