[[-3.55874309 -0.04574645  1.78982908 -4.14594756  2.3991108  -2.11541982]
 [ 4.13244862  1.6047178  -1.16698096 -0.01018402  3.40887107 -4.23356954]
 [ 2.02461913  3.82419301 -0.86446042  1.05780098 -2.43595742  4.07547997]
 [ 2.12082697  4.6303273  -2.54194429 -2.03756945 -0.89677035 -1.2288715 ]
 [-4.45669668  2.16581631 -3.60055098 -0.47600817 -0.11568503  0.40755949]
 [ 3.9603761   2.45711567  3.35188924  3.29146727  1.71723425  1.444988  ]
 [-1.12018937 -3.66531353 -1.81419326  4.11022824  1.82901904  0.87010091]
 [-0.52401516 -3.11378338  4.12689556 -1.59083194  2.15703209  4.53473826]
 [ 4.05010501 -4.83150556 -0.19638565 -2.37670644 -3.99994539  3.98162325]
 [-1.88509696 -1.30658126 -1.83920837  2.06385165 -2.30519612 -0.9070919 ]
 [-0.0998477  -4.05147255 -2.27112548  2.37939629 -2.58912809 -4.59827837]
 [-4.43558764 -4.8780625  -4.86296836  0.66273545  3.52743119 -4.38430796]
 [-0.39765584 -3.68367439  3.57075988 -0.22621317  3.27526651 -0.03166699]
 [-0.92556046 -4.76313469  4.32866857 -2.89364529 -3.45674627  0.41991583]
 [-3.86015418 -4.00573248  4.66281864  4.23869773 -0.88134994  3.6805424 ]
 [-1.32891026 -4.26982928  4.50921399 -1.61956732  4.54082445  3.50065262]
 [-1.53747648  1.41295798 -1.04056553 -0.22313606  4.85261553  0.75035843]
 [ 4.66326848 -4.95912808  1.0259816  -2.93170564  2.25490956 -4.73001327]
 [-2.41570513  1.93103169 -3.19725083 -1.18421906 -0.20877016 -1.70201707]
 [-4.67854715  4.77561889  2.99804631 -2.07224609  3.83980823  3.63986053]]
