[[-3.98915068 -0.74438457 -2.28650322  4.49571185  3.47288957  2.4928858 ]
 [-3.66623263  1.09335167  3.15886069 -2.06937185  0.42929367 -1.38068198]
 [-1.86012771 -4.20141562 -3.27665665 -3.46844594 -3.17999379 -2.15990244]
 [ 4.3528666  -0.58597146  3.61535439 -2.90936995 -2.45287669 -4.27353523]
 [ 0.69941179 -2.74797953 -4.4403943   3.43461679 -0.89511039 -1.34640041]
 [-2.92160344 -4.47453818 -3.19545545  4.98100868  2.70567592  0.95370362]
 [-0.26831984 -3.67878077  3.72561498 -2.11526245  1.90525071  3.93873703]
 [ 4.01833457 -1.21210194  0.23980082  2.98189959 -0.77460532  0.73190531]
 [ 3.78607344  4.69919194 -1.45739552  4.04761071  3.32877842  1.05788404]
 [ 0.81151015 -2.24721551 -3.79461865  1.86832589  2.26262357  4.21356234]
 [ 3.70152909  2.63172255 -4.42497165  2.54808811 -2.17476374  0.83118537]
 [-2.86581803 -4.0483573  -3.80904728  3.5033749   2.62533883  4.79469377]
 [ 2.34795102  3.02806271 -1.25118256 -4.38863931  1.92484967 -4.33251655]
 [ 2.73833234 -4.78066794  3.9912424  -3.09920705  0.29010377 -1.11780033]
 [ 3.71579087 -1.5738687  -3.29163666  2.19993259 -4.91304537 -4.97113732]
 [-1.56425403 -4.2883349  -3.82752485 -0.50036536  3.56809923  1.73135029]
 [ 0.10015706 -3.77806407  2.99467143  3.01886065  0.92405762 -1.55862431]
 [-1.43498223 -2.29654556 -0.93464005  3.41868847 -4.9605444  -1.84075213]
 [-1.38179401  2.24414515  0.34342409  3.03432351 -1.06492683 -0.86519007]
 [-0.49770195 -4.83167951 -3.31198355  0.3304528  -0.26852115  0.81701588]]
