[[ 1.64469521  1.38690141  2.18906023 -0.87549968 -3.70554294  3.76589964]
 [-1.91317512 -3.05020946 -1.74805069 -0.78125683 -0.3231     -3.2991715 ]
 [-1.97779674 -1.55564343 -0.9658151   1.82657042 -2.97237632  4.40474643]
 [-2.20575513 -1.37816371  4.49573112  3.73546666  3.25101361  1.8969263 ]
 [ 1.29684962 -4.47486484 -2.1351037  -4.80172021  4.505408   -1.47670158]
 [ 4.19329184  0.64442163  2.25389041 -1.25961531  4.91860507 -0.78815903]
 [ 0.32218779 -0.16170934  0.63996257 -0.2307598   2.01963117  1.34449734]
 [-0.64739778 -3.04377427  0.41553769 -0.87404538 -3.11171822  3.75382216]
 [-1.61603202 -0.23308763 -4.6691665   1.57614367  4.04169391 -0.83516144]
 [ 4.36267873  0.45222691 -3.49427494  3.51943285 -2.33844811 -0.40808717]
 [ 0.15852108 -0.86069023 -3.15638016  4.26779207 -2.46554473 -0.24420676]
 [ 4.54815334  2.03268804 -1.74911675  3.06659567  0.64411955 -3.00279484]
 [ 3.41147466 -4.13211782  3.94521448  0.64394111 -2.15702558 -3.46622507]
 [-1.77265274 -4.55785    -1.29741658 -1.6954515  -1.39080475 -3.85791434]
 [-4.30479883  0.71485425  2.27553076 -1.00236369  2.42533993 -4.13270308]
 [-1.55437921  1.62335831  3.54537745  0.86732179  1.33691676 -1.41702997]
 [ 1.10587747 -0.07555481 -0.70766459 -1.61750368 -0.72606585 -4.06352035]
 [-2.78181309  3.00864083 -0.68542599  4.18132745  2.46739089 -4.96173279]
 [-3.16823673  1.78546204 -1.09747506 -2.49815397  3.19965356 -3.08291203]
 [-0.87670062  0.11422938  2.87722217 -2.33031351  4.21508004 -4.84706413]
 [-1.62336831  2.7088127   1.37522122 -4.25031997  0.66977733  3.32222096]
 [ 1.43115183  0.44963487  2.5301581   2.839411    4.81693802  4.51809832]
 [ 3.34558252 -2.4043799   0.353617   -0.6907261   3.17820122 -2.26266038]
 [ 2.0632097   1.12187074 -4.65760302 -4.9830145  -3.10680946 -0.62078894]
 [ 0.12501312  1.13393902 -1.67811406 -2.82324593 -3.56916282 -3.63541339]
 [ 4.43413326  1.27004673  4.70387828 -4.0400866   3.23354581 -0.89819454]
 [-3.24721218  3.19539519  3.19087306  2.56474338 -0.05122636  4.63553346]
 [ 3.1863936   2.61581869  0.04653945  1.49369045 -1.32152326  2.90670087]
 [-2.42806173 -1.58537742  3.19607669 -3.02929938 -4.43261636 -3.05013825]
 [ 1.36574747  1.84361382 -4.47229702 -3.6010177  -3.3098293   1.12315495]
 [ 3.60673019 -0.40841618 -4.13612033 -3.39323365 -3.59647492  1.29745883]
 [-2.39502142  3.37006108 -4.50103043  4.59429366 -1.44996627 -0.40269936]
 [ 0.09919224  3.67587872 -0.81450148  2.42544148  2.65567636  3.26470712]
 [-4.55172839  0.1958274   2.33009652 -0.39387289  3.23540163 -4.55510793]
 [ 1.14809739 -0.45232354  1.19913282  1.85946194 -2.06010685  2.73250452]
 [-2.5313937  -2.58846643 -0.47176883  4.77609675  0.95215026 -3.40134013]
 [-4.65257548  4.87513809 -3.76482368 -2.07529614  2.21639763  2.47089419]
 [-4.89445884 -4.37070825 -0.2023231  -3.20040596 -2.39616232  3.53541778]
 [-0.52955052  0.15791753  2.58128749 -0.85867265 -3.12088843 -1.6050685 ]
 [ 4.0170439   1.86991947 -2.32334343 -3.75109032 -0.13649499 -2.36001857]
 [-1.53276963 -2.15353869  4.18074996 -0.91159116 -0.58654578 -1.56205767]
 [ 1.0120535  -0.29517583 -3.23073227  1.00777815 -4.83539664  2.700159  ]
 [-1.73056578  4.3550978  -4.61264398 -0.32422975  4.97238083  2.62878246]
 [ 0.17243742 -0.79313279  3.12704054  4.9161777   0.88979682  0.96742872]
 [-4.16652672  2.85481251  2.66436127  2.29276825  0.25468992  1.57590375]
 [ 3.68838821  4.5031941   2.84854751 -4.50625403 -2.73371947 -4.84197425]
 [ 2.40373348  1.11975477  2.65378573  1.18600326  2.53288538 -2.66606126]
 [ 3.06358517 -0.55090254  1.48076229 -0.53189277  3.31241685  0.9526375 ]
 [-0.43528458  4.59233293 -3.78841714 -1.70813476 -1.28463467  3.00815019]
 [-4.19553544 -3.52845042 -4.54055884 -4.47487154  4.50062295  4.46714692]
 [ 2.12735774 -4.22844736  0.42308112  4.7722704  -2.84156897  1.13240507]]
