[[-0.20701682 -4.18963786 -4.14384     4.64553425 -0.65924433 -0.77953835]
 [ 3.86809668  2.52946931 -3.03124034  3.15275493  3.2642616   2.35549549]
 [ 4.31715611  1.5868066  -4.83507241 -0.32266754  1.62006545 -0.12779968]
 [ 3.69586663  4.8027629  -2.75691635 -1.71667103  4.6780476   0.49781775]
 [-2.57044469  1.24163208  0.81543152 -2.78959586  2.49971633  3.48096883]
 [-3.1851623  -3.7807331  -1.73440598  3.76884113 -1.45466727  3.39557476]
 [ 3.3985381   3.51917909  1.10902229  2.70550695  2.21268096 -1.49351293]
 [ 0.7145647  -3.77527167 -1.15799825  2.63440566  0.17662033  1.30093612]
 [ 0.045492   -1.43368813 -0.54420058 -2.31596666 -1.45207134  4.80742035]
 [-0.47055783  4.18006581  4.01412554  2.8303927   3.89225975 -2.64441583]
 [ 3.3760341   4.10366411 -3.93168876 -0.13953507  4.49693619  2.51730053]
 [ 1.57864345  4.99475752  3.74700471  0.9023021   0.43665153 -2.32873547]
 [-3.57214918 -4.29336316  4.24235382  2.30668582  3.72960114  4.66761739]
 [ 2.17903253  4.9182136   2.79564716 -1.1503083  -0.5541343  -3.1077323 ]
 [ 4.79851625  0.65171936  1.36868992 -1.95635514 -3.09062568 -2.35045757]
 [ 3.86267158  3.73272136 -1.08441605 -1.45510216 -2.25783387 -0.48559128]
 [-1.35871585 -1.47781416  2.78453376 -3.91607523  0.68775666  3.22032043]
 [-3.52808757 -0.68853358 -0.52944049 -1.11749718 -1.14209519  2.54964755]
 [-2.88370346 -4.88607891 -1.38538278 -3.96306602 -0.33167863 -0.88295894]
 [ 4.00123493  0.7248943   4.02716417 -4.620815    0.46050005  3.15963943]
 [ 2.54419661 -2.90464568  0.83160044 -2.24796191  0.48730234 -2.91444024]
 [-0.35053985 -0.16309708 -0.70414791 -2.96729535  1.69239786 -2.23826616]
 [ 3.92027689  0.63495206  2.46706096 -3.27083474 -3.91909724 -2.81197717]
 [ 0.52233733 -0.64728033  1.73010894 -0.05253834  1.20520901  0.17701639]
 [-4.22439211 -4.53941911  1.00399364  0.12740115 -2.08242368  3.48160853]
 [ 1.4447404   0.59462481  4.14940636 -0.84236745  4.81837236 -0.16972335]
 [-0.31879958 -1.02480675  0.97171684 -2.66419272  1.15720891 -4.53728589]
 [-3.44085741  3.46304221 -1.61032552 -2.43701305  2.59436155  2.125116  ]
 [-3.01606992 -3.80489634  4.0212241  -3.77736674  3.56839211 -4.38648872]
 [ 3.73247933 -4.34275447 -0.91360705 -4.80500136 -4.93711214  0.08151669]
 [ 0.17206578 -0.63814662  3.51595663 -2.9514751   4.57835384  2.61986314]
 [-4.18552431 -0.31737023 -3.07052969  2.25292209  3.8762373   2.88813299]
 [ 4.88662602  0.98819125 -1.84091629 -2.97111434 -0.04944179  2.22683289]
 [ 1.97448801 -1.10416702  0.60040456 -4.66558239  4.13955781 -2.12080322]
 [ 1.98370599 -1.60020624 -4.90748484  4.84340106 -3.93585138 -2.8262194 ]
 [ 2.96128888  1.29907828  4.98703538 -2.26398169 -2.14975553  4.88324527]
 [ 3.84834554  1.96996779  2.13728308 -3.91634648  1.4800276   0.37095148]
 [ 1.89862893 -2.44596996  4.78062906 -1.62800532 -1.80950842 -0.16451256]
 [-4.86476171  1.78324047 -1.09127032  4.51458636 -1.49591708  3.80548835]
 [-2.29081241  0.31766559 -1.20186786 -4.02984408  2.00813738  3.81295923]
 [-4.6976954  -2.73381026  4.86899776 -1.06971946  4.73437532 -3.94814153]
 [ 4.76998209 -2.43640595  1.51837672 -3.58465294  2.30871707  2.04768569]
 [-2.94838228  2.96344831  3.11229715  1.03522228  0.86019304 -2.57703986]
 [ 0.62409113 -0.60335957  4.63762754  3.76091848  3.02560921 -2.12171239]
 [-1.42438843 -1.5564121  -0.75024602 -2.60836493  2.35036505 -2.12946416]
 [-4.67902354 -1.76322744  4.32393494  0.98219656  3.68861181 -4.36697043]
 [-4.84701391 -0.93818086 -2.39657058 -2.78918743 -4.47678087 -0.62802403]
 [ 2.01286685  4.16468386  0.94207516  0.81335585 -1.81764149  2.93989599]
 [ 3.39506189 -1.18646455  1.8559283  -3.69685537 -4.14340916  2.6676055 ]
 [-0.15182315 -3.79317008  0.67185628 -1.65029454  0.02178798 -1.76773887]
 [-4.03992358  0.12212119  2.63919534 -4.90795995  3.62295923  3.75798824]
 [-3.99163154 -4.45604552 -2.64651189  4.67307254 -1.5996462   4.3551878 ]
 [-0.8247654   1.03965857  1.04559927  3.82501225 -3.07178714 -1.74373913]
 [ 2.6848601  -3.60525534 -1.16551182  1.39695007 -2.12254071  3.64161988]
 [ 3.48963772  4.97546068 -4.47965507  2.90281657  1.46566935  4.31512675]
 [-2.2357339   1.26485602 -0.85728319 -4.04959927 -0.87084574 -0.25484671]]
