[[-2.95560661  0.19452235  4.98932461  0.51688867  2.33278336  3.63920495]
 [-3.31035468  4.65046542  2.27247753 -2.49113107 -2.9689597  -4.6852893 ]
 [ 3.25565937  0.65209612 -1.4618372  -3.28220838  1.74533999  0.44420183]
 [ 2.94572773  0.43868208  0.27655814  1.79846598  0.6692989  -2.86896722]
 [ 4.06181522 -1.25433697  1.96563481 -4.33232735  2.5161471  -0.93938096]
 [ 2.38363758 -4.25414843 -0.89307969 -4.45347993 -2.37330536 -2.38057164]
 [-1.56147299  2.74177937  1.70542958  3.76787561  0.4431842  -1.75659245]
 [ 3.29589269 -2.57444776  2.49251807  1.93234765  2.52264883 -2.30496532]
 [ 1.19019938  2.93868001 -3.11338649  0.82841299 -3.43456744 -2.3623605 ]
 [-0.75972881  1.1513293   4.281683   -1.76089229 -1.64459889  3.27253128]
 [ 3.84514114  2.91776048  2.45547105  3.46135787  1.50890284 -2.98831699]
 [-4.07056997 -4.06187441 -2.69544058  3.75835905 -4.98771924  4.97541342]
 [-2.62462086  3.62082753  4.42842992 -4.08252191 -0.96742575  1.72936937]
 [ 2.61355447 -1.30924252 -4.97487027 -4.73274824 -0.01267309  2.9835839 ]
 [-3.4319393  -1.44665942 -2.71535146  1.14141636 -3.26895288  1.46637656]
 [-2.63268803  2.00707178  1.77906131 -0.558738    3.62667909 -1.27745257]
 [ 3.40789956 -1.4714105   1.97226704  0.09635899 -2.13750496  3.94226375]
 [ 1.60928288 -0.10375649 -2.19492419  1.04800317  0.70641319 -2.52346233]
 [ 0.47338429 -3.3235936   3.79639308  3.10697328 -0.4194734   2.12660472]
 [ 0.86571068  0.94204615 -2.63613863  3.25952341  0.48034626  0.59962161]
 [-0.72543539 -1.00538389 -1.67931904  3.5346757   2.95107781  2.58939535]
 [ 3.68415346 -0.07338167  0.10976554  3.02692721  1.20897     3.46926157]
 [-2.30215786 -4.47331502  3.05652453  4.86718816 -2.10518126  1.54587318]
 [-2.63479606  0.47763522 -4.12408882  3.53265159  1.30663625  2.11663218]
 [-2.99460454  2.16736846  3.15167189  2.19619963 -3.53800304  0.81197176]
 [-1.06334738 -3.67113695  1.22789298  2.61048891 -3.18217114 -3.64162203]
 [ 0.15551534  3.28505978 -2.17605824  1.21037121  4.33976895  4.64216123]
 [ 3.27459838  2.50570673 -3.82977797  4.48282957  0.69797067  2.34589035]
 [-2.56646721  1.26751991 -3.68152194  0.86912239 -2.79281576 -3.61706452]
 [-2.18378156  3.12263313 -3.15280678 -0.69688127  2.39539773 -4.66326993]
 [ 3.25489848  3.54421569 -3.68025662  0.34069139  2.1987902  -1.5198897 ]
 [ 2.40031373 -4.70186196  3.15630394 -4.70524829 -0.02236429 -3.34113196]
 [-1.38142821 -2.67771445  4.53246335 -1.75330086 -0.4817196  -2.8413302 ]
 [-3.06660901  1.71724434  1.37736476  2.19179472 -0.13076783  2.1806006 ]
 [ 4.04232766 -1.51977497 -3.99661171 -1.02555587  1.81283514  2.77153718]
 [-4.56058199 -0.58383872  1.53054006 -2.52368812 -3.33484592  3.00257143]
 [ 1.25329988 -3.35829275 -1.5285743   2.66234097 -4.58366647 -2.15217406]
 [ 4.08806108 -2.06418238  0.44962006 -4.67152594  2.24812378 -3.88697617]
 [-2.3565101  -1.79199204 -0.66526652  2.71661108  0.41635504  0.2859012 ]
 [ 4.71316948  2.16785662  0.50236871 -3.23949847  2.84646267 -3.2344419 ]
 [ 3.07240535 -1.01473991  0.8595806  -2.30747446 -3.41317734 -2.27153323]
 [ 1.6806556   1.10746964 -0.59947535  1.48131898  4.04501512 -3.10059306]
 [-3.09867821 -2.53621497 -1.23292317 -0.7133721   2.36099366  0.74667756]
 [ 4.5697901   0.82636103  0.06340811  0.16584186  2.47912701 -2.15981259]
 [-3.98977119 -2.24313721  3.14718956 -3.48159865  4.0143121   0.70315148]
 [-1.99626716  2.44177028  3.65858858 -0.90990024  2.81578043 -4.38159242]
 [ 3.69923158  3.24446223 -4.59681126 -1.19151907  0.83028397  0.27241343]
 [ 4.73244391 -3.47221247 -2.96003602 -1.66164031 -1.70933829 -4.96279918]
 [ 3.49700644 -1.54717276 -0.66073101 -1.36006347  0.65469662  0.90997259]
 [-0.35051326 -2.43528573  0.73528916  0.67818875 -0.88788444  4.10666274]
 [-1.0089846   2.16487143  3.26168749 -1.75150306  1.73967477  1.03517131]
 [-4.72517246  1.08813996 -0.36731873 -1.22648354  2.70495833 -0.17473406]
 [-1.308298   -1.77560455 -1.3604151  -4.26213319  0.80601265  2.88918589]
 [ 3.45634086  4.58452428 -2.55738121  2.61164949  2.30779126  3.29306174]
 [-0.28123798  0.13155305  0.4938009  -4.70098636  4.80416928  4.21095428]
 [ 4.87785545 -4.93592099 -1.78546029  1.30297     0.7114546  -1.55226444]
 [ 3.17950561 -2.60905139  4.11213209  0.81182972  1.42896894 -4.06608474]
 [ 3.3521956  -3.90035191 -4.17090057  4.59198102  0.51773757  4.47838258]
 [ 3.3618524  -0.23409709  3.01898178 -1.57579602  2.49012097  2.64427548]
 [-2.87628731 -2.84846856 -0.52077348 -3.28897607  4.49773132 -4.70034149]
 [-1.22049798  4.74183352  3.95078369  2.98603344 -2.79313539  1.27350586]
 [-0.59947916  4.76208039  0.92672504 -0.06969274  2.05143548 -4.08006774]
 [ 1.37900336 -0.1640588  -0.77349777  3.36509086  1.22422566 -0.59521365]
 [ 2.09066009  0.03072704 -2.24348391  4.22972578 -1.53431489  1.54303809]
 [ 2.20147232 -0.24870435  3.54221087 -4.68383266  1.75199644  0.5565682 ]
 [ 3.87373238  4.40601243 -0.02871501 -1.27882659  0.14441692  4.1247463 ]
 [ 2.11410077  1.31174807  3.65656212 -4.15015254  2.46436205 -4.94356925]
 [ 4.72466336  2.65461298 -3.11943124  2.22550788 -2.05956332 -1.28110014]
 [-1.97678104  2.94399244 -3.43845209  2.34335351 -2.84456989 -3.2024479 ]
 [-1.48071198  0.59579363  2.34622491 -4.02636261 -2.89967127 -2.6101583 ]
 [ 1.61681107 -3.84748692  0.51472685 -1.21092717 -2.3098162   0.74458924]
 [ 1.74241194  3.21951718  2.29047867 -0.66901175  4.75962931  4.46401441]
 [ 4.90432269 -4.10498439  2.50371467  2.41290695  4.26867573 -3.16189253]
 [ 3.45913534  1.77752632  2.92831535  3.25380901  0.03797435  2.81922388]
 [-0.94262169  1.32887476  0.98720244 -4.7309082   3.75051049 -0.98003334]
 [-2.57707743 -0.78104833 -3.71145314  1.88591749 -1.59826973  2.95492938]
 [-1.20123532  4.23928489 -1.25103877  1.18897016 -0.19826077 -4.62713331]
 [ 2.46961216 -2.44864231 -2.91974341  3.29434472 -4.85301163 -4.35819661]
 [ 2.72327612  0.59530302  0.79908033  4.23588268  1.00166814 -1.65343036]
 [ 4.80505308  2.82302011  4.08417852  3.73167365  0.89245223 -2.9967868 ]
 [ 1.2318583  -3.52524201  3.43374936 -4.00721658  2.04365384  2.72165381]
 [ 0.50563915 -0.38597424 -3.97119078  4.82522106  3.76051537 -1.41481311]
 [ 1.833684    3.97960515 -2.96523678 -4.57923891  4.16370592  0.43891729]
 [ 2.25437263 -0.25154032  4.67291377 -2.99974792 -0.51859859  0.11203497]
 [ 4.7051178   0.92357803 -0.26589608 -3.44263943  4.96071007 -1.75951094]
 [-4.64891044  0.20628034 -1.53099732 -1.15053389 -4.52047739 -1.58410419]
 [ 4.81629641 -3.53341484  2.6285747   4.99869709 -2.12353717 -2.64571161]
 [ 4.75365515 -0.99481145 -4.91202169 -0.07028697  3.87970227 -1.54750429]
 [-2.80119393  1.865498   -1.74156929  4.27607594  2.15531498  3.8233593 ]
 [ 1.9565309  -2.33056426  4.78973932  3.60473472  0.32960493  3.9996876 ]
 [-3.60815811 -1.59795782 -3.34575402  2.42590952 -3.14900748  0.71200514]
 [ 0.28775178 -3.73079512  2.82964623 -4.95261118  0.77057539 -1.16551301]
 [ 3.47911781 -0.41776998 -2.81499682 -0.57921936  3.17995516 -1.18195593]
 [-2.34160848 -2.50118219 -3.84745472 -4.91709971  3.24336096  3.19070842]
 [ 3.64408537  3.06565552  2.15972977  4.08010719 -4.66345285 -2.84918802]
 [-0.04208749  2.16789477 -3.10984658  1.43334921 -4.97847997  0.24242443]
 [ 2.63060866 -0.3657628   4.03608651 -0.17531864  3.90205871  2.73740337]
 [-3.9377115   4.28272034  3.54335751 -2.55529148 -4.95036393 -1.96626226]
 [-2.63339217 -3.19054113  2.10866295  0.73455482 -2.5160946  -4.42727801]
 [ 3.88389399 -3.82463829  1.18426724  1.56961801  4.28170097  3.94825102]]
