[[-2.76520177 -1.58839213  0.15722532 -3.47839669 -4.51265404  4.68794609]
 [ 2.4194413   2.84648888  1.53273601 -0.58290232  1.67444684 -3.57196683]
 [ 3.1125643  -0.08783793 -1.67049738 -1.13148122  4.39556928 -2.30240848]
 [-3.71786841 -4.76920672  1.65166351  0.24594309  1.06590194 -1.06139435]
 [-1.25699084 -4.23641892  3.05821492  3.41662424  3.15041115  0.97893047]
 [-1.23086809 -3.11210267 -1.14181677 -3.59978155  3.73961287 -4.04861636]
 [ 1.19573677 -1.61576039 -3.2532001  -1.46740663 -4.35510118  3.77933891]
 [ 1.80133724 -4.1827516   4.76560221  1.37166684 -1.02224739  0.10459659]
 [ 4.0810968   2.07027501  4.80817421  1.15061798  2.64551402 -4.42998094]
 [-2.74786336 -1.02436958 -3.62192873  4.80507154  2.32348257 -4.77841679]
 [ 0.39419099  3.42752443 -3.03412992  4.4091498   1.41698702  2.69733993]
 [ 4.94384272  3.57819732 -2.22907597  4.2040928  -2.12383216 -4.00259881]
 [ 1.57731345  0.04824908 -2.92717033 -2.44441376 -0.64592849 -4.90260708]
 [-2.78862245  1.60948149 -0.65093132 -3.18510981  3.581047    2.82248547]
 [-1.20074204  4.21284006  0.89228097  1.71685587  1.58342665  0.18523588]
 [ 2.55844475  3.92123664  3.98832509  3.26151399  2.85606337  2.42017114]
 [-2.31779463  1.28291878  1.92112908  4.33643606  3.91782935 -4.24806249]
 [-4.86673437 -1.72256337  4.34173369 -4.01010272 -3.19287839  1.00887294]
 [-0.92145833  0.74310438  4.93255377 -4.32287792  1.60634762 -1.17940141]
 [-4.6943851   3.46268231 -3.71592037  4.22694471 -1.80836805 -2.58289169]]
