[[-0.05548043 -4.82317588  1.2284962  -4.80836524 -4.07162868 -3.35133518]
 [-3.63152242  2.32381699 -0.86654599  3.23439702 -2.0522529   0.42686141]
 [-2.70318534  3.80806677  0.47591037 -4.15658237 -1.53109755 -0.84991226]
 [ 2.57695751 -4.40841697 -1.22164033 -1.17123113 -1.20618642  4.40455617]
 [ 3.00785762  2.88136002  0.98486825  4.81825926  3.03145877 -3.57721201]
 [-1.71702441  2.61008182 -4.72062065 -3.18571825  3.14258961  1.6355743 ]
 [-2.07731733  1.63281632 -4.82052731 -1.58914473 -0.42979875  3.38966741]
 [ 0.07038482 -2.40886715 -4.90033016  3.43283995  2.65103276  4.3565714 ]
 [ 2.3877528  -3.88045127  1.76779444  0.91545709 -3.14956604 -2.79021175]
 [ 2.46709811 -0.23998423  2.35086473  3.43478435 -1.97987214  2.24467285]
 [-4.14460398 -0.44586855  4.80213158  1.77707497 -1.53068135 -4.74583187]
 [ 4.00926403  4.46399229 -3.33442278 -1.48592157 -0.89687789  4.25265731]
 [-4.18244958 -3.71365511  1.15901548  1.0731809  -4.48211097  4.69227026]
 [ 3.98137946 -3.11010828 -1.27078483  0.29472466 -2.34819266 -2.21251431]
 [ 2.20473594  0.58360606  2.42524817  4.11332962 -4.29106151  1.87527697]
 [-0.49260308 -3.72793315  1.26813209  0.30566254 -4.66736661  4.83858481]
 [ 2.74151048  0.57259733 -2.57988398  3.96089825 -2.7153073  -2.14154307]
 [ 2.29915833  3.69149082  4.07981272 -1.57470682 -4.16936191 -2.30770621]
 [ 1.00681473  1.6929108   2.48249232  4.79108546 -3.52931417 -0.48590254]
 [-3.43460564  1.57942142 -2.3069874  -3.96912796 -1.94476432  4.81456361]
 [-1.58261793  4.59471969  3.11522187 -1.55237     4.71323535  4.27002427]
 [-3.44308246  4.27561241 -0.54168675 -4.95585822 -2.25011015  3.80635487]
 [ 0.63614641  3.26961365 -1.78642113 -0.84480243  1.31835329 -4.841605  ]
 [-1.68816169 -0.87612285 -4.55173185  2.49103222 -3.03147035  3.40759071]
 [-4.29611573  1.99393948 -0.13200221 -0.54841491  1.57270535  1.48741092]
 [ 3.20771286  3.97472763 -3.96741602 -2.50153123  1.13988863  1.57716726]
 [ 3.46775996  0.91820256  2.09620661  3.18632204 -1.01972965 -0.67271096]
 [-4.15140323  2.3786652  -3.99127334  3.65746348 -4.0208901   1.70816177]
 [ 4.48044742 -0.30511468  4.0728328   0.90440084 -2.42915442 -4.89457394]
 [ 2.29439461 -3.95342415 -2.49377575 -2.66030017  1.5981875  -4.11532071]
 [ 2.16845503  3.30858282  4.87834075  4.81568186  4.37131026 -4.57040585]
 [-2.9196739   0.21942033  2.35298517 -2.02771504 -2.06134206  2.09872191]
 [-1.59065911 -1.33823549 -2.20247689  1.53776585  4.30989969 -1.30255491]
 [-4.01871255  0.92607709  0.08808775  2.07284664 -3.14784294 -4.95461934]
 [-2.35414203 -3.75445603 -3.75814638 -2.54029606  4.27118516  4.37871142]
 [-0.05801836 -4.57860074 -1.12757666 -2.54784148 -3.27192891  0.1008279 ]
 [ 0.73474843 -0.5142599  -3.61575702 -0.88016786 -4.36364921 -3.7298772 ]
 [-1.68666929 -4.09759912  0.29450219 -0.67547342 -2.57979567  1.4655993 ]
 [-3.26177683 -2.98896904  0.87955792  4.0284741   2.88868515 -4.6044309 ]
 [-1.80092933  3.42786492  3.87204095 -0.67014869  3.09643434  1.53431966]
 [ 2.09311078 -0.49831753  0.75055436  4.29083783  1.77738809 -3.69117765]
 [-0.91588698 -2.242383    2.42338546 -3.07711355 -1.06925337  0.72770991]
 [ 2.68245464 -0.41466791 -4.61101757 -0.82549167 -1.65435802 -1.90517581]
 [-0.67342441  1.24327322  2.57922354  4.75712614 -3.07980631  1.09340795]
 [-0.4672053  -1.06231585  0.61794686  2.61574736 -0.75454199  1.34227126]]
