[[ 1.87997388e+00 -2.16313085e+00 -2.36261042e+00  1.59469942e+00
  -2.87760953e-01  2.26826374e+00]
 [-2.59058075e-01 -2.63380588e+00 -1.45785874e+00  4.39814187e+00
   1.75475386e-01 -4.71646749e+00]
 [ 4.58095025e+00  1.31282093e-01 -1.10464916e-01 -3.43648169e+00
  -1.74014301e+00 -2.44960027e+00]
 [ 9.91382525e-02  2.73542853e+00 -4.03105218e+00 -1.96451277e+00
   3.11377184e+00 -9.96579997e-01]
 [-2.04706826e+00 -3.33626136e+00  3.53431024e+00 -1.85256778e+00
  -2.28010289e+00 -4.26301714e-01]
 [-1.82224801e+00  7.52850863e-01 -3.76704615e+00 -3.77398369e+00
  -1.55402562e+00 -1.66783620e+00]
 [ 1.24290043e-02 -3.67906773e+00  4.20351089e+00  3.31885239e+00
  -2.64205002e-03 -9.22699569e-01]
 [ 2.60077317e+00  4.02528898e+00  3.21788439e+00 -3.75433372e+00
  -2.85158317e+00 -3.93249832e+00]
 [ 4.79523365e+00 -2.29907442e+00 -3.21886218e+00  3.75344262e+00
  -3.29311245e+00 -2.61097759e+00]
 [-3.03173651e+00  4.14926389e+00  1.95761160e+00  3.21941164e-01
   4.92804818e+00 -4.51569235e+00]
 [-3.89423521e-01 -1.10701588e+00  3.77378109e+00  4.00271598e+00
  -2.04458616e+00 -6.46216723e-01]
 [ 3.98849982e+00 -3.16105833e+00 -1.99343456e+00 -5.94256823e-02
   3.32317064e+00 -3.23137450e-02]
 [-4.83056746e+00  2.30434941e+00  4.42861853e+00 -3.11809133e+00
  -1.35472691e+00  1.10182886e+00]
 [-3.79970837e-01 -2.82177520e+00  3.09443340e+00  6.04882065e-01
  -4.81203422e+00 -3.71283253e+00]
 [-1.63007199e+00 -2.38632399e+00  3.08162107e-02 -2.60854300e+00
  -7.31712599e-01 -3.14658636e+00]
 [ 4.50486574e+00  1.71085231e+00  2.48743094e+00  3.50729517e+00
  -2.97182185e+00 -1.34710906e+00]
 [-3.13314058e+00 -2.04744775e+00 -2.30478390e+00 -1.91462209e+00
   2.99680152e+00 -3.77383547e+00]
 [ 2.59273401e+00  4.44404313e+00 -4.50377967e+00 -3.96172468e+00
   2.65252393e+00 -2.56362416e+00]
 [ 4.72788925e+00 -1.23906723e+00  3.93426689e-01 -2.89299625e+00
  -3.67002357e+00  1.18896047e+00]
 [ 1.54984126e+00  3.13000033e+00 -2.12509804e+00 -2.30727071e+00
  -1.11473672e+00  1.66957061e+00]]
