[[-3.13249988 -1.44918093 -1.70378347 -2.32492962  2.28907922  3.27887312]
 [-3.98283696  2.49263783  3.41000868  3.51991974 -1.14268609 -3.42014601]
 [-1.99953477  2.32557725  4.26221482 -0.8489953  -4.38027491  2.70480101]
 [ 4.7558166   4.6539017  -3.56840751 -0.64403337  0.07126775 -3.35224154]
 [-0.74725368 -3.62421777  0.02916259 -0.04024195  0.00859736  0.03797276]
 [-2.01704972  3.25153196  4.06225367 -2.72436863  0.19569675 -4.07260825]
 [-4.64602007  1.58649131 -3.1689357  -0.53740128  2.98614903 -2.70159132]
 [ 3.32437477  0.93164653  0.46165857  3.50631652 -0.33569338 -1.28705485]
 [-1.36582447 -4.45192776  2.22962828 -2.17693298 -3.58506681 -1.04592605]
 [-4.05487281  2.63765957 -2.14192435  2.96777114 -1.32327747  2.99046381]
 [-0.83576153 -4.08187966 -1.61883627  1.3867403  -3.49553415 -2.607507  ]
 [ 3.88589383  3.019318   -3.12111054  0.82733035  4.38691389  1.74278752]
 [ 3.4358435  -1.21888072  4.93126164 -1.71451684  3.94887292  1.57629907]
 [-4.05890123  3.45881906 -0.29516158 -1.72704086  0.15668405  2.43324934]
 [-2.60064006 -4.8084277   3.16059069 -3.79507251 -4.64751898 -1.74073421]
 [-3.10795634  1.87672967  0.608418    2.13996124 -4.9475039  -0.27963921]
 [-0.41241798 -0.34543119  3.35272409 -4.15358059 -0.41871005  4.95180459]
 [-1.89863151 -0.0243394  -0.21722353 -0.51375881 -2.09532579  1.19035429]
 [ 2.47109756  4.46446467  0.57988113  1.94169122  1.82641579  0.07100727]
 [-3.18618919  3.63767809  2.4321588   3.13403643  3.30300666  0.77193581]
 [ 4.26695055  0.08584557 -3.94579106  2.6156974  -0.03667166  3.76470466]
 [-2.35115633  3.84280454  3.90501043  3.86145104 -3.40815249  4.19830799]
 [-3.23673641  2.06832699  2.91857433  3.409448   -4.37877813 -1.93230315]
 [-0.34716937 -3.0393278   3.31394187  1.12429625  2.7846116  -3.47332079]
 [ 2.75365682  3.96639918  2.62343437 -2.66446519  3.74684992 -2.7290634 ]
 [ 4.48096485  1.89030573 -1.64252244 -1.99200208 -2.84210828  3.95844936]
 [-0.79050993 -2.05529254  3.66094627  4.33670544 -2.83536625  3.60651157]
 [ 4.51156481  4.17771564  0.5884873  -3.15309854  2.03922553 -1.40035734]
 [ 2.66509626  1.3796685   0.94637882  1.26932414  2.70049786 -1.12762269]
 [-4.7190395  -0.5451863  -0.02609992 -2.74488491 -3.94276276  1.06303905]
 [-4.56324791 -0.73742023 -2.4353123   2.35281273 -0.12782554 -1.38655532]
 [ 0.55636135  2.79691801 -3.60702412  0.45309871  4.19918841 -4.33890327]
 [-2.85528066 -4.33624097 -2.23461457 -2.78911158  2.46040773 -1.21420744]
 [-1.34488597  3.36320352 -4.88863422  4.12850637 -2.3395111   2.36545131]
 [ 4.50999391  0.32072998 -1.5769221   0.72609023  0.86537035 -4.39949397]
 [ 4.81133427 -1.59364134  0.05704435  1.25680921  1.08476817  1.33519697]
 [ 1.32820458  2.43961196 -3.42414545 -0.5304191   4.60850061  3.75361197]
 [ 1.65065205  0.26095344  3.99699999  0.82740211  1.12977378 -2.52207081]
 [-3.51862242  4.26844784 -1.95347422 -4.69775519  1.73066452 -4.91881469]
 [-3.89287409 -1.92036465  3.82347634 -4.40478433  0.20948872 -1.03839119]
 [ 4.16745317 -2.92640684 -4.72791469  1.74803282 -3.68480689  2.74980018]
 [-2.17887308 -0.43804315 -0.69056966  4.43483098 -4.57664884 -1.82993477]
 [ 3.46664081 -3.77027532 -1.41039921 -0.031397   -4.88945163 -3.87469413]
 [-1.8550674   4.25120791  1.47464174 -3.80536019  3.86384047 -0.19803404]
 [-0.53380642 -1.19018654  2.65484138  2.37163662  4.00525088 -4.46147335]
 [ 4.91738445 -1.51909287 -2.29926242  1.81050621  3.9317903  -2.89545671]
 [ 3.86716441 -1.37246401  2.61975221 -0.15515153  2.65889778  4.39963823]
 [-1.97688446  1.83213534  2.63448859 -4.80651718 -1.37140677  0.4729331 ]
 [ 2.18932476 -1.48882283  3.79093216 -3.94000205  2.8456914  -3.13497147]
 [ 4.9995383   0.46668109  0.53989539 -4.79912629 -1.16089638 -0.49609179]
 [ 0.53973763  1.2040549  -3.20108521 -0.70221143 -0.08818753  1.53614102]
 [ 2.70956467 -4.03415331  1.44970168  3.7857604  -1.45056567  0.93788722]
 [-4.03057279 -3.35409512  4.72256297 -1.79042069  0.65454755  1.78402371]
 [-2.00944518 -0.5096962  -2.45230706 -0.48448542  4.97876908 -2.83106127]
 [ 3.76776124 -2.25194452 -1.48734519 -2.82257544  3.98017811  1.35697107]
 [ 4.19461485 -4.83560039  3.61711113 -2.83924147  0.53313162  1.08926957]
 [ 1.88368375  0.07468866  4.56326053  3.09420096 -3.82895311 -0.89543963]
 [-3.55644483  1.20497071 -0.28127457  2.10834396  1.70654809  4.54401024]
 [-3.48372269 -4.81790145 -1.67970809  3.36818982  1.21123844 -1.53341728]
 [ 0.67383136 -0.76816812  3.57382827  3.45636898 -2.6553095  -0.76787898]
 [-1.33501219  4.4540815  -3.77179103 -3.81480566  0.24699809 -1.67264028]
 [-1.60799348 -2.96825665  1.20177005  1.6776152  -1.16220094 -3.74118788]
 [-4.60477473  3.28902092  0.25798372  3.15271173  0.50077453  1.94827007]
 [ 2.56255469 -3.02105701  4.31052757  4.21192488 -0.22504719  4.04736578]
 [ 2.61325641 -0.28533768  1.58406216  4.83695023 -2.54778782  4.05175016]
 [ 0.46568801  1.33558392 -1.87357561 -0.64803384  4.47054817 -4.74624064]
 [-1.55365312  3.52392043 -4.70909899  4.81828878 -4.16958046 -2.49907567]
 [-0.66256544  4.00913104 -1.22668664  3.2681777  -1.66918954 -0.64207071]
 [ 0.5124836  -2.31271809 -3.10669367 -4.55223202  4.79595849  4.35439785]
 [-2.06928611  4.17467617 -3.31828407 -2.16213515  2.11150746 -1.74216115]
 [ 4.58939156  1.87462363  4.17407309  3.39821877  0.28048194  2.56796164]
 [-2.07943252  2.67397402  1.74643409 -3.15051564 -2.60747587  2.0150455 ]
 [ 4.02986075 -2.25753931  2.6390325  -4.21493487  3.46703984  1.94634634]
 [ 2.90042106 -4.28461569 -1.29923339  2.34464809 -3.31165095 -0.31908946]
 [ 2.84216164 -0.29484082 -0.84977659  1.59377674 -3.75102006 -4.16045995]
 [ 3.60171825 -1.68538709  3.57053206 -3.45738862  2.98808343 -0.06652719]
 [-3.05641129 -1.89085309 -4.79759996  3.79639742 -1.71981944 -0.10607415]
 [-4.72964762 -4.06533551  0.29961504  0.25790058  2.31859409 -4.60015026]
 [-4.99007688  0.32215786 -3.45049593  0.18093416 -3.72927223  2.88594788]
 [ 2.87718388  0.52656015 -3.3397278   1.47584213  3.48048069  4.39903174]
 [ 1.93319855 -4.01566851  3.69208645  4.21247514 -2.85259797  1.62985471]
 [ 2.30222694  4.07329893  4.00147466  0.3771153   2.49568451 -2.34060152]
 [ 0.53984453  4.61431497 -3.56429322  0.99911632 -3.67820471  2.26529361]
 [ 2.03852871 -2.17663401 -1.01610207 -0.15731253 -2.48940619 -3.01555762]
 [-1.79212027 -1.27026063  2.48431692  0.33405731  2.8152529   1.50627204]
 [-0.78986983 -2.52742652 -4.12951745  1.32415579  0.18946066  3.30158596]
 [ 0.67406852 -0.89771216 -0.01857861  1.23694885  3.32428013 -1.51272775]
 [ 3.88518463 -4.26870762 -4.28280872  3.12377381  1.76780116  0.45320146]
 [-0.85577955 -4.58685844 -3.15160075  1.54785186  2.69966115  2.30387607]
 [ 1.09258605 -1.01493009  0.97969037  4.417488    2.561928   -1.92148869]
 [-4.15016082 -2.76187506 -2.84784329  0.27939568 -4.05484613 -2.86024564]
 [-0.65064956 -2.99440902 -3.72217843  0.79799996 -2.14453569 -2.12380427]
 [ 2.94950253  1.50409582 -2.54614933 -0.77337099  1.24036741  2.20279922]
 [-1.55750779 -4.03836832 -0.05114221  2.96979209  1.39568744  0.45926855]
 [ 4.04664334 -3.36454305  2.37156838 -4.73648198  2.99964058 -0.09423292]
 [-1.03224752 -4.14655681  2.24459619  0.09620385 -3.51557292 -3.54422801]
 [-3.78140558  2.3013858   1.10014808 -3.38588442 -4.3471397  -1.27515825]
 [ 4.5476819   2.30949441  0.83643524  2.44212732 -0.86422302  2.84923971]
 [-1.96011204  2.45426659 -3.58540436  4.86878214 -1.15220954  3.77318356]
 [-1.16775602  0.30289345  3.7110208  -2.93541365  3.21903302  4.05778381]]
