[[ 2.62670809e+00 -2.57715794e-01 -1.87613395e+00  2.01007725e-01
  -2.18634313e+00 -2.85176532e+00]
 [ 5.16235008e-01 -3.61266560e+00  4.45567121e+00 -6.43004521e-01
  -4.50193643e+00  3.27325408e+00]
 [ 4.60283926e+00  4.12047687e+00 -3.58540443e+00 -4.00311310e+00
   1.69946749e-01  2.57966029e+00]
 [ 2.79524654e+00  3.05847589e+00 -4.17424603e+00  8.50957198e-01
   4.06382993e+00 -8.07003666e-01]
 [ 2.17147975e+00 -4.03062618e+00 -3.95182183e+00 -2.90260413e+00
   4.38037128e+00  3.54472171e+00]
 [ 6.70599082e-01  9.47327000e-01  4.79812674e+00 -1.19662414e+00
   3.17638449e+00  1.25031566e+00]
 [ 6.37970170e-01  4.88784375e+00 -4.11817281e+00 -3.42877727e+00
  -2.32592251e+00  1.46612279e+00]
 [-1.26048897e-01  3.86746851e+00 -3.98058134e+00 -4.84344825e+00
  -2.30188177e+00  2.10158633e+00]
 [ 2.28488076e+00 -4.99313270e+00 -5.50673094e-01 -4.05205753e+00
   4.93257102e+00 -3.52920657e+00]
 [ 3.73254988e+00 -1.14360039e+00  1.03877900e+00 -3.47349770e+00
  -1.85912668e-01  2.40502867e+00]
 [ 3.34094117e+00 -4.50525887e+00  1.55891557e-01 -2.35400089e+00
   4.01482317e+00  2.42618728e+00]
 [-2.05765908e-01 -9.54017720e-01  1.76100501e+00 -2.31902616e+00
  -3.40916144e+00  9.14052305e-01]
 [ 7.36914334e-01  2.20984569e+00  4.71795723e+00 -3.55125982e+00
   9.26512296e-01  3.48439845e+00]
 [-4.04514577e+00 -2.54177737e+00  1.35926315e+00 -4.31475498e+00
  -4.54222491e+00  2.30121446e+00]
 [ 3.81277406e+00  1.59755099e+00  2.58894295e-01  5.84065251e-02
  -1.52539314e+00  3.21868426e-01]
 [ 5.93838724e-01  2.33093700e+00 -2.79599906e+00  2.91986462e-01
  -1.52722063e+00 -4.71962202e+00]
 [ 3.98991623e+00  5.19069942e-01  4.04695422e+00 -1.39410921e+00
  -3.33981307e+00 -2.76011053e-01]
 [-4.94909045e+00  3.22528332e+00  3.87558350e+00  1.79719899e+00
  -3.68198648e+00  1.29731118e-01]
 [ 5.30074738e-01  1.78119828e+00  8.16298393e-01 -2.90148492e+00
  -5.53716867e-01  4.19958902e+00]
 [-4.69529995e+00 -2.84116823e+00 -2.60638577e+00  4.73167692e+00
   2.83290722e+00  1.60545812e+00]
 [-4.79979411e+00  2.44530675e-01 -3.75176523e+00  3.72171512e+00
  -1.77778592e+00  6.52357141e-01]
 [-1.00337470e+00  4.54483796e-01  1.00402785e+00 -1.38895299e+00
   3.56448735e+00  3.89412384e+00]
 [ 2.99860799e+00  4.04937648e+00 -4.83779325e+00  9.21671502e-01
  -8.52092777e-01  3.50413929e+00]
 [-1.60771281e+00  2.92223574e+00 -2.22040146e+00  4.95700517e+00
  -3.01530630e+00  1.18232342e+00]
 [-3.68603226e+00 -4.69804574e+00  1.78509664e+00 -4.94443250e-01
   1.94672245e-01  2.67643028e+00]
 [-3.58607713e+00  2.39560441e+00  9.98186248e-01  2.71768937e+00
  -4.96886478e+00  1.01427725e+00]
 [ 2.73371029e+00  3.94528252e-01 -1.54112795e+00  3.48308955e+00
  -1.67301092e+00  3.68935871e+00]
 [ 1.40865921e-01 -3.75849417e+00 -7.76844590e-01 -5.29448135e-03
   1.48043671e+00 -3.55727640e-01]
 [ 4.60441776e+00  3.67470701e+00 -1.50248341e+00  2.52158918e-01
  -2.99571863e-01  3.49825237e+00]
 [ 4.74107296e+00 -2.90637206e+00 -2.84106998e+00 -2.19602651e+00
  -8.43095152e-01 -2.03019653e+00]
 [ 1.01421677e+00 -1.21421401e+00  1.46563054e+00 -2.01435848e+00
  -2.23248186e+00  4.36916590e+00]
 [-3.43906498e-01 -2.54420503e+00 -4.54305989e+00  7.38574381e-01
   2.80323755e+00  1.99848898e+00]
 [-1.33830299e+00  1.81248416e+00 -4.34159300e+00 -3.35152598e+00
   3.78493796e+00 -3.30451824e+00]
 [ 3.18872205e+00  2.23662398e+00  2.98399780e+00  2.41419987e+00
   3.25664549e+00 -3.13084501e+00]
 [-1.36684386e+00 -3.62133182e+00  3.56630238e+00  3.86554014e-01
  -3.12350251e+00 -1.92258765e+00]
 [-2.95314695e+00 -3.24474077e+00  1.67583804e-01  4.07053285e-01
   4.34361850e+00  3.73454978e+00]
 [ 4.86248532e-01  1.57250179e+00 -4.39662431e+00  3.04952347e+00
  -1.49716061e+00  7.35008639e-01]
 [-2.76318170e+00 -1.34916812e+00 -4.41520230e+00 -4.75378860e+00
  -4.28837221e+00 -2.26641983e+00]
 [-3.23147685e+00  4.75492265e+00  2.68226598e+00  1.41785622e+00
  -2.53182246e+00  3.11900577e+00]
 [ 4.72717783e+00 -1.30693257e+00 -9.98362778e-01  2.13400102e+00
  -3.82827903e+00  3.51688694e-01]
 [-1.13757221e+00 -4.09868701e+00 -4.19202543e-01 -2.46352656e-01
   4.57867606e+00 -1.92055604e+00]
 [ 2.80378851e+00  3.94716882e+00 -2.69268608e+00 -1.68316186e+00
  -7.70724084e-01 -9.97529154e-01]
 [ 1.00844003e+00  3.03667168e+00  2.59750302e+00  4.59321160e+00
   4.36998837e+00 -2.48032470e+00]
 [-1.38165985e+00  2.04395776e+00  1.23555438e+00  1.33674710e+00
  -7.68239397e-01 -2.08135861e+00]
 [-2.86129438e+00  1.33666592e+00 -1.83949197e+00 -1.34396864e+00
   3.69225466e-01  4.45890658e-01]
 [ 5.89499747e-01 -1.78907189e+00  1.97656291e+00 -4.40671789e+00
   3.67199178e+00 -3.37426770e+00]
 [-1.72492292e-01 -3.23564802e+00  4.70490982e+00 -2.25727899e+00
  -4.02538043e-01 -1.92987388e+00]
 [ 6.31239577e-01  4.45734848e+00  4.44681568e+00 -4.98937103e+00
  -4.97710160e+00 -3.28036405e+00]
 [ 4.35430762e+00  1.26228973e+00  2.15253650e+00  4.30239925e+00
   3.31303708e+00  4.10249389e+00]
 [-1.65211899e+00  9.83540943e-01 -1.41528518e+00  2.01364811e-03
  -3.78620685e+00 -2.01126670e+00]
 [ 3.48684781e-01 -1.70582144e+00  3.77327212e+00 -4.50454426e+00
   4.96892550e+00  1.94976454e+00]
 [ 4.74125008e+00 -3.57383455e+00 -3.51356850e+00  8.40559292e-01
  -1.07286348e+00 -1.39519204e+00]
 [ 4.86330047e+00  4.59430363e+00 -8.96508142e-01 -1.97709012e+00
   1.57313420e+00  9.85925570e-02]
 [ 4.79151911e+00  3.43437602e+00 -4.38539835e+00 -2.05920985e+00
  -4.74767156e+00  1.41687692e+00]
 [ 4.92624750e+00 -2.48270460e+00  4.16515225e+00  2.68220335e+00
  -3.52343681e+00 -4.52929361e+00]
 [ 2.56021464e+00  4.51231522e+00 -3.31955042e+00  2.79522421e+00
   4.45244345e+00 -1.84997125e+00]
 [-3.71647847e+00  4.22520732e+00 -4.58140920e+00 -1.99192361e+00
  -6.09233304e-01  4.50097631e-01]
 [ 3.40349431e+00 -1.39095043e+00 -2.86093029e+00 -2.96114111e+00
  -1.01164867e+00 -4.36457845e+00]
 [-2.69322606e+00  3.78886083e+00  4.71027426e-01  4.49545649e+00
   3.14212418e+00  5.30390938e-01]
 [-1.41276785e+00 -4.20298975e+00 -4.96481532e+00  1.22642076e+00
   2.76389318e-01  2.64833496e+00]
 [ 3.15770369e+00 -2.24666524e+00  8.95314394e-01  5.53305978e-01
  -4.36691718e-01  9.68248844e-01]
 [ 1.58726747e+00 -2.34651836e+00  4.55918266e-01 -2.73774261e+00
  -1.55039477e+00 -2.58463902e+00]
 [ 4.93090602e+00 -8.41951482e-01 -3.73966783e-01 -8.66452512e-01
  -4.81714536e+00 -4.05113652e+00]
 [-4.52735805e+00 -9.97760037e-01 -3.02234982e+00  2.68140301e+00
  -2.11730803e+00  8.53517183e-01]
 [ 3.64085558e+00 -1.18425399e+00 -8.15054160e-01  7.91271257e-01
  -2.18686039e+00  2.17199325e+00]
 [ 3.41192953e+00 -3.45186668e+00  7.48194874e-01  2.43994988e+00
  -4.99004103e+00  3.38483725e+00]
 [ 1.03769127e+00  2.32635665e+00 -3.20711128e+00 -2.27843922e+00
   1.73325723e+00  6.15004447e-01]
 [-1.18336895e+00 -1.50895246e+00  7.94869441e-01  3.35217508e+00
   1.92255774e+00 -4.07124986e+00]
 [ 4.82402851e+00 -4.64139446e-01  4.58150778e+00  2.27898365e+00
  -3.91531591e+00 -5.35194154e-01]
 [-2.07071774e+00 -6.62158022e-01  1.96040977e+00  4.59312643e+00
  -2.31554284e+00 -3.38367142e+00]
 [-3.30287856e+00  1.00751798e+00  4.18326311e+00 -2.18901959e+00
  -4.13562229e+00 -4.94830823e+00]
 [ 4.69165764e+00  1.95198607e+00  6.75365154e-01 -8.27092936e-01
   3.85614554e+00 -1.15224036e+00]]
