[[-2.39859389e+00 -1.17836020e+00  2.75491617e+00 -2.70703257e-01
   2.89596635e+00 -7.30949820e-01]
 [ 3.67785373e+00 -7.21197966e-01  3.46484826e+00  3.93787653e+00
  -2.41057592e+00 -2.94963646e+00]
 [-4.96429572e+00 -2.44578018e+00  4.21901219e+00 -5.35703216e-01
  -2.95308934e+00 -2.82052082e+00]
 [-4.31772018e+00 -3.73910232e+00 -3.14206171e+00  3.01744422e+00
   1.31170335e+00 -4.80793898e-01]
 [ 9.21932157e-01 -3.56125236e+00 -1.78660625e+00  2.37679062e+00
   4.02282695e+00 -2.59153679e+00]
 [-4.27793312e+00 -1.55116247e+00 -1.42593755e+00  1.31012977e+00
  -2.85830737e+00  4.30640557e-01]
 [ 2.59406794e+00 -2.59604612e+00 -1.46443930e-01  1.76771052e+00
  -1.86572203e+00  3.47753195e-01]
 [ 2.43046799e+00 -4.43721768e-03 -4.24189145e+00  1.22074633e+00
   4.54530133e+00  2.40639012e+00]
 [ 6.50458887e-01  2.13561758e+00  6.34838654e-01  2.63863406e-01
  -4.50960021e+00  3.19964462e+00]
 [ 4.78656952e+00  1.30834311e+00  3.98096220e+00  6.29380257e-01
  -9.64013883e-01 -4.64079250e+00]
 [-8.95530844e-01  8.13329386e-01  3.63659939e+00  1.72870046e+00
   1.62040589e+00  2.59980027e+00]
 [ 1.10587563e+00  2.26238146e+00 -1.36085391e+00  4.56122521e-01
  -4.18593065e+00  2.26600725e-01]
 [ 1.06260294e+00 -4.40184868e+00 -1.58107723e+00  1.10214783e+00
  -4.97034946e+00 -3.94737941e+00]
 [-1.10823649e+00  4.97305728e+00 -2.18460096e+00  2.15770462e-01
   1.83610599e+00  3.41612939e-01]
 [-2.72101179e+00 -3.15360064e-01 -4.85922810e+00  3.87936119e+00
  -3.06879329e+00  4.89679730e+00]
 [-1.77686958e+00 -1.04501628e+00  2.35624659e+00 -1.18307202e+00
   2.71799833e+00  2.69323348e+00]
 [-3.17540712e+00  3.24416068e+00  3.74243062e+00  3.96620731e+00
  -1.25707935e-01 -4.59048401e+00]
 [-3.16847403e+00  4.82685614e+00 -3.93041393e+00 -4.55166675e+00
   2.77978267e+00  4.78806701e+00]
 [ 4.08438381e+00  4.83741566e+00  8.26571726e-01  1.17424268e+00
  -3.14284795e+00 -7.84976094e-01]
 [-1.91296831e-01  4.69674383e+00  3.48339750e+00 -2.16199464e+00
  -2.79327041e+00 -5.12214565e-01]]
