[[ 4.28602851e+00 -4.62844079e+00 -1.30202615e+00 -5.76476720e-01
   3.18890034e+00 -4.25552768e+00]
 [ 1.95199817e+00 -3.26539108e+00  2.75450896e+00  1.01482558e+00
  -4.61549773e+00  2.46902416e+00]
 [ 3.27035217e+00 -4.67492198e+00  1.29921585e+00 -2.96329536e+00
  -5.96115360e-01  1.10919839e+00]
 [ 1.25725127e+00 -2.89147205e+00  2.19270083e+00 -4.67714712e+00
   3.80258048e+00  3.73434545e+00]
 [-2.30362205e+00  1.70408674e+00  3.05671937e+00 -3.42155278e+00
   3.09689313e+00 -2.57110810e+00]
 [ 4.14692817e+00 -1.46202622e+00 -3.21893136e+00  4.18263317e+00
  -7.57088602e-01 -4.65911378e+00]
 [ 1.75526249e+00 -3.49358253e+00  2.36191294e+00 -3.85838477e+00
  -4.83347994e+00  3.01750965e+00]
 [-3.02731615e+00 -1.05222859e+00 -3.62250330e+00  4.32555513e+00
   4.54938813e+00  1.72678818e+00]
 [-4.97247812e+00  2.50835296e+00  4.66952955e+00  3.56607850e+00
   2.91417934e+00  8.70818816e-01]
 [-3.88148743e+00 -4.46027970e+00  2.15819411e+00  3.40610003e+00
   2.88866099e+00  3.34571338e+00]
 [-3.25027161e+00  1.71993634e+00  2.52145240e+00  2.24729573e+00
  -4.81217591e+00 -1.80801445e+00]
 [-4.90606849e-01 -2.06881960e-01 -2.40459858e+00 -5.22423776e-01
   1.12457030e+00  3.09718305e+00]
 [-8.86208438e-01 -3.20673837e+00 -7.17014481e-02 -1.35131374e+00
   1.04134054e+00 -8.20939242e-01]
 [-3.96053775e+00 -1.07379772e+00  1.47198671e+00  4.55917766e+00
   5.28740195e-01 -8.86243243e-01]
 [-3.33628321e+00 -1.34943236e+00 -8.87531176e-01 -3.85347108e+00
   2.03658502e+00  1.88709023e+00]
 [-4.29269816e+00 -3.35686801e+00  3.27988460e+00 -2.97848710e+00
   3.62056658e+00 -1.85422768e+00]
 [ 5.23472091e-01 -2.59559847e+00 -1.85178964e+00 -4.79365171e+00
  -4.39806610e+00  1.47622876e+00]
 [ 5.05892134e-01  1.59972876e+00  4.36822040e+00  4.22385238e+00
   4.97947147e+00  2.14722622e+00]
 [ 4.38340215e+00  3.91983327e+00  3.86662380e+00 -1.89842317e+00
   4.93629716e+00  4.00637543e+00]
 [-7.08451321e-01 -2.01575237e-01 -2.67642635e+00  2.78742922e+00
  -2.26183957e+00  4.06672389e+00]
 [ 3.16295156e+00  1.03350200e+00 -1.65936082e+00  1.17502526e-03
  -4.30136405e+00  4.71696764e+00]
 [-1.85475775e+00  5.69651233e-01 -1.94646947e+00  3.72397856e+00
   3.53820755e+00  1.15587783e+00]
 [-3.89317718e-01  4.21360872e+00 -3.07366572e+00 -1.88748560e+00
   6.88247555e-01 -2.50034723e+00]
 [-3.92567251e+00  5.22179256e-01  1.45674949e-01 -3.83468282e+00
  -1.84455877e+00 -1.73641735e+00]
 [ 4.39817457e+00  2.72735880e+00 -2.63240506e+00 -3.33206431e-02
   3.26866047e+00  3.12582114e-01]
 [-3.55632400e+00  4.88066759e+00 -4.41186196e+00  6.21845524e-01
  -2.94171622e+00  4.58197274e-01]
 [-6.65361546e-01 -4.54779412e+00 -3.77342406e+00  3.26857556e+00
   2.75139786e-01 -4.79750458e+00]
 [ 4.88004494e+00  2.61943538e+00  1.02843082e+00  3.58874145e+00
  -3.70824928e+00 -2.98498154e+00]
 [ 3.06956060e+00  2.23379562e+00 -4.72979219e+00  4.58781742e+00
  -4.88909618e+00 -2.39603887e+00]
 [-3.85758872e+00  4.59404526e-01 -4.63929024e+00  4.52759728e+00
  -3.30387601e+00 -3.83750934e+00]
 [-1.58786326e+00 -5.98906434e-01 -2.28003617e+00 -4.26064975e+00
   4.72860491e+00 -4.53286043e+00]
 [-4.32559884e+00 -8.57431897e-01 -4.78596347e+00 -1.69573076e+00
  -3.34623003e+00  2.46136708e+00]
 [ 8.67144693e-01 -1.22652336e+00  8.09620386e-01  7.82266206e-01
   2.73675886e+00  4.41914379e+00]
 [-2.18647793e+00  1.93071846e+00 -1.55808025e+00  6.14927022e-01
  -1.59358516e+00  4.78799179e+00]
 [-4.07749816e+00 -2.07295027e+00 -1.94365703e+00  1.00938381e+00
  -3.18852311e+00 -4.65586287e+00]
 [-1.34727078e+00 -4.88523348e+00 -4.74196939e+00 -1.69500600e+00
  -1.60647543e+00 -1.34903423e+00]
 [ 4.93434893e+00 -6.18375357e-01  3.50629945e+00 -3.16707550e+00
   3.59180968e+00 -3.47293453e+00]
 [-8.41599136e-01  6.36146901e-01 -8.69266030e-01 -1.33781268e+00
  -4.97412590e+00 -1.42063635e+00]
 [ 3.64236537e+00  2.05627842e+00 -1.02384795e-01 -2.15549271e+00
  -4.81535330e+00 -2.97905773e+00]
 [-6.98316619e-01 -3.16790575e+00  6.72070490e-01 -3.57895956e+00
   4.18701762e+00  3.08957434e+00]
 [ 1.67331166e+00 -1.19245096e+00 -3.38483784e+00 -4.26834689e+00
  -2.87309795e+00 -4.57675118e+00]
 [-2.84960694e+00 -3.72119486e+00  3.46846625e+00  3.67481675e+00
   3.21951782e+00  2.08516084e+00]
 [-2.05157790e+00 -1.15709787e-01  3.13241940e+00  2.75620652e+00
  -1.79595284e+00 -2.90480373e+00]
 [ 5.16389024e-01 -1.65320889e+00 -4.85623064e+00 -4.79725051e+00
  -1.75353886e+00  1.40113593e+00]
 [-7.98780522e-02 -3.61317657e+00  9.85825040e-01  3.20469043e+00
  -2.69498260e+00 -4.76144737e-01]
 [-3.33337127e+00  4.52557988e+00 -1.90792109e+00 -1.73860024e+00
  -1.28428529e+00  2.02309317e+00]
 [ 2.50567310e+00  6.43419108e-01  3.11870451e+00 -4.84142284e-01
  -4.92857570e+00  3.39278555e+00]
 [-2.00854467e+00  1.95610292e+00  9.89419411e-01 -1.30009661e+00
   4.50697420e+00 -4.07898630e+00]
 [-1.11271855e+00  1.59996816e+00  5.58720396e-01  2.96660822e+00
   4.67478665e+00 -3.62338869e+00]
 [-4.11761756e+00 -3.23506497e+00 -1.69540760e+00  2.42659536e-02
   4.32454453e-01 -1.40343175e+00]
 [ 5.62610952e-01 -3.72421257e+00  6.04912165e-01 -4.91054831e+00
  -2.31790938e+00 -2.64384585e+00]
 [-9.06750800e-01 -5.29187892e-01  1.78822290e+00 -4.41983570e+00
   4.01853526e+00 -2.03528758e+00]
 [-4.92048082e+00  1.50748838e+00  2.65363200e+00  1.28241036e+00
   1.61678997e-02  4.47785881e+00]
 [ 5.26406268e-01 -2.56031261e-01 -1.65073229e+00  3.22489570e+00
   1.92174795e+00  5.99845494e-01]
 [ 4.02757769e+00 -1.16676896e+00 -4.03715135e+00  9.00446602e-01
   2.50367662e-01 -3.28560615e-01]
 [-4.90556541e+00 -1.27942804e-01  3.63815414e+00 -2.38669938e-01
  -2.09420576e+00 -5.84458135e-01]
 [-5.06090572e-01 -4.00381747e+00  2.48063510e+00  4.30468126e+00
  -4.96691309e-01  3.35851196e+00]
 [ 3.65239706e+00  2.06620098e+00 -1.55519717e+00 -1.91578718e+00
   2.25069138e+00  6.18423453e-01]]
