[[ 1.08695943  0.22268992  4.00219851  2.78602379 -3.08384797  3.67177933]
 [ 0.83989766  2.69484326 -2.11870834 -3.76876167  0.46125851 -1.5680892 ]
 [ 2.1006959  -1.11238404 -2.11372508 -2.89989575 -0.93953298 -4.29511475]
 [-0.74713245  0.26504754 -3.28472773  1.07466241  2.24934177 -0.76355773]
 [-1.04346174  4.82974488 -3.5531141  -1.2942992  -2.7070453   1.68749133]
 [ 2.27733743  0.75678692 -1.708807    0.57205238  0.72873461 -3.37619303]
 [-2.02852853 -0.27361648  1.74880855 -4.07146358 -4.91225678 -4.85025092]
 [-1.69380205 -4.03939567 -1.1715473   3.50754963 -2.6661946   3.78353636]
 [ 2.35616141  2.03463618 -1.84767362  3.59072127  3.53311919  3.69125483]
 [-3.30454453  2.10651922  0.4497476  -0.84399195 -0.57174176  2.5413751 ]
 [ 3.06206494  0.25046324  2.51872343 -1.37335402  4.53159835 -0.69799649]
 [-3.94759889 -0.26512015 -0.10368223  1.351843   -3.225398   -3.32262751]
 [-3.72371602 -1.49907049 -1.32088634 -4.54348568 -4.21495349 -1.88973359]
 [ 4.1653294  -3.93497369  2.90422994 -0.85653642  2.68059901 -2.50654735]
 [ 0.09115047  3.7717409  -0.75348737  0.74402814 -2.90127065 -0.15604158]
 [ 0.6212076   0.9817618   4.98604581 -4.55672019  3.77001813  1.25243463]
 [-4.58401649 -0.86027879  1.98860445  1.37129646  3.66071163  3.84055783]
 [-2.76495095  0.49427417  1.91166149 -0.676046   -0.25090322 -3.07627581]
 [-4.84890734  2.6530427   2.08781511 -1.81279887 -3.48818336  0.20682169]
 [-3.68164206  4.30204987 -0.12989642 -3.92707203  3.40807242 -1.46222637]
 [ 3.40775212  1.85212594 -1.52399984  0.99506267  3.84995723 -4.91314176]
 [-3.08944525  0.57233781  4.04337707 -0.53189432  3.90510292  3.13850133]
 [-0.40847269  3.03750715  2.06436537  2.76241168  1.72325144  0.28599933]
 [-0.8979466   4.3453172  -3.75337579 -0.88435779  2.37743335  0.51668205]
 [ 3.22285072 -1.71072648 -3.84710414  0.48235555 -4.98374224 -2.0389018 ]
 [-3.5088534   1.64194881  4.77790427 -0.12080917  1.5575866   0.4844417 ]
 [-2.08942453  0.15320648 -0.22167485 -0.79513497  3.88514645 -3.0465928 ]
 [-4.98144415  4.74918637  0.67319467  2.45924758 -0.87189101  3.42079156]
 [ 2.52984025 -4.46155801  0.23144157  2.42368856  0.15018537  2.11513835]
 [ 1.09403563  0.95084985  4.28331563 -0.46565463  2.06158463 -4.35406364]
 [-3.79036924  2.42177811  4.63175028  3.43388951  4.75326258 -2.78876367]
 [ 3.57035185  3.27017368 -3.85727206  0.15687438 -0.96232568  0.84141457]
 [-4.32332609  1.59187605  2.09923994 -0.9427578   0.2514694   4.03088316]
 [ 3.11916124  4.27187508 -4.06959199  0.98620302  0.86376843 -2.38430842]
 [ 2.86374242 -4.61644738 -0.4234058  -4.9720231  -4.65655456 -2.7209449 ]
 [ 2.0408044  -1.57785031  1.41802824 -3.65920348  0.42649754 -2.37249901]
 [-3.77933909 -3.4387164  -0.46986567 -4.913584   -2.19143084  0.26376435]
 [-1.67201109 -4.16385788 -1.88941221  2.37358427  2.53695486  1.77398627]
 [ 1.00890984 -4.33399257 -2.12384832 -1.55212277  4.12962007  1.87857084]
 [-1.70756568  2.00801782  1.78563912  3.50109914 -3.16480729 -0.11521588]
 [-3.33460914 -0.34322366 -4.64952759 -4.18941535  0.72265932 -0.06895313]
 [ 1.39228427 -3.84244936  0.42556159 -3.37129378  4.06249342  4.30923732]
 [ 4.39757092  2.8949245   1.58857669 -1.83868506  2.95134373 -4.70298114]
 [-4.15423656 -2.18423096 -1.46101735  0.61510315 -1.71693047  3.8118359 ]
 [-2.3706693   4.38035502  3.42474012 -3.18775556  1.23669193  1.1433109 ]
 [-1.49281861  3.02325907  0.01445467  3.11270781  3.22824314  4.25212708]
 [-0.29156941  3.32243834  3.15315111 -2.98576375 -0.33153918  0.89061661]
 [ 2.1382349   4.58271715  0.74605291  1.27974515  3.84604802 -1.66900719]
 [ 1.47450101  1.59159971  4.25379105 -3.95563439 -2.91869225 -4.30117987]]
