[[-22384.03771565]
 [ -7698.54402769]
 [-22868.13088859]
 [-34547.60440381]
 [ 39789.83496954]
 [-33304.59515541]
 [ 12615.51287093]
 [ 21997.65262592]
 [-22212.53569571]
 [-26252.89427829]
 [-26163.68006781]
 [ -8104.78483851]
 [ 50928.94502628]
 [ 25741.69924407]
 [-10748.05904456]
 [ -5242.31917635]
 [ 12547.44459202]
 [-30346.57809456]
 [ 14789.23519333]
 [ 21981.63730533]
 [-22999.17459301]
 [-25042.9129693 ]
 [-26352.25845398]
 [ 16955.18483497]
 [-13848.29466928]
 [-23726.52806832]
 [-32953.02500731]
 [ 57178.3144912 ]
 [ 18009.94141884]
 [-34314.74103421]
 [-16399.77278513]
 [ -5539.4306253 ]
 [ -6448.98115698]
 [ 17001.0027199 ]
 [114239.40714409]
 [-15558.35732429]
 [ 80147.2774862 ]
 [  7001.3023214 ]
 [ 11101.78541035]
 [-11418.12630743]
 [  7974.75720371]
 [ -6526.72268027]
 [ -4110.84595789]
 [  6353.14045777]
 [ -2792.74277869]
 [-23225.42555566]
 [-19965.78280868]
 [  5724.20445798]
 [  -981.39361117]
 [ 35805.16499386]]
