[[1.00000000e+000 3.54526309e-022 9.95464696e-061 7.86317169e-037
  2.73537084e-033 2.00132983e-069 3.13942970e-014 4.58814853e-078
  8.66806094e-083 8.76230919e-043 3.10164747e-088 1.18324935e-076
  4.87362463e-036 6.10594362e-020 8.00724881e-065 7.08634670e-047
  1.49962950e-104 4.56359978e-019 7.25513186e-078 4.43345231e-051
  3.99574844e-033 2.73332815e-059 1.03306310e-060 1.00000000e+000]
 [3.54526309e-022 1.00000000e+000 9.80508886e-019 8.21885826e-028
  1.98879658e-033 1.07141428e-045 9.08268087e-040 2.25880007e-057
  7.60764945e-042 4.04007841e-038 2.15093057e-062 5.07296956e-035
  4.71984267e-050 2.69048421e-023 4.04489376e-023 6.30983610e-015
  1.40046136e-085 1.30125278e-008 1.33589982e-060 2.02559680e-046
  3.31540486e-039 7.23328425e-024 3.64966548e-041 1.00000000e+000]
 [9.95464696e-061 9.80508886e-019 1.00000000e+000 1.27273566e-027
  1.20372317e-051 1.97761392e-039 3.03281670e-090 9.89369896e-081
  1.57015708e-057 7.89042455e-055 1.91645286e-069 3.70408559e-056
  1.06999410e-084 2.34576049e-069 2.61514535e-033 1.57588355e-009
  1.44195556e-089 5.13864081e-032 4.33969960e-056 4.02205187e-053
  5.55765465e-038 1.27020692e-022 1.06972648e-075 1.00000000e+000]
 [7.86317169e-037 8.21885826e-028 1.27273566e-027 1.00000000e+000
  3.00300769e-026 6.28019366e-028 4.48523706e-061 5.83998857e-045
  1.27343865e-046 1.31641095e-039 2.04810935e-028 8.94566224e-061
  7.19274175e-039 2.23339162e-042 5.07229084e-044 1.14250804e-042
  1.11854576e-059 5.22053899e-039 4.62128432e-027 2.28800414e-026
  4.54049972e-018 2.62746393e-055 3.03126945e-049 1.00000000e+000]
 [2.73537084e-033 1.98879658e-033 1.20372317e-051 3.00300769e-026
  1.00000000e+000 1.27322682e-061 2.84731558e-044 1.02273759e-066
  1.60560329e-033 6.08471168e-020 1.65628964e-053 1.86318817e-073
  1.43529951e-026 2.66489380e-019 2.86130219e-038 5.11694684e-042
  1.37696433e-042 2.03436670e-047 1.51859546e-022 1.94326436e-011
  2.31097586e-032 7.00182403e-033 2.22632531e-039 1.00000000e+000]
 [2.00132983e-069 1.07141428e-045 1.97761392e-039 6.28019366e-028
  1.27322682e-061 1.00000000e+000 3.68929282e-070 3.76307704e-025
  7.03367753e-060 3.09356681e-084 3.07195002e-046 8.80270822e-095
  1.35437400e-049 4.51717389e-080 9.51375899e-034 6.32650214e-053
  7.87279303e-042 4.48219291e-049 2.03756079e-036 1.47963069e-033
  4.05703231e-042 6.24110782e-067 5.84866222e-041 1.00000000e+000]
 [3.13942970e-014 9.08268087e-040 3.03281670e-090 4.48523706e-061
  2.84731558e-044 3.68929282e-070 1.00000000e+000 1.09686333e-073
  4.60755790e-092 1.09513147e-077 7.66562105e-112 3.37198284e-117
  6.06469573e-041 2.90003307e-025 1.95510275e-069 5.30492793e-069
  4.47541320e-083 9.30668019e-040 6.43420911e-077 2.15691368e-053
  2.43935423e-064 1.16202796e-074 2.64355254e-047 1.00000000e+000]
 [4.58814853e-078 2.25880007e-057 9.89369896e-081 5.83998857e-045
  1.02273759e-066 3.76307704e-025 1.09686333e-073 1.00000000e+000
  4.55522392e-036 1.02166536e-081 1.15437463e-022 2.34103854e-068
  1.88978299e-032 2.46485067e-061 3.35697105e-032 9.10813160e-094
  8.79115615e-049 6.87025893e-060 1.35486655e-052 9.13050271e-046
  2.31981042e-072 1.75009577e-098 6.16411569e-015 1.00000000e+000]
 [8.66806094e-083 7.60764945e-042 1.57015708e-057 1.27343865e-046
  1.60560329e-033 7.03367753e-060 4.60755790e-092 4.55522392e-036
  1.00000000e+000 5.75030930e-042 5.52246236e-026 1.04596372e-036
  1.71523742e-045 1.09445076e-038 5.01801483e-014 2.02902672e-061
  5.21679556e-046 1.62433090e-061 8.50179466e-038 1.09843431e-035
  5.98873442e-076 2.04482229e-047 3.73248398e-019 1.00000000e+000]
 [8.76230919e-043 4.04007841e-038 7.89042455e-055 1.31641095e-039
  6.08471168e-020 3.09356681e-084 1.09513147e-077 1.02166536e-081
  5.75030930e-042 1.00000000e+000 2.14420690e-052 1.36745672e-042
  2.00935451e-030 4.13791898e-037 1.52191637e-044 3.76583371e-044
  4.20041444e-093 5.84413083e-037 1.00535626e-063 2.41026719e-034
  2.07460731e-026 1.75617839e-039 2.10362309e-066 1.00000000e+000]
 [3.10164747e-088 2.15093057e-062 1.91645286e-069 2.04810935e-028
  1.65628964e-053 3.07195002e-046 7.66562105e-112 1.15437463e-022
  5.52246236e-026 2.14420690e-052 1.00000000e+000 1.39518415e-045
  4.57731042e-040 1.02281979e-064 3.88266008e-043 5.14017359e-093
  6.26925431e-065 3.81109479e-072 2.54531447e-045 9.91150654e-045
  3.31635053e-057 7.83313846e-096 5.92944314e-039 1.00000000e+000]
 [1.18324935e-076 5.07296956e-035 3.70408559e-056 8.94566224e-061
  1.86318817e-073 8.80270822e-095 3.37198284e-117 2.34103854e-068
  1.04596372e-036 1.36745672e-042 1.39518415e-045 1.00000000e+000
  4.57751525e-074 1.21736377e-054 6.39102386e-041 7.71937374e-064
  1.52989493e-142 4.89409232e-040 1.26917199e-110 1.98113621e-092
  4.79437082e-079 7.55690510e-069 1.95297810e-065 1.00000000e+000]
 [4.87362463e-036 4.71984267e-050 1.06999410e-084 7.19274175e-039
  1.43529951e-026 1.35437400e-049 6.06469573e-041 1.88978299e-032
  1.71523742e-045 2.00935451e-030 4.57731042e-040 4.57751525e-074
  1.00000000e+000 1.95797201e-033 8.83927733e-043 3.06493026e-075
  9.87628807e-054 5.84792290e-042 5.28767756e-049 2.15512323e-020
  4.34658159e-033 3.01978666e-073 1.72489739e-029 1.00000000e+000]
 [6.10594362e-020 2.69048421e-023 2.34576049e-069 2.23339162e-042
  2.66489380e-019 4.51717389e-080 2.90003307e-025 2.46485067e-061
  1.09445076e-038 4.13791898e-037 1.02281979e-064 1.21736377e-054
  1.95797201e-033 1.00000000e+000 2.06932247e-043 4.95230608e-057
  2.66249321e-076 7.36521864e-036 8.07696552e-058 4.52238420e-043
  6.49910829e-061 2.11717398e-052 2.52706778e-029 1.00000000e+000]
 [8.00724881e-065 4.04489376e-023 2.61514535e-033 5.07229084e-044
  2.86130219e-038 9.51375899e-034 1.95510275e-069 3.35697105e-032
  5.01801483e-014 1.52191637e-044 3.88266008e-043 6.39102386e-041
  8.83927733e-043 2.06932247e-043 1.00000000e+000 2.53981458e-030
  8.75506577e-046 2.25993639e-032 5.04286080e-043 2.29115291e-031
  8.39416391e-058 6.44374081e-025 1.34305244e-019 1.00000000e+000]
 [7.08634670e-047 6.30983610e-015 1.57588355e-009 1.14250804e-042
  5.11694684e-042 6.32650214e-053 5.30492793e-069 9.10813160e-094
  2.02902672e-061 3.76583371e-044 5.14017359e-093 7.71937374e-064
  3.06493026e-075 4.95230608e-057 2.53981458e-030 1.00000000e+000
  4.86045472e-090 1.39898543e-022 4.26803038e-064 5.03618271e-048
  4.59768694e-038 4.83287628e-007 5.39167507e-074 1.00000000e+000]
 [1.49962950e-104 1.40046136e-085 1.44195556e-089 1.11854576e-059
  1.37696433e-042 7.87279303e-042 4.47541320e-083 8.79115615e-049
  5.21679556e-046 4.20041444e-093 6.26925431e-065 1.52989493e-142
  9.87628807e-054 2.66249321e-076 8.75506577e-046 4.86045472e-090
  1.00000000e+000 5.87843129e-107 1.16402272e-011 1.30488724e-018
  9.36491565e-084 1.55996478e-074 7.64192067e-033 1.00000000e+000]
 [4.56359978e-019 1.30125278e-008 5.13864081e-032 5.22053899e-039
  2.03436670e-047 4.48219291e-049 9.30668019e-040 6.87025893e-060
  1.62433090e-061 5.84413083e-037 3.81109479e-072 4.89409232e-040
  5.84792290e-042 7.36521864e-036 2.25993639e-032 1.39898543e-022
  5.87843129e-107 1.00000000e+000 3.93959477e-085 7.96263592e-055
  7.06951562e-032 1.10951241e-036 1.38130918e-053 1.00000000e+000]
 [7.25513186e-078 1.33589982e-060 4.33969960e-056 4.62128432e-027
  1.51859546e-022 2.03756079e-036 6.43420911e-077 1.35486655e-052
  8.50179466e-038 1.00535626e-063 2.54531447e-045 1.26917199e-110
  5.28767756e-049 8.07696552e-058 5.04286080e-043 4.26803038e-064
  1.16402272e-011 3.93959477e-085 1.00000000e+000 2.82611019e-011
  2.70203593e-052 3.47114882e-056 2.99761086e-039 1.00000000e+000]
 [4.43345231e-051 2.02559680e-046 4.02205187e-053 2.28800414e-026
  1.94326436e-011 1.47963069e-033 2.15691368e-053 9.13050271e-046
  1.09843431e-035 2.41026719e-034 9.91150654e-045 1.98113621e-092
  2.15512323e-020 4.52238420e-043 2.29115291e-031 5.03618271e-048
  1.30488724e-018 7.96263592e-055 2.82611019e-011 1.00000000e+000
  2.44490904e-028 1.12017579e-040 3.36554021e-033 1.00000000e+000]
 [3.99574844e-033 3.31540486e-039 5.55765465e-038 4.54049972e-018
  2.31097586e-032 4.05703231e-042 2.43935423e-064 2.31981042e-072
  5.98873442e-076 2.07460731e-026 3.31635053e-057 4.79437082e-079
  4.34658159e-033 6.49910829e-061 8.39416391e-058 4.59768694e-038
  9.36491565e-084 7.06951562e-032 2.70203593e-052 2.44490904e-028
  1.00000000e+000 5.88743305e-052 7.34461021e-079 1.00000000e+000]
 [2.73332815e-059 7.23328425e-024 1.27020692e-022 2.62746393e-055
  7.00182403e-033 6.24110782e-067 1.16202796e-074 1.75009577e-098
  2.04482229e-047 1.75617839e-039 7.83313846e-096 7.55690510e-069
  3.01978666e-073 2.11717398e-052 6.44374081e-025 4.83287628e-007
  1.55996478e-074 1.10951241e-036 3.47114882e-056 1.12017579e-040
  5.88743305e-052 1.00000000e+000 4.49499680e-066 1.00000000e+000]
 [1.03306310e-060 3.64966548e-041 1.06972648e-075 3.03126945e-049
  2.22632531e-039 5.84866222e-041 2.64355254e-047 6.16411569e-015
  3.73248398e-019 2.10362309e-066 5.92944314e-039 1.95297810e-065
  1.72489739e-029 2.52706778e-029 1.34305244e-019 5.39167507e-074
  7.64192067e-033 1.38130918e-053 2.99761086e-039 3.36554021e-033
  7.34461021e-079 4.49499680e-066 1.00000000e+000 1.00000000e+000]
 [1.00000000e+000 1.00000000e+000 1.00000000e+000 1.00000000e+000
  1.00000000e+000 1.00000000e+000 1.00000000e+000 1.00000000e+000
  1.00000000e+000 1.00000000e+000 1.00000000e+000 1.00000000e+000
  1.00000000e+000 1.00000000e+000 1.00000000e+000 1.00000000e+000
  1.00000000e+000 1.00000000e+000 1.00000000e+000 1.00000000e+000
  1.00000000e+000 1.00000000e+000 1.00000000e+000 0.00000000e+000]]
