[[ 4.5164618   2.71339853 -1.5018277   3.43588949  0.33384577  0.99934156]
 [ 4.07802603  0.94883665 -4.62278165  0.15754008 -2.70684394 -3.02252554]
 [-1.24875904  4.49280173 -4.47232947  3.66717997  0.93306199 -1.55068186]
 [ 4.94239744  4.63941461  2.62772465 -4.28663484  0.15953086  1.18501966]
 [-3.787847   -0.44446451  2.24543388  3.67451294  4.08550217  2.01922359]
 [-0.69283353 -1.31263574 -3.55316282  4.10592548 -4.19048074 -2.11743276]
 [-1.7312249   2.53347271  1.76868727  2.68156259  4.22900178 -4.56917562]
 [-3.19975481  4.80633229 -1.00853108  4.15274893  2.2918423  -3.86171878]
 [ 3.10064746  3.24690416  0.41331346  3.50449249  2.65280648 -3.02739212]
 [ 4.71907091 -0.5499439  -4.60969345  0.06703139 -3.4514221   0.76590638]
 [ 0.21553983 -2.75046892 -0.89680175 -1.33306749  4.47891138 -1.52358189]
 [ 2.09198065 -1.5549457  -4.32784884 -1.67105815  0.54977143 -4.44636334]
 [-4.08949651  3.52493912 -2.28048106 -2.97466817  3.31100073  0.57828103]
 [-2.15785251  2.28754493 -0.56350932  2.46541945  0.88284201  3.95882864]
 [-2.46501104 -1.99607617 -2.30518007 -1.38594902  2.80999848 -2.96983574]
 [ 1.83109402 -3.32716062  1.07514408 -0.64935781 -0.07220505 -3.64125418]
 [ 3.72170877  4.99277866  1.06851683  3.71592729 -4.99862207  0.43256877]
 [ 2.69636451  4.09370674  1.67046389  1.49466495 -3.42270562 -1.88278198]
 [ 1.29225718  3.61956668  2.53246364 -4.66329473 -3.632774   -1.03298672]
 [ 4.92884066  1.18724602 -1.57776596  1.8726104  -4.3474021  -2.14514435]
 [ 1.74404177  4.98446229  0.27236194  1.74478194  0.7010088  -0.79065975]
 [ 3.3350364  -0.83087558  1.16073844 -3.17723461  0.4616267  -2.0149753 ]
 [-3.77802306  4.10347485 -3.26409146 -2.56705369 -1.08895401  4.68482835]
 [-0.28712084 -0.80209306  1.71950702  1.72963383 -2.34502709 -1.21312533]
 [ 0.12657256 -1.54871444  4.5092005   4.53201301  4.92210549 -4.27639255]
 [ 1.81012631  1.52274721 -1.00625931  2.71488133  2.00600286 -0.74423509]
 [-0.74791005  1.90550113 -2.28046727  4.23441435 -2.74267691  0.96662023]
 [ 2.02675518 -1.1424063  -0.90518529 -3.63443087  3.18617355 -1.15664884]
 [ 1.10074658  4.42655287  4.5148231  -3.47096496  1.71877202 -2.54445017]
 [ 0.93986882 -4.70666792  4.63953069  1.18692272 -4.38274742  3.80249085]
 [-3.1384128   1.61300552 -1.50902332 -1.42207266  3.91976931  0.65051836]
 [ 1.54112971  2.09865731 -4.05832642 -4.37712866 -3.6637769   0.68788189]
 [ 0.17948957 -3.83077711 -1.18918552 -1.98368721 -3.53946249 -1.52097152]
 [-1.80619407  2.93885399 -3.82389435 -2.47297135  3.49278563 -2.53890654]
 [-0.0678891   4.95928724  0.73970489  1.16887904 -3.88639026  2.02216842]
 [ 0.80768146  0.42083924  3.0164644  -0.2898524   0.66145526 -2.72571462]
 [-3.91044346  4.28445351 -1.92546525  2.73639413 -2.45223957 -0.25672329]
 [-2.49801025 -3.39247861  3.09844876  4.50712148  0.93658706 -3.45082892]
 [-3.49109404  1.40846365  1.93638929  0.34594755  2.02104279  3.9157908 ]
 [ 3.75754932 -3.07692737 -4.79403168 -2.92714568 -2.2862538  -2.06423896]
 [ 0.59206772 -4.86363887  0.19547685 -3.33187284  3.81706781 -0.14762604]
 [-4.99101087  1.59705442  4.01592138 -0.29508367  2.72789431 -2.51902904]
 [ 3.98439319 -3.87208031 -4.78551444 -4.0359524   0.96632853 -4.44774367]
 [-1.32413574  3.32456612 -4.36478063 -2.25553185  2.12624735  3.5740057 ]
 [-4.18536992 -3.27983636  1.70474041 -0.71557283  3.64029711  2.6451468 ]
 [ 0.04571885  4.22357258 -0.87359054  3.66675246 -2.87618596  0.5387156 ]
 [ 3.78005629 -0.35319139 -0.27347079  4.5469951  -0.89424914 -2.41355439]
 [-1.36843859 -1.86917368 -3.68941022  1.56116725 -3.7892645  -4.14436391]
 [ 4.08161518 -3.08863475  1.44376381 -0.11655343 -1.08918715  2.23237753]
 [ 0.42848147 -0.29054586 -2.29331752  1.4138249   4.00741766  4.99927585]
 [-4.50691517  4.70522287  4.53391707 -2.12613457  1.92074029  0.17800983]
 [ 4.38123147 -4.4790585  -4.20921432 -2.04522498 -3.25605153 -3.77648605]
 [ 4.36060597 -0.09422683 -3.0896732   1.33598283 -3.90935857  2.08211705]
 [ 4.56422981  0.14607828 -1.4841837  -2.35003612  2.65647874  3.74452931]
 [ 3.80882134  1.99106128  0.58337979  3.41397082 -0.4150756  -4.58431891]
 [-3.07240751 -0.79259311 -0.38856984  4.32838499 -2.33069552  3.56616749]
 [-1.71252982  2.47405176  2.42225908 -4.20744302 -1.21686274 -1.33008941]
 [ 4.33638641  4.95663141  0.19827017  1.00435057  1.83841405 -0.49864965]
 [ 2.29520394 -1.29388678 -0.15442399 -0.91844984 -3.23417193  0.40458178]
 [-0.15734646 -4.94963845 -1.46562479 -1.1550831  -0.26587126  4.78660459]
 [-0.75926306  1.80175721 -1.77851744  1.58229514  4.15412061 -0.84296944]
 [ 0.41717818  4.89456836 -1.15385063 -2.87912354 -0.97283438  2.39943896]
 [ 2.33863515  0.4849744   1.63812807  2.79645234 -0.08620959 -2.9622696 ]]
