[[ 0.63007626 -2.13740213  0.36138102  1.59502274 -1.27533883 -3.42668704]
 [ 4.05115232 -4.17835192  3.04509525 -4.20763451  0.99519078 -0.05702061]
 [ 4.93874189 -2.14991649  4.26405007  1.09045583  1.09572794 -3.68961657]
 [-1.00471521  0.33836154  4.46620651 -0.86474166  4.0799001   4.73923444]
 [-4.64400934  4.94026184  3.35100706 -4.00954836  2.42051121  1.49970051]
 [ 3.2798939  -4.44609569  1.27259565 -2.10733527  3.5104201   1.18985327]
 [-0.90705938  2.0077752  -4.76256809 -4.70830699 -0.90400985 -4.2561221 ]
 [-3.72453797 -2.22852888 -4.85440514  0.59543916  4.05328821 -1.79772896]
 [ 1.15241229  2.35862972 -3.91557958 -4.38453449 -0.96123448 -2.14909336]
 [ 1.01434115  1.06570786  1.8443081  -0.12726002  1.67233023  3.03700553]
 [ 1.2548644   2.48357505  2.02978374 -4.26929905  2.11316877 -2.44449318]
 [-3.15064891 -4.64161362 -2.5697841   4.32076181  0.33693055  2.14029287]
 [ 4.81175564 -3.60653733 -1.10861988  3.26294241  3.91103406  1.4775355 ]
 [-1.39715995  4.80013515  1.02008726  1.68625601  1.67995216  2.32650686]
 [-0.84760393  1.66417356 -4.74779375  1.69306189 -0.66640306  4.91642794]
 [-0.82417938 -2.21902406 -2.7180572   2.30650528  1.38259558  3.25822972]
 [-3.6800467   1.19178846  3.66526482  0.41506304  2.57735587 -4.027469  ]
 [ 0.13299048 -0.21031192 -4.45498032  0.72770566  1.20936485  0.97799948]
 [-2.87042285 -4.44632462  3.43601951  4.02912666 -0.23648688 -0.61543301]
 [ 3.65473007 -2.65039008 -1.33452533 -1.29928832  2.46670897  1.50943458]]
