[[-3.77544493 -0.71608345  2.30100096 -1.3467406  -4.22750382  0.0088446 ]
 [-2.8760183   1.74328975 -3.04886984  4.73518133 -4.11863341 -3.50344201]
 [ 0.65190875 -4.90219256 -2.0250644   1.40773418 -1.87969422 -2.19157638]
 [ 3.2237897   0.16875204  3.17467411 -4.79610578 -0.4400779  -4.36692324]
 [-1.73794695 -1.46950775 -3.25409525 -1.80484914  3.58007868  0.04608109]
 [ 0.69194733  4.81604369 -2.68482269 -2.00733665  1.79834885 -1.54588216]
 [-1.23549188 -1.36612495  3.8855814   2.59908088  1.78977358 -0.13818058]
 [ 3.69969139 -4.74685271  1.56699094  2.93043583  2.49721318  3.65711203]
 [ 2.51877513 -2.74460232 -0.64456208 -3.67871982 -4.23588467  0.80760848]
 [-2.73428295  4.16108582 -0.82667326 -2.48294859  4.23569566 -2.70141725]
 [-1.72954473  1.88233033 -2.20230748 -0.77189751 -1.90593104 -2.02689911]
 [ 3.29762311 -4.89140497  4.23956709  4.18596032 -4.94960215  3.28337592]
 [-1.94164609 -4.6742607   4.44877103  1.92076395 -4.9957445   3.16736535]
 [ 1.74839049  1.01673859  2.95754651 -1.19245702  0.19226156  1.2006842 ]
 [ 2.56847672 -4.15245227  4.71014387  4.05928047 -4.97184295 -1.2999531 ]
 [-0.12733849  2.46338717 -0.69084633  4.97830236  2.30935014  3.55706411]
 [ 3.40562162  4.9551824   3.11245639  0.86553046 -1.81265596  3.00548   ]
 [-4.73775174 -4.47112933 -2.28779106 -0.09331275 -4.82910817  1.64895065]
 [ 3.95290506 -3.48485969 -0.28912449 -3.54038509  3.80329843  3.56245606]
 [ 4.7782971  -3.76232284  4.72835227 -4.82371042 -0.71115396 -4.40794866]]
