[[-1.49748592e+00  4.33353593e+00 -3.15965667e+00 -3.63949396e+00
   6.55324815e-01 -4.38907347e+00]
 [-9.03216117e-01  4.57013506e+00  4.77352163e+00  1.49904282e+00
   1.74838295e+00  1.73360011e+00]
 [-2.44768048e+00 -2.97204701e+00 -2.22933763e+00  9.48713716e-01
   1.32479647e+00 -4.69917485e+00]
 [ 4.12602974e+00 -4.76560497e+00  1.63992159e+00  1.14592494e+00
  -1.28624581e+00  2.57331776e+00]
 [ 1.86882185e+00  3.63453333e-01 -3.36802744e+00 -1.77820295e+00
   2.75950241e-01 -1.06658065e+00]
 [ 3.85811130e+00 -2.54351832e+00 -9.18553418e-01 -3.41636565e+00
  -4.68664445e-01  3.37346542e+00]
 [ 4.97403142e+00 -2.30025794e+00 -1.87438889e+00 -2.23269580e+00
   2.53666671e+00  2.51092075e-01]
 [-2.14148639e+00 -3.76749616e+00 -3.73893506e+00  3.10287088e+00
   1.55214744e+00  2.39991697e+00]
 [-3.12508586e+00  2.94432131e+00 -3.42021314e+00 -2.25043377e+00
  -3.05254122e+00  2.12506088e+00]
 [ 2.00678175e+00  4.59322788e+00  1.14967734e+00 -3.27796301e+00
  -3.55747830e+00  9.67595845e-01]
 [-4.83951637e+00  3.99153657e+00  4.45321869e+00  2.42947603e+00
  -2.73980872e+00 -2.16247198e+00]
 [ 3.75659743e-01 -7.67790802e-01  2.80072179e-01 -3.79205602e+00
  -3.56971756e-01 -5.51864988e-02]
 [-4.68155515e+00  4.84894512e-01  1.96199032e+00  3.26212198e+00
  -9.48281042e-01  1.91668023e+00]
 [-2.62036180e+00  3.67316360e-01  4.69871539e+00  1.38917722e+00
   2.80312229e+00 -1.06961058e+00]
 [-5.38104737e-01  3.50679914e+00 -1.76046468e-01  4.72112692e+00
   4.68006614e+00 -4.66293209e+00]
 [ 1.84305759e+00 -1.23509336e+00 -2.42229673e+00  1.55258136e-01
  -4.26874354e+00  4.73901733e-01]
 [-2.87732097e+00 -2.26816686e-01  3.51732052e+00  3.02291263e-01
   2.06911325e-01 -4.84242059e+00]
 [ 2.11981949e+00 -8.85331327e-01 -5.23427547e-01  1.27649510e+00
   4.39657379e+00  1.64020695e+00]
 [ 1.98466391e-03 -6.23477986e-01  3.69142371e-02  1.68424995e+00
  -4.01094554e+00 -1.73772351e-01]
 [-4.89017052e+00  3.38388891e+00 -3.09857573e+00  3.70262977e+00
   5.12829930e-01 -4.84326170e+00]
 [ 8.86152745e-01  2.53541108e+00 -3.18684998e+00 -1.69373291e+00
   3.13800422e+00 -4.13925256e+00]
 [-2.86594543e+00  4.76914153e+00  8.32117417e-01 -4.21930587e+00
  -4.56514272e+00  7.10541912e-01]
 [ 4.12441219e+00 -2.38861533e+00  1.60645121e+00  4.67883734e+00
   4.21892608e-01  3.83461092e+00]
 [ 2.94946536e-01 -3.61134484e+00 -2.98820578e+00 -1.29217072e+00
   2.69214661e+00 -3.78275287e+00]
 [-3.60964980e+00 -4.14344437e+00 -1.04460655e-02 -2.59963176e-01
   3.91444609e+00  3.33690700e+00]
 [ 2.62771126e+00  8.57329003e-01 -1.70611857e+00 -3.22086873e+00
   2.68716454e-01 -1.51479725e+00]
 [-3.68334565e+00  4.71568293e+00  3.13221847e+00 -3.23036163e+00
   2.92036077e+00  1.61142297e+00]
 [-1.21625658e+00 -4.02232724e-01 -1.33692821e+00  4.02880009e+00
   1.87620641e+00 -1.37897238e+00]
 [ 4.22112190e+00  3.96079689e+00 -2.47867497e+00  3.07088099e+00
   8.00038720e-01  7.86255697e-02]
 [-1.17934974e+00 -1.47677933e-02  5.46672496e-01 -3.11186678e+00
   4.95114913e+00  3.26739961e+00]
 [ 3.67741143e-01  2.06391530e+00  1.29665408e+00 -1.00400365e+00
  -1.72179288e+00 -3.85035270e+00]
 [-1.80714156e+00  6.19218680e-02 -1.49249669e+00  3.08977738e+00
  -2.64883465e+00  4.29549969e+00]
 [-7.15326584e-01  1.14277869e-01 -1.13072441e+00 -1.34000681e+00
  -3.64998004e+00  3.77785671e+00]
 [-8.26068167e-01  1.21936291e+00 -5.43090700e-01  3.96088374e+00
  -4.74235801e+00  2.19042569e+00]
 [ 3.61866796e+00 -4.63015583e+00 -6.95424918e-01  3.19269225e+00
   4.58191507e+00  2.47092528e+00]
 [ 1.74106730e+00  4.09134406e+00 -4.96065443e+00  1.37426501e+00
  -4.27741664e+00  3.31646272e+00]
 [-4.46936347e+00 -2.52220057e-01  1.11729652e+00 -4.64728797e+00
  -2.65798092e+00 -3.15462956e+00]
 [ 1.34974495e+00  2.83180918e+00 -1.23852558e+00  4.97373178e+00
   4.30405721e+00 -3.83565594e+00]
 [ 3.91641099e+00 -6.19326508e-01 -3.62831345e+00 -3.57419692e+00
   2.69827788e+00  5.23035660e-02]
 [-1.86985275e+00 -2.65176315e+00  3.99425704e+00  3.96057342e+00
  -4.82693855e+00  3.27110204e+00]
 [-1.66612569e+00  5.86131137e-02 -2.25274349e+00  2.61097695e+00
   2.89428359e+00 -1.16417497e+00]
 [-2.76872764e+00 -1.69494892e+00  4.57792009e+00 -5.23064195e-01
   5.00987248e-01 -2.57507137e+00]
 [ 4.81360061e+00  2.99633678e+00  2.97147525e+00 -4.26260888e-01
  -3.48275215e+00 -1.61108200e+00]
 [ 1.69137829e+00 -6.26869930e-01 -3.22839724e+00 -7.27542188e-01
  -3.76627036e+00  2.53934190e+00]
 [-3.48084702e+00  2.57159957e+00 -2.41459127e+00 -1.35887204e+00
  -4.27230419e+00 -9.32218473e-01]
 [ 9.29586891e-01 -3.89691629e+00 -6.65965572e-02  1.98132976e+00
   2.81914017e+00 -2.11233745e+00]
 [-1.94785408e+00 -4.23038972e+00  1.40582272e+00 -2.51001960e+00
   2.87473166e+00 -1.64350942e+00]
 [ 4.55747795e+00  3.29734722e+00 -1.09599419e+00  2.38655141e+00
   5.59684833e-01 -3.44027946e-01]
 [ 4.81657732e+00 -4.85533603e+00 -4.20635110e+00 -1.43952770e+00
   4.41485433e-02 -4.72526946e+00]
 [ 1.19244678e+00  3.84298696e+00 -3.75023621e+00  2.33251629e-01
  -7.54303612e-01  3.52266118e+00]
 [ 2.57589134e-01 -2.99992205e+00 -4.30353390e+00  2.39162858e+00
   3.86138601e+00  2.20330982e+00]
 [-3.09355320e+00  3.82018007e+00  4.49546419e+00  8.63449735e-01
   3.77886116e+00 -2.63949662e+00]
 [ 3.20868356e+00  3.24332590e+00  4.78973485e+00 -4.70482234e+00
  -3.11366785e+00  1.44099546e+00]]
