[[-3.86384312  2.37394997  3.05227999  4.01377108  4.01048428 -4.81796579]
 [-2.8497771  -3.18507954 -4.49208029  0.22944419 -3.8223792   4.7489315 ]
 [-4.71891992  1.07597252 -3.29318968 -0.97921553 -0.63189454  3.39883911]
 [ 3.69707846 -1.41909433  4.99055412  4.70401742 -1.58280317  0.19832931]
 [-2.56796541 -4.26293657 -1.23817696  4.20433163  3.08356015 -4.49381641]
 [-4.44248313  3.34680616  3.87898844 -3.45076563 -2.379875   -2.67789596]
 [-2.69841456 -4.52987232 -3.93405282  1.88827177 -1.79367671 -0.50956312]
 [ 2.05647349  3.31889863 -4.40326682  0.20203529 -0.60171315  1.98907663]
 [-0.20590892  3.49361159  2.65854885 -0.47441377  0.5681363  -3.70366622]
 [-3.63634711  4.16934895 -2.29059107 -2.36869765 -1.95022655  4.37921129]
 [ 3.88175654 -0.44845071  1.45172273  4.08374865 -3.38309572  2.44164204]
 [-0.92631184 -0.92465092  1.62638283 -3.57819808 -2.86181392 -0.45776687]
 [ 3.61807524 -4.96205319 -2.49426967  4.418361   -3.56454212 -3.25522243]
 [ 2.16948911  4.3888195   3.29073601 -4.15950996  1.91047491 -2.43872417]
 [ 3.20010667  4.35090044 -4.03082492  1.74783045  3.42143607  0.73674487]
 [-1.2167544   0.56139252 -4.48023694 -3.57539965  1.59261147  1.73625379]
 [ 2.18170113  4.36377312  0.93409425  0.54158056  1.86482616 -3.17149731]
 [ 3.50238942 -0.05716785 -0.72360737  3.64715481 -2.21458868 -4.83917199]
 [-2.11691928 -4.86108005 -4.71316336  3.55122489  1.26976457 -4.54839696]
 [ 1.31928688 -3.63769697 -0.2991076  -0.73821796  1.26130184 -0.69365471]
 [-0.880687    4.36922941  3.11306642  2.24307274  2.88038132  3.70024041]
 [-1.52841364 -0.06055311 -3.89691488  4.71351187 -0.59673236  3.55166943]
 [-1.29249574 -3.49112061  0.34976598 -4.19677095 -4.29628636  3.33252209]
 [-2.97942841 -3.40207705 -4.72662057  1.35834127  0.06970189 -0.15482179]
 [ 3.17798175  2.51248053 -2.57222588 -4.88314023 -0.9222152   2.22326585]
 [ 1.58881186  3.16071006 -4.5062818   0.7488647  -4.36116401 -4.5103453 ]
 [-1.86590878  2.60256878  2.53138233  4.60118782  3.19767791  1.47264955]
 [-1.54271478 -2.05681171  3.31826848 -4.85307755  3.58737645  4.66841143]
 [-0.890458    1.31561467 -0.01828644  4.54800598  0.44298524  0.68376603]
 [-3.06217867 -3.35870319  1.37755152 -0.59349636 -4.84369435  1.22364049]
 [ 0.27726598 -2.47697779  4.40808668 -4.05468678  3.34073332  1.17515832]
 [ 3.4334167  -2.41522027  2.99247804  4.7212571  -4.91912929 -0.74530914]
 [ 3.39793564  1.58836013 -0.53070832  3.60856726 -4.94669411  1.82948715]
 [ 1.28774007  4.20041989 -1.76166804 -1.48107081  4.76158641 -3.14964404]
 [ 4.93242168 -0.32419604 -2.92798291 -2.8432399  -1.73659357  2.97436865]
 [-1.43287499  4.67490463 -0.87210051 -2.30667309  2.01633489 -1.34069986]
 [-4.42717729  4.85161229  1.68417402 -4.58101739 -3.16993498 -1.90151456]
 [-1.02646538 -2.86895642 -0.81241084  4.13707912  4.42713074 -2.08504449]
 [-0.4475266  -4.16415127 -1.54514044  3.70739166 -0.31736749 -1.60318452]
 [ 0.30732784  4.81532121  3.0956855   1.04062316  4.37209537  0.41533694]
 [ 0.61366009  2.90700433 -4.48388197 -4.82627513 -4.1358938   1.43466322]
 [ 2.98891534  2.28952649 -2.94497339 -3.19096479 -2.17072201  4.37502172]
 [-4.18401445  4.47079513  0.28217283  0.58131288 -4.53308579 -3.16190442]
 [ 3.98132186 -1.28924324  1.8688574   3.4990609  -3.08398079  4.16557845]
 [-4.12219981 -3.02801318  3.46343133  1.96074667  0.83458999  2.95443666]]
