[[-20630.26997313]
 [-15995.20799866]
 [ -4554.79787261]
 [ 28158.71707306]
 [ 19075.55009452]
 [   947.6060956 ]
 [ 24958.14386794]
 [-27832.7820181 ]
 [-41409.74195974]
 [   926.85287899]
 [ 12743.24237399]
 [-26790.71187299]
 [107734.33229469]
 [ -2491.30878447]
 [  4483.89344581]
 [-36802.94785142]
 [-18669.37499169]
 [-12405.89559481]
 [ 50238.92760957]
 [-30456.78390998]
 [-24439.30954582]
 [  2428.04840025]
 [ 12995.48607281]
 [ -9808.37643529]
 [ 23299.5188044 ]
 [-28253.98464547]
 [-17532.35950383]
 [ -9774.76083608]
 [-10415.75984319]
 [-22971.53549071]
 [-33587.51145348]
 [ 43311.12003178]
 [ -8589.49145472]
 [-12758.24493821]
 [ 19636.77694223]
 [  1723.92781928]
 [ 76199.11924928]
 [-25891.68138449]
 [  5644.07651333]
 [ -8043.65046878]
 [ 40905.75012511]
 [-25339.11532436]
 [  6498.75756641]
 [   985.59097136]
 [ -7449.8340784 ]
 [ 51736.60726708]]
