[[-25380.8868238 ]
 [  5856.77187248]
 [  -154.98138187]
 [ -7203.00502036]
 [ -2464.67518455]
 [-14722.47701851]
 [ 32195.09124196]
 [ 26597.49648002]
 [ 20405.56811395]
 [ 25061.8495137 ]
 [-29093.07720954]
 [  7128.72435314]
 [  2374.99749075]
 [ 28794.79823155]
 [ 15997.9192681 ]
 [-28895.22768056]
 [  3674.61390418]
 [  4110.18747077]
 [-18438.92949332]
 [  3870.17187578]
 [ 41039.9046308 ]
 [-19476.71399616]
 [-11122.30636316]
 [-13289.27983707]
 [ 19595.81412532]
 [-37503.37757692]
 [-35740.50349849]
 [ 29871.19824255]
 [ 13349.08326604]
 [ -3001.22466349]
 [-33437.52433327]
 [ 39621.00865968]]
