[[-1.43110959  3.8970369  -2.90579277  1.62299216  4.66353935  4.16063938]
 [-1.68830842 -3.84002333  4.12140138 -4.88100764 -3.57289106 -2.24566502]
 [-4.22338089  2.3997547   1.51785267  3.71910579  3.34068944  0.36222104]
 [-1.53641176  3.56942242  0.23603007 -4.49212479 -4.91421805 -2.45910973]
 [-1.48799951  2.99651345 -0.84154168 -1.85239193  1.55652269  3.57793741]
 [ 2.54067767 -3.98636452 -2.13851035 -2.68965016 -4.88914643 -2.6898224 ]
 [-1.65898494 -4.83521223 -1.54309116 -3.68838844  4.56826769  2.09866486]
 [-4.79113024  3.68566779  2.606416   -0.27502037 -2.40964966  3.73777981]
 [ 0.70423831 -0.92273577 -1.42461147  0.74217475 -2.97066923  2.53936611]
 [-2.05498578 -0.75961339 -3.99353526  1.87068516  0.50597029  2.86044743]
 [-4.37852077 -0.20161671 -0.60559151  1.08351201  0.95123158  3.36329711]
 [ 3.35262134  3.12340226 -3.94969205  1.10095565 -1.59411929 -3.86311571]
 [ 2.08633978 -3.28919516  2.36817587  1.60371787  2.50483357  4.57921192]
 [ 0.32799388  3.85927237 -4.28040842  4.75339959  0.39389301  3.77551871]
 [-0.19917841  1.75853581 -0.94731412 -1.6191249  -4.09147488  1.25849545]
 [-2.79033055  0.17442364  4.20468301 -4.4260328   2.16792832 -4.70306601]
 [ 2.0050726  -4.30747488 -0.44720991 -3.63682491 -3.23303872 -2.19366678]
 [ 4.59293032 -3.94553208  3.71689912  0.90988036 -3.15665892  2.84873158]
 [-2.70242497  1.39778337  4.59757918 -1.97781578 -2.22097468  4.18657796]
 [-2.70467389  1.66015596 -0.83440513  4.48710147  3.63139088  4.53453048]]
