[[-0.87072106  4.51772179  0.89307617 -4.05985755 -0.83795104 -3.6038506 ]
 [ 1.55936576  1.29747277  2.6216793   0.57078834  4.44370918 -0.96367044]
 [ 0.93811648  4.71360737 -2.30427076  2.4498989   3.99017095  3.56728543]
 [-3.24305596 -1.8612541  -2.55648915 -0.41843568  1.77977467  3.29805331]
 [-0.53450818 -3.40901544 -0.62195461 -3.33043618  2.33390965  3.62909867]
 [-1.42364136  1.62901625  3.87458523  3.38281517 -3.59624753  1.72911432]
 [ 4.11313316  0.13198886 -3.13817578  1.60703051  2.34741209 -1.83275   ]
 [ 0.75083151  2.16784627  0.64952413  1.30602288 -1.62941034 -1.87942826]
 [-1.16886124 -3.50038544 -2.27750608  0.35677139  4.11347251 -4.12422251]
 [-4.53559077  2.37111251 -2.31946929 -0.37021253 -0.95560189 -4.65105039]
 [-1.14617743 -0.77896865 -4.92620966  0.05936903 -1.6656867  -1.85168345]
 [-3.89070661  0.26857752  2.12942954 -1.73877453  2.11247595  0.49014023]
 [ 1.84129643 -1.80652447 -0.54507136 -3.94423647  3.48886855  3.6249497 ]
 [ 4.85485804 -3.84730833  3.12871068  4.36648907 -3.74639864  0.0053584 ]
 [-4.40677042  3.3244516   3.78722751 -1.64562391 -2.82977015  1.53339818]
 [ 1.52217922  2.22927002 -4.75996313  0.02957028  4.12990742  3.38911828]
 [-2.28639142 -2.10671144  0.46569915  1.31111877  3.45383254 -3.13457246]
 [ 1.21572097 -3.3135627  -1.31932916 -4.91153035  3.36624581 -2.31128466]
 [-3.48778745 -1.46801518  2.9198961   0.51074988 -4.51060907  3.68342396]
 [-2.33129074  0.83499962 -2.13409043  4.00590548  2.97763788  3.06067174]]
