[[-3.14745109  0.38235648 -2.93105961  3.03398618 -4.79148553  0.28673844]
 [ 1.66366278  0.10476305  0.19553482 -0.14440982  3.83011823 -4.17591866]
 [ 0.29402967  1.97730918  4.80795609  2.71980161 -3.25206222  3.99606048]
 [-4.65730584 -1.38474026  2.55037395  2.50546116  0.65078675  1.66781798]
 [ 2.48892044 -1.42578597  3.69412575  3.60535417 -2.00312192 -4.44707021]
 [-3.38145067  3.30267506 -2.4420634  -4.93809575 -3.27654797  1.82195523]
 [-1.30016852 -0.36779201  3.92782098 -2.27558672  1.1841662  -0.37509593]
 [ 1.91484516 -1.66407573  1.21708003  2.87302438 -0.37593715  2.68192521]
 [ 4.96432646  3.78730819  2.11876685 -2.2468768   0.12696516 -2.59573402]
 [ 1.37800607  2.88535072 -0.57350244  1.26593369 -2.05648115 -1.44945969]
 [ 4.82796445  1.16678405  2.7150139   2.59882426  4.26719026  4.24472749]
 [ 1.00594474  4.94196947 -3.48153731 -1.25248072  0.47838491  1.9550801 ]
 [ 4.14592825 -0.68628405 -1.81468604  4.03113684 -2.32039102  3.39597905]
 [-3.9096756  -0.05725134  0.47005943  0.62576979  0.66290951 -0.61319535]
 [ 1.5835107  -0.1697256   3.84687635  0.57704154  1.83578135 -4.97107097]
 [ 3.22464289 -4.11126597  0.71451485 -1.32328405  3.06940543  3.3692681 ]
 [ 4.30561521 -0.35068305 -3.04740147  3.52024845  2.69524424  1.24390298]
 [-3.93388625  4.19608239  4.55155367  4.94189381  1.19084042 -0.24621951]
 [-2.17189247  4.04300011 -3.47131233  1.3528756   0.16161388  3.58635198]
 [ 2.01602755 -4.1064896   0.15402112  2.17960189 -2.26978755  4.50874946]]
