[[-4.16848216 -3.33151436  4.8916059  -1.88351436 -3.15037689 -1.48893317]
 [ 4.93083881  2.4277977  -2.47388142  3.17604739 -2.35511809 -4.98793012]
 [ 1.72796514 -3.11107738  0.86716286  4.95818435 -3.12613196 -4.61369688]
 [-4.66544048 -3.25847307 -0.60905776  4.69725665  0.07963272 -3.56546405]
 [ 0.90903501  4.7674501  -1.85467266  4.5789733  -3.75590856  4.44876614]
 [-0.14638849  3.95572808 -4.49108045 -2.16343341 -4.09187738 -0.54261064]
 [ 3.68550737  4.98729051 -0.46462603  3.67897833  4.33346701 -3.12477455]
 [-4.59732428  3.03721225 -3.26607418  0.92524006  4.98404711  3.06719095]
 [-3.59494666 -1.7669375  -4.35631257  2.06532292 -2.11833089  0.92081933]
 [ 0.35279505  3.11285535 -1.20802877  4.72024027 -1.70763758 -3.57008902]
 [ 3.64369452  3.05821315  0.26496399  4.81713653 -0.52407161 -0.4559876 ]
 [ 0.87887493 -2.36950123 -3.33459555 -4.24105797  1.23235612 -3.77752833]
 [-3.35908542  0.34561928 -3.05929334 -4.09437829  4.20755249  4.45277439]
 [ 4.86717971 -0.34317919 -0.71851801 -4.19432795  3.94557472  1.72586841]
 [ 4.48898022 -3.45530654  4.57708264  1.09175659  0.47103439 -2.86605376]
 [ 4.04924516 -3.98573584  1.62155881  1.97302956 -1.19362056  3.62520065]
 [-3.8562243   1.44802237  4.55277002  1.53104319  2.2730725  -0.6846675 ]
 [-1.88914194 -1.21157561  2.04155532  2.43201942  3.44909034 -2.72591862]
 [-4.53174681  2.74980759  1.49474622  0.70737472  1.23067814 -2.88749374]
 [ 2.09543827 -4.80967381 -3.5975324  -3.77180458 -1.88417795  3.84700045]
 [ 1.88231063 -1.2695198   2.91223231 -2.68623814  2.9524506   1.12718956]
 [ 2.84521894  2.40566819  2.85771838 -0.18336104  0.6827537   2.15370359]
 [-4.71503292  3.20349828 -1.67882007 -4.25605198  3.7998868   1.08117276]
 [ 0.5135498   3.30306107 -1.30904569  2.87471435 -4.12491969  1.74138786]
 [ 0.19844586  1.84171476  3.33411526 -3.52936735 -0.96610799 -4.04195251]
 [-4.45758062 -0.83251726 -3.52778477  4.13204292 -3.36240349  4.02274097]
 [ 0.72935717 -2.65918435 -0.48436389  3.31165109 -2.24081034 -3.31732837]
 [-4.14066726 -0.85449892  4.79279419  3.6849968   4.0330233  -4.2157459 ]
 [ 0.11716929 -1.5148895  -4.80519938  2.68601984  3.433153   -1.1093987 ]
 [ 2.1904556   4.3246631   0.71137277 -3.8288901  -1.03283138  4.16537038]
 [ 3.5367358  -2.69773089  2.48844938 -4.4645122   0.99764734 -2.63280347]
 [-4.76611985 -0.72344111 -3.78594484  4.55769199  0.69362875 -2.71755083]
 [ 0.71196516 -3.57663423  3.2414013  -0.72386555  3.90657415 -3.61492304]
 [-3.73481607 -4.37512547  3.47784103  0.38920113  4.07424197  2.23065858]
 [-1.84942768  3.40588124 -1.31412804 -4.93573091  2.37524212  4.93533066]
 [-2.5793948  -4.68613921  2.01105472  4.74601834 -1.18607982 -4.62529827]
 [ 4.45792814 -3.70799796  4.24449722  3.92912704 -0.35784135 -3.1530325 ]
 [ 2.17528353  0.74953419  1.72441897  3.8705092  -4.20259775  0.67471932]
 [-2.18003928 -1.39642265 -4.37561077  3.87126093  0.15625556 -4.46109784]
 [ 1.26796932 -0.95979308  4.61428279 -1.06417388  4.82162281  3.7258663 ]
 [-1.93626878 -2.83026068  3.75230834 -1.47915176  2.81461848 -3.72815237]
 [-2.10913146  2.321436    3.39031682  0.8020085  -1.70653006  0.2148504 ]
 [ 4.44116773 -3.37928884 -1.5493732  -0.65720894 -4.69033228 -4.63627425]
 [-4.37906388  4.74549682 -4.98752683 -3.8753366  -1.14990661  2.44728547]
 [-3.17987169  1.63598623  4.39833639 -1.63305231 -4.45384312  4.77098576]
 [-4.76160801 -0.60300167 -2.81758665  4.47951548 -4.19245115 -2.9191592 ]
 [ 2.94405871 -0.33932218 -2.49249284 -3.09379557 -0.62488158  4.01127049]
 [-2.97551393 -3.91170302  2.22024     0.46937643 -0.71441379  2.29727055]
 [ 0.82487554  3.49492255 -3.27692415  4.19600901 -3.51692887 -3.38513445]
 [ 1.37288789  0.70493753  0.31742437 -2.19243294 -0.25289748  1.80515937]
 [ 2.58312866  4.70847628  0.31580236 -4.71949079 -0.48142493 -4.66698717]
 [ 0.16034281  3.22726449  4.25651117 -3.69945244 -3.022212    2.02277808]
 [ 2.96797288  0.26355566  0.91869066 -2.24548938 -3.64527157 -0.83236594]
 [ 0.10405021 -2.89910422  1.47379854  0.95719066  3.95996767  1.01897609]
 [-0.39248543  3.05429517  1.51058408 -0.85066456 -1.0124463  -1.30957499]
 [-3.8695564   4.18492618 -0.0266653   4.95039053 -0.1261219  -3.76853453]
 [ 1.98834938 -4.91204165 -2.16131852 -2.55970947 -3.23151985 -1.27115109]
 [ 1.40613746 -0.0739183   3.89336724 -3.16972794  4.76529254  0.35883174]
 [-2.13094592  0.40555432 -3.05861381 -1.40811117  1.48136047 -0.50141852]
 [ 1.34441644 -4.91884671 -0.44207944 -2.74100947  0.67821773 -2.03100077]
 [-3.40042315  4.86179344 -2.59692524  0.06664049  4.84841937 -4.37357983]
 [ 2.29757015 -3.89784412  3.65323863 -0.38600937 -1.57611863 -1.26803971]
 [ 4.35880111  0.76129956 -2.59073472  0.5890087   2.45133264  1.02163395]
 [ 4.80541604 -1.42638237 -2.28159475 -4.57492816  1.54534858 -1.6760325 ]
 [-3.6999386   4.15228411  1.24621118  3.62390598 -4.545917    4.23265318]
 [ 0.76232635  3.80202381  4.78758504 -2.44363585  2.78872272 -3.81294025]
 [-0.74620634  1.13490416  3.44965299  0.20125976  4.40230571 -3.16429072]
 [-4.88128077 -0.80779936 -0.78329939  3.63274974 -3.35139466 -1.45105262]
 [-1.86610553 -3.53482166 -3.29545284 -1.88453451 -2.33675008  1.37676589]
 [-1.46313352 -2.8536233   2.53379918 -2.51628961  1.0446666   0.21834663]
 [-4.42485909  1.44211676 -2.27763803  2.97394873  1.70306353 -1.47206823]
 [-2.91766957 -1.59791211 -2.76739956 -4.85639051  0.40332626  0.69390342]
 [ 2.08114995  4.35515139 -2.73591239  4.44383456  3.03582214  1.5519028 ]
 [ 0.40064993  0.95827284 -3.92030726 -3.82264098  1.17279864 -0.02906698]
 [-3.14947629  2.39932788 -1.69114037  0.81372026 -0.33324263 -2.76907713]
 [-1.25884341  2.00850757  3.02718369 -0.44508482  3.10700663  0.90572943]
 [-0.50712618  2.43623441  4.12004949 -0.57652562  3.59609261  3.89000442]
 [ 2.05277209 -0.06872959 -4.2088017  -1.57639904 -0.28365196 -2.33201281]
 [-1.5735682  -4.86579494  0.97967952  2.35161803 -2.2764399   3.83968748]
 [ 4.03412074  3.94313812  4.76957106  3.11061672 -4.08216987  3.08863172]
 [ 4.11500233 -2.83246193  4.27993306  4.96789463 -4.31574932 -3.44929179]
 [ 0.17828179  1.17485453 -2.04218759 -0.4844839  -2.40421848  1.71248127]
 [-2.24197565 -0.47573874  3.15737636 -1.93714594  2.96686923  1.0924099 ]
 [ 4.75933903 -0.39358161  2.4501785  -4.11520362  4.60537807  2.95086712]
 [ 0.97088298 -4.42077788  2.60635567  0.79570391  4.06363321 -0.55515797]
 [ 3.31146515  4.18507997  1.65361123 -1.86201757  1.32119358 -0.59388726]
 [-4.12836371  3.06153153  4.99570927  1.5958179   0.0868683   1.10671226]
 [-2.93671931  0.1085018  -2.35695865  1.84693362 -0.64376159 -1.34492785]
 [-3.58704547 -1.70099113 -2.63058798  0.39930184 -0.91375554 -0.4205454 ]
 [ 1.07190896 -4.65819315 -2.20497218 -4.00730488 -4.3930161   0.81972248]
 [-0.41628041  2.34770249  1.24258469  3.66122107  1.08572125  3.26972892]
 [ 4.99282199 -1.82308899 -2.4436613  -4.74579951 -4.52440625  0.66979417]
 [-4.78794874  0.06405724  2.45663807  2.41676523 -3.64096551  0.71153518]
 [ 1.85116381  1.44825326  2.30046348  3.01372333  4.94551005  2.18493983]
 [-0.84158029  1.12171451  4.75061227  4.8662089   4.7030489  -4.94350732]
 [ 3.20499904  3.10488866 -4.69218535 -1.54638479 -1.72129539  3.08012183]
 [-3.0918331  -2.07171382  3.44299362 -1.19962117  2.26626382 -4.10278759]
 [-2.43377875 -2.50363854 -1.58884108 -4.63720579 -3.08019012  2.75595837]
 [ 3.70538417 -0.16424027  1.49648295  4.96675574  2.91731843  0.35310851]
 [ 1.78041598  4.49984377  4.408823   -0.08235433  4.97727211 -3.73301685]]
