[[-0.96977401 -4.35597281  3.51975953 -3.47545328  1.16842083 -4.11208347]
 [ 3.82004251  0.6544452  -0.08621886 -0.45400685 -2.25525948  4.96471058]
 [-1.23600928  2.0857463  -3.94482014  2.82186135 -0.78763795  4.16138107]
 [-3.19068262  3.09816721  4.39405927 -2.61353477  3.42854335  0.74974437]
 [ 1.2714105  -0.02506701  3.87697388 -1.46752253  3.0731191   4.60566026]
 [-2.49131577 -4.57919717  0.06051056  3.55626395 -4.2510688   0.2378106 ]
 [-3.90950324 -1.87537873  2.02840115 -0.37811454 -1.76845829  4.75759606]
 [ 2.41110032  4.44142914 -0.85201706 -0.66684578 -4.4513381   0.84352781]
 [ 2.17313908  0.11913057  2.2660591   4.60662688  3.81045188  3.78999485]
 [-0.89560075  1.10877645 -4.73323847 -4.46854542  2.34017053 -0.57347813]
 [ 0.30463747  4.00376564  3.34761898 -2.20010741 -3.91952262  4.0390527 ]
 [-2.54067146  3.45554909  4.5793636   2.96599466  1.83109284 -2.53989235]
 [ 3.95808868  1.45634334 -3.1732492   0.77083077 -3.29901203 -4.35813914]
 [-4.04204684 -3.19394763  2.12535153 -1.95572958  4.18736972  2.66540386]
 [ 3.38038712  3.25600489  2.73292615  0.28736976  1.04918448 -3.72371601]
 [-4.12019725  4.62179492 -1.27403126 -1.14935269 -0.40444981  1.8302152 ]
 [-2.64658657 -4.10070715 -4.49990203 -3.20741155  1.25364666  1.47126485]
 [ 0.69547056 -1.2409406   1.09780872  2.4392685  -4.98069001  3.31630345]
 [-2.16410237 -0.68787131 -2.36469651 -1.74829092  3.6307148  -4.04031393]
 [ 0.19608599  1.74013684  4.68664652  1.15758405 -0.53742022  2.23978032]
 [ 1.75594369 -3.9302594  -0.37184794 -2.81353356  2.00442976  4.4013272 ]
 [ 4.22939777  2.33572734  1.38408048  4.44038664 -2.50886902 -2.05422886]
 [-4.32916489 -0.53302417  3.09558236  3.7553884  -1.99906511 -2.29752223]
 [-2.36580525 -3.48488301  4.21293851 -1.04387678 -4.68193358 -0.32820235]
 [ 2.8463557   4.53605315 -1.99991675 -0.26118171  3.84492536 -0.94674282]
 [ 3.73434423 -2.90138299 -3.4283428   0.63537445 -3.43376291 -0.21946532]
 [ 3.17899937 -2.36497224 -2.89435917  4.52663059  0.60193572 -3.91242807]
 [-0.34277952 -4.62130034 -2.96711682  1.45784554 -0.88640832  2.58029484]
 [ 0.40183017 -0.83691304  1.7884884  -3.62971325  4.9619898  -1.51397767]
 [-3.46529018  0.83193171  2.86797219 -4.9602194  -2.76107615  1.37706709]
 [-1.11171734  4.85597395 -0.44680125  4.85727294  2.59256802  1.01023696]
 [ 4.70708873  1.85669622  2.51299255 -3.85804796 -2.97261358 -0.91237354]
 [-0.26032568 -2.8192527  -3.74024768 -4.02001401 -1.54738845 -3.61369784]
 [-4.94512868 -1.58325311  1.49709529 -2.95021189 -0.37696327 -2.82538709]
 [-1.83624317 -0.46236965 -3.10156695 -1.1857084  -4.81326388  3.0297656 ]
 [-2.03144339 -2.71614872 -0.9535848   4.03076142  2.66574979  4.22543973]
 [ 4.86199918 -3.31481694 -1.09615357  3.20612409  1.57668646  2.89348313]
 [-3.4027268   3.65771108  2.47956705  2.72785903 -3.6776377   1.98710096]
 [-4.84391313 -1.33829199 -2.60890256  2.30517787  0.10507942  0.03759459]
 [-1.3657953   0.45002548 -4.20811996  3.48118096 -3.73824927 -1.2657709 ]
 [ 4.17976466  2.61238361 -4.065365    1.65388084 -0.23997418  1.17155815]
 [-4.35836985 -0.13842497 -3.59284208 -2.07460865  0.39478974  4.47856066]
 [-4.58679119  4.22084038 -3.36872673 -1.68377721 -2.85175725 -3.5345428 ]
 [-0.57673969 -4.82295254  4.19024362  2.58569794  0.36683279 -1.61265449]
 [ 1.39111691 -1.8279613   1.00288413 -3.79648308 -3.95939533 -3.37529397]
 [ 3.58052107 -1.08614021  4.98760651 -1.44492418  2.17684344 -1.38337564]
 [-3.75110879 -0.26799177 -0.67002423 -0.79936737 -4.56402313 -2.10926372]
 [ 0.11114927  2.9135534  -2.40080576 -4.27195194 -3.19066547 -3.07609267]
 [ 4.53658849  0.73510965 -1.45131316 -2.3785494   4.67613517  2.97850058]
 [ 0.90322098 -1.50245277  0.87773537  4.99867831 -0.05499813 -0.01594316]
 [ 0.57586583  1.6940739   3.961713    1.2966971  -4.08041301 -1.95771797]
 [ 1.87593662 -2.40059697  4.8415746  -4.11182312 -1.17548226  1.64037895]
 [-3.01121764 -2.12604857  3.01333006  1.75161445  3.27136135 -4.98785018]
 [-0.69275448  2.63612779 -4.21606717  0.8487992   0.83975036 -3.24356601]
 [ 0.97387889  2.16804487 -0.53287156  3.94046697  4.27086629 -4.66333029]
 [-3.12237791  1.4122556   0.33919174 -4.6486227   2.48244846  3.48796266]
 [-3.67074547 -1.0249771   3.75146598  3.04413525  2.86615124  1.28975804]
 [ 3.15709382 -3.62972948  1.66952806  1.41722157 -2.15976852 -4.51416808]
 [ 2.00632021  0.96281368 -4.99998495 -3.3992955  -1.43815498  2.19133386]
 [ 2.73679148 -3.04001497 -4.81621481 -0.00788059  3.02299215 -1.84045316]
 [ 4.34576097  1.21976425 -2.6436138  -3.0309421   0.75724766 -2.99512803]
 [-2.77587112  3.31429432  3.1618947  -2.33602486 -1.67732556 -4.30059005]
 [-1.86006028 -2.50035226 -1.81240667  2.18707977 -1.01837959 -4.77826059]
 [ 2.60873776 -4.90522046  0.484088   -2.68113683  1.9379718  -1.13551524]
 [ 1.68577088 -4.28669637  3.59175413  0.97766411 -1.23950721  3.24903654]
 [-0.11434252  0.21040925 -0.15432691 -0.5846509   0.18864162  0.60895739]
 [-1.70105602 -3.97509483 -1.90049471  2.05482698  4.59272186 -0.40542981]
 [-4.70994049  2.80859177 -2.22050351  0.5156055   4.40163221 -0.75863657]
 [ 3.45364907 -2.10280957  1.21741667  1.90784002  4.05302148 -2.48364856]
 [-0.47499898  2.48327926 -1.42673797  0.07188774  4.7559945   3.66366321]
 [ 1.0787592   0.38064325 -4.46249418  4.21930592  3.41970417  0.52325778]
 [ 2.25586126 -3.80876809 -1.63577626 -4.47786032 -3.0705998   1.86949927]
 [ 1.49245907  3.9091299   0.75658181 -4.79752411  1.60012782  0.34368831]
 [ 2.9342432   4.12400712  0.6058837   4.13536431 -1.9658003   3.85093053]
 [ 4.89310943  3.78287609  1.8674951   0.20966861  1.39063921  2.49339553]
 [-1.55323296  4.95032841  0.1336228   3.36599703 -2.40637832 -2.64086352]]
