[[ 5.01932336e-01  2.32615521e+00 -4.53235475e+00  1.89689032e+00
  -4.40139751e+00  4.17983586e+00]
 [-1.56031614e-03 -1.53300277e+00 -2.82387897e+00 -1.27569610e+00
  -1.37997765e-01 -2.91221219e+00]
 [-2.71653881e+00 -1.99586541e+00 -3.64786617e+00  4.35812443e+00
  -3.84896368e-01  3.53466246e-01]
 [-3.50032785e+00  2.82972820e+00 -5.18897801e-01  4.47955580e+00
  -3.40123206e+00  2.53113814e+00]
 [-4.88766173e-01  2.00552724e+00 -3.53752387e+00  1.34087752e+00
  -7.21973584e-01  3.17647756e+00]
 [-3.69824259e+00  3.76124052e+00 -4.39273877e+00 -2.37536851e+00
   4.29505968e+00  1.46001050e+00]
 [-4.44187466e-01 -2.96135989e-01 -1.12607033e+00  4.23400923e+00
  -3.46440498e+00 -3.34296129e+00]
 [ 3.16486887e+00 -2.85659022e+00 -2.32182224e+00  3.03223263e+00
   3.70635458e+00  4.82081962e+00]
 [-3.89912325e+00 -3.28531475e-02 -2.28708040e+00 -5.13031468e-01
   2.09468247e+00 -3.23835493e-01]
 [ 4.00597234e+00  4.11114393e-01 -3.38418296e+00  1.34530147e+00
  -1.29270954e+00 -2.30098516e+00]
 [-3.28021490e+00 -4.50764405e+00 -3.09858966e+00  4.25257817e+00
  -3.66282204e-01 -1.45723197e+00]
 [-3.44902230e+00  4.27164419e+00 -3.94610650e+00  4.87073198e-01
   9.11510681e-03 -2.85728920e+00]
 [ 7.29587311e-01  4.85189599e+00 -5.92200378e-01 -1.51245348e+00
  -2.48837955e+00 -8.23684349e-01]
 [-1.98316847e+00  3.02956097e+00 -2.33870225e+00 -4.07000961e+00
   2.35581573e+00  8.16893531e-01]
 [ 2.27928910e+00  3.13528302e+00  5.55320890e-01  6.68546233e-01
  -1.81137220e+00  4.57013635e+00]
 [ 2.26781212e+00  3.05628618e+00 -8.86020239e-02 -4.66315030e+00
   4.90082015e+00 -3.45667496e+00]
 [ 1.51286149e+00 -2.14084051e+00 -1.10295079e+00  1.32973459e+00
   7.78132595e-01 -4.03755798e+00]
 [ 4.01174379e+00  1.49398306e+00  2.52373284e+00 -3.65144401e+00
  -4.36987013e+00 -1.81024800e+00]
 [ 4.81341440e+00 -2.07244916e+00 -4.69469699e+00  4.21100106e+00
  -3.29494524e+00  1.38130024e+00]
 [-3.02135670e+00 -3.33261962e+00  4.06878936e+00  1.42701327e+00
   1.19967564e+00 -3.13448271e+00]]
