[[ 3.93011966  2.85134357  1.89274556 -1.47538859  1.20268375 -1.59298555]
 [-1.40776737 -2.59106402 -1.78427945  2.30779495  3.73115331 -1.00670155]
 [ 2.89031993 -2.72615089  2.99509638 -1.7525566   2.98592185 -1.47256084]
 [ 1.44024305  4.03012236 -1.5120444   3.7586659   0.20416787  0.41749551]
 [ 4.69904014 -4.6949407   4.29215348  0.30747683  3.06890477  3.5914084 ]
 [-4.61596028 -3.28268284 -0.82742243 -2.56900013  4.82847601 -1.66210467]
 [-3.41352085  3.37890022 -4.22123189 -4.36419342  4.82340615  1.37402783]
 [ 3.92882827 -1.64096708  0.86992856 -3.7511807   3.97143907  1.93898173]
 [-4.95596961 -4.36650825 -3.76487362 -3.42304559 -0.26779743 -2.83259166]
 [ 2.44728358 -0.57244418 -2.04398453  4.86975077 -4.39680929  1.37791302]
 [-3.78418055 -2.35196257  0.09639864 -0.89150875 -2.74070755 -0.66796287]
 [ 0.76046401  2.11081105 -3.08977135  2.72287907  1.18542619 -3.89548186]
 [ 1.76892878  1.7593392  -4.10582822 -1.14904125  2.42456805  4.48109123]
 [ 3.89642836 -1.94738875  1.94261931 -2.15833322  0.77635285  3.29636775]
 [-0.48843864 -4.71351971  3.28893896 -4.68350011 -2.63612203  1.52792595]
 [ 1.8083084  -4.74128525  3.0560132   4.50318109 -3.77499987 -1.42176425]
 [-2.49321474  3.26557413  1.28034042  4.97762004 -3.19042608 -0.53822893]
 [ 4.29610082 -1.24673045  4.72520808  1.64178412 -4.665954   -3.33426533]
 [ 0.10071165 -0.58165849 -0.45735704  2.86995345 -4.1715872   2.25704269]
 [ 0.31030369 -4.00777857  2.03973308 -4.65469772  1.8949292   1.18121209]
 [-1.4305224   0.94105171 -1.72931207  4.26320835  4.57216998 -3.02107801]
 [ 1.4612435  -2.34413386 -1.46227909 -1.58026922  1.60125464 -1.68179496]
 [-3.03879916  0.19037792  2.35637132  1.91738199 -0.56552455  3.1582706 ]
 [ 2.80235513  2.94236126 -4.43867409  0.14517451 -3.1962226   1.05521593]
 [ 1.84359464 -0.56809326 -1.69519987 -2.5928579   4.66557456  0.36687815]
 [-3.34593545 -0.73668224 -0.39235354 -2.28473657 -1.68250439 -1.93477902]
 [ 0.67845215 -2.68047144  1.42475986  1.73701924  0.15865379  3.00484562]
 [-4.66495983  4.31788909 -3.75734763 -0.41021119 -2.29744455  0.41856933]
 [ 2.12678016 -0.23132723 -2.24842576  4.23634586  0.85648465  1.89546853]
 [-3.07602958  2.39775909  4.12265979 -1.72036944  4.14237139 -4.37593593]
 [-1.58444568 -2.28897677  2.25897939 -1.90189029 -0.86134539 -2.40039854]
 [-4.49403866 -3.91045143  2.32474782  1.82359146 -2.66142658 -2.99079396]
 [-0.52132086  1.42019334  3.69210961  4.79022448  0.31232105 -2.64239216]
 [-1.21008934 -2.49132797  3.39545099 -4.1282459   3.55173553 -1.99473599]
 [-3.89717691  1.46573573 -1.9519796  -1.87722446  2.12229454 -3.35926945]
 [ 3.29359846  0.86713021  4.25865019  3.25753208  4.5829938   4.33520457]
 [-1.47002669 -1.73221702 -4.28862477 -4.40278326  0.82130502 -0.9789166 ]
 [-1.21933779  4.71969743 -1.64815137  2.03873478  1.20927056  1.90123296]
 [-0.47658288  1.67021498 -0.31642702  1.24941545  1.20201792 -4.76294791]
 [ 0.73210755 -0.24820729  2.63503742 -3.52886779 -0.26869903 -2.91668325]
 [-3.05033039 -3.69584754  4.05532093 -1.10728362 -4.18721269  2.98539358]
 [-3.09087991 -4.55060199 -1.77226427 -1.29760694  3.30414393 -1.66880174]
 [-2.06276199  4.32939563  0.43757453  0.44891648 -1.03573584 -0.55660364]
 [ 3.69868595 -4.92630141  0.59609452 -2.55112511  3.57145244 -2.92315656]
 [-0.84362487 -1.31139686 -1.58405751  3.88849985  1.89630807  0.50729761]
 [-4.92886105  0.60135303  1.83460366 -2.81753146  1.62173129  2.47640215]
 [ 1.17913658 -4.37514225  0.53293484  0.21498424  2.92977084 -0.27086876]
 [ 2.90533117  3.03080976  3.31022624  3.94893452  0.60949564  4.94755297]
 [ 1.32416073  0.33283863  3.36076768 -0.510399    1.72511598  3.63880511]
 [ 4.09992441  0.29034536  1.79877121  1.43581347 -1.30654927  4.22204291]
 [ 2.41278068  2.43468613 -3.18386075 -2.87672108  0.89492854 -2.59687995]
 [-3.28698095 -4.70100782 -0.40564909 -2.50858227 -2.69936425 -3.22062978]
 [-1.33997736 -1.12267067 -1.12353309  0.77547548  2.63947218  4.01220992]
 [-4.80837788  4.37105895  4.87823561  0.6217763  -0.26490272 -4.36742037]
 [ 4.63350825 -1.32888347  4.04152196  4.97730029 -4.26427392 -4.85576181]
 [ 0.17589203  1.44821684 -0.85146742 -0.69708753  3.5801055  -1.58805002]
 [ 3.81663118 -0.75114755 -2.62599326  1.92604807 -0.58916122  2.4739119 ]
 [ 1.86469858 -1.26355087  0.41730687  2.54640159  1.38943125  3.97574499]
 [ 0.22206239  1.21994399  0.32065284 -3.95773578 -0.61748425  1.23289105]
 [ 4.0887723  -2.75783522 -3.20034502 -2.40492533 -0.9166546  -0.83219538]
 [-4.05491289  2.98637642 -3.39404034  4.22785187 -2.47833292  4.22346434]
 [ 2.42422079  4.4668138  -3.82336887  1.10961812  0.74838357 -4.98857   ]
 [-2.11503662  1.20568346 -2.28323087  4.6626336   0.32216899 -0.74939209]
 [-2.42974854  1.46560199 -4.02356746 -1.97073582  4.35600685  4.61407164]
 [ 2.23285265  1.33670361  2.73995608  4.79722423 -3.2445671  -4.24321175]
 [-1.92821725 -1.24869254  2.66244679  4.40097463 -1.12894394 -4.63862277]
 [ 2.52217902  3.08983729 -2.82146847 -0.47403699 -0.6874134  -2.79496577]
 [ 2.90290839 -1.36385087 -3.46827786  2.29791722 -4.31091971  1.59740734]
 [ 0.733135   -3.75275713 -0.72949421 -1.68646447 -3.21460185  4.58306702]
 [-2.11962463  1.63419439 -3.49466198  2.00772536  4.98649628  2.70764827]
 [-4.41310953 -1.05277869  3.61843056  3.43527286 -2.63306567 -1.81670201]
 [-2.08578416  1.60743657  4.12369825 -2.15404376  4.28098461 -0.94157951]
 [ 3.15982334  0.20614692 -1.10163056 -4.46463122 -0.60130223  1.30886156]
 [ 2.63333536  1.82725783 -1.82907339 -3.55812888 -2.06621633 -1.7955105 ]
 [ 0.69787991  2.25648024 -3.74181611 -1.57395212 -0.12632035  2.98708655]
 [-1.05569307  4.51856993  1.06967818  1.51311672  1.72482538 -0.76916092]
 [-4.50474901 -4.12110677 -2.80057001  4.74372829  1.19997373  3.13767832]
 [ 2.22694901 -1.78167813  2.29235267  3.147306   -2.63106091 -4.45515993]
 [-4.60200612 -3.34352107  3.47093819 -0.1283109  -2.13954046 -0.41188528]
 [-3.46354038 -2.19406927  4.85689524 -4.66871857 -3.25765335 -3.68894571]
 [-1.85363289 -0.14455694  2.60857268 -2.03747507  3.16440432  4.66096042]
 [-0.41425134  2.06398467 -3.5243     -3.57502705 -2.47502134 -1.2502898 ]
 [-2.31356951  3.87147526 -4.38672288  4.68628598 -3.20039906  3.1350734 ]
 [ 3.95094923 -4.21495617 -3.77978394  0.27049064 -1.96907044 -2.95854877]
 [ 2.38872937  0.87105476  0.40632248 -1.13023901 -1.77924163  3.32426206]
 [ 4.04417697 -1.84994642 -1.00989327 -0.17942165 -4.29828752 -0.02267825]
 [-3.61872705 -4.39049639 -0.03554289  2.76425969 -2.82048471  4.94604731]
 [-4.4140252   2.56040102 -2.58765982 -4.92014623 -1.27501483 -4.44395605]
 [-3.89026829  3.7312293  -2.25775355 -1.31065296  2.46912667 -4.24880313]
 [-1.34105954  2.92490267  2.62889696  2.44286526 -1.89429861 -1.69833965]
 [-4.86953485 -3.06451173 -0.61946671 -1.99875805 -2.17547675  3.87710567]
 [-1.92663042  2.39537023  3.16056575 -3.03758703  2.81196929  0.58814623]
 [ 0.18860741  1.86560572 -0.28008933  0.87522062  3.28054057  3.26003891]
 [-4.34509693  0.18807885  4.80479086 -3.95271298 -1.47689666 -0.33725115]
 [-3.82093837 -4.93573492 -2.10829148  2.77647852  2.82767389  2.74047813]
 [ 1.15017445 -4.66359417  3.60849377 -4.3270196   0.03931456 -2.85723625]]
