[[ 4.5691907  -0.64904202 -0.74020795 -2.61355071 -4.14040646 -0.9264733 ]
 [ 2.08251531  2.38893709  2.02564576 -4.41454733  3.85378975 -2.08166054]
 [-0.93275252 -2.5866694   3.11936627  1.93251211  0.28716525 -0.14140376]
 [-4.19230693  3.92780797  3.56003333 -0.98682185 -1.98952448 -2.5764264 ]
 [ 4.29158786 -4.36326208  3.46664416 -0.05830598 -3.29354465  1.91965826]
 [ 3.47689704 -2.21556229 -4.0747655   2.09028266 -1.77841301  0.90141831]
 [-1.52074174 -0.30675504 -0.87533523  3.59409757  0.26846482 -2.01470653]
 [ 0.21298807  4.33385078  0.56652454 -4.96096374  3.16452321  0.78411462]
 [ 2.46111731 -0.10291498  4.21532496  1.23952622 -0.96425133 -0.66588561]
 [ 4.87905498 -4.88044073 -0.54326613  3.22030189  2.71037908  2.17210679]
 [-0.52492192  4.2025111   1.71378936 -4.06488854 -0.84711475 -4.76829779]
 [ 2.22924762  4.4269539   3.33336907  1.76186865  2.10472531  0.08982791]
 [-2.75031216  1.62721445  2.33535931 -1.82554382  3.43233641 -3.90973408]
 [-2.31539203  3.69401272  4.46286524 -3.83528061 -0.53526172  4.13322465]
 [-3.07037187 -2.90951913 -1.76070899  1.59585024 -0.08955341 -0.02992038]
 [-4.84207362 -2.95824924 -0.11375016 -1.71586665 -1.35698182 -4.97976686]
 [ 4.01445671  4.69116157  4.32989562 -2.89628335 -0.35386973 -2.97896679]
 [ 2.41977303  0.46409933 -1.14356942  3.46293102  3.82966013  3.16821749]
 [ 4.82044021  3.96751345  1.08616734  2.80179384 -0.35666333 -1.3452984 ]
 [ 4.20767162  0.26649854  0.75145219  2.09087454 -4.68834612 -0.43561501]]
