[[ 3.29058935 -4.40286697 -0.30235299 -0.94776994  1.29279781 -1.09490472]
 [-1.80518295  0.79598931  4.28926811  2.95620246 -4.91225815  4.77485417]
 [ 2.41521313  2.20588999  2.77346175  1.7072164  -2.77106608 -2.34486466]
 [ 2.50972358  1.37907145 -4.64998012 -3.18368637 -3.88426815 -0.64952077]
 [-4.97519991  4.09562451  4.58890715  2.14836625  0.83161088 -0.68205129]
 [ 4.23902754 -0.68560878  3.97729117  3.08879553  1.75650769 -4.73543538]
 [-1.17011725  2.55419695  3.96660424 -1.8522817   2.98945558  2.28973674]
 [ 3.75265925  4.49129493 -4.55780086 -4.73462992 -4.82904316 -0.23527205]
 [ 3.27142496 -2.28622358 -4.41253373  4.24314992 -1.74641501  3.56180744]
 [ 4.36471093 -1.09600677  3.84396318  4.99730428 -3.16857515 -2.84254018]
 [-3.94611684 -4.42601041 -2.49090794 -2.47229495 -0.99274888 -2.82972474]
 [-4.05125525 -3.54596739  3.67373286 -0.0389088  -1.73227777  1.11726325]
 [ 4.47862864  4.53624323  3.02307713 -0.62509302 -3.92265314  4.23765899]
 [ 2.28143668  3.99360283 -2.67230277  1.46041226  1.61536819  1.84375039]
 [-0.96139687  4.81626348 -3.35299587 -3.04099924 -4.460506    0.72881835]
 [-0.25537244 -1.48055741 -0.65966159 -3.85400815 -1.56182298  1.04843214]
 [-2.23028147  0.88152589  0.81488479  4.29769534  2.28766548  3.04125161]
 [-1.54241123  4.84576161  1.08557169  1.50175202  4.3293043   1.00716486]
 [ 0.58533192 -3.35739365  0.78038129  3.94645024  0.68064687  4.02986626]
 [ 0.65480259  3.65125727  0.17463963  0.51971206 -3.48778017 -3.7379    ]
 [-0.69141687 -2.2459173   3.63173131  0.2647804   4.29169798  2.14592038]
 [-4.8002729   1.59917164 -3.16761114  2.91618998 -3.61738869  4.76981963]
 [-3.8220859   4.00126521 -1.4370536  -4.71754399  0.90597274  0.67302269]
 [ 4.82788233 -3.6607727  -0.46075692  4.695601    1.42515357  2.36119035]
 [-0.76688356  2.3102384  -1.24419657  3.43144424 -0.83069235 -0.51197288]
 [-4.04001199 -0.3929694   4.78423789  2.03911364  3.74826826 -4.16250896]
 [ 2.07097205 -4.55086124  4.40436662 -1.36601073  1.8396809  -0.87461589]
 [ 0.54771078  2.82498184  0.66248051  4.41157064  2.89362841 -1.59117428]
 [-4.61234126 -3.22286628 -2.41397338 -0.58571645 -4.99326475 -1.96891243]
 [-0.86806278 -2.3484921  -0.86605475  4.8330582   0.61343351 -4.87515893]
 [ 3.27124742  3.97868585 -1.59060308 -1.91410771 -0.52253146  1.99655196]
 [-2.33783797 -4.83277432 -1.93683362 -4.37053439 -4.41995116  2.37706595]
 [-1.2861533  -0.92630187  0.03768381  2.05784098  0.40218784  4.73865503]
 [-1.24525588  3.22157297  0.01801353  2.97544895 -3.97967183  1.39348463]
 [-1.91068571 -0.50207029 -1.6964381   0.32090671 -2.00987544  3.48424995]
 [ 1.72046013 -0.51836791  4.85340744  2.90859897 -4.0151939   1.32570366]
 [-4.73040816 -4.20618998 -0.85685861  3.46540727 -3.14215882 -0.16001595]
 [-0.49001991  4.52244929  2.97717836 -2.66231248 -2.71731746 -0.49483496]
 [-1.86263474  2.56143645 -2.21820289 -1.67692133  2.91530623  0.6292885 ]
 [ 0.04149551 -2.12746847 -2.378015   -1.55582845  4.81953702  1.63829892]
 [ 1.21624172  1.64910741  0.52489702 -4.92548284 -3.12693378  1.09172744]
 [ 1.59633729  0.89218678 -1.16653714  0.03204435  3.34340507 -2.79394318]
 [-4.93088507 -1.35279312  0.15608657  3.55673245 -3.03995119  3.44513602]
 [-0.37127913  3.68661109  2.23127509  0.24768548  4.44628611 -3.33473463]
 [ 1.90614015 -2.79211827  0.96997665 -3.13721541 -0.05765659 -3.87556628]
 [ 3.50951576  0.81432387  4.04436807  4.40592516 -2.54257412  2.05351778]
 [-0.69287533 -3.23336251 -3.26165537  0.76799989  0.14231598  4.51042918]
 [ 0.14503114  3.01266036 -0.75414098 -3.14311891 -2.91906365  2.53395202]
 [ 3.19856482  1.54772847 -4.65600325 -3.91191904  0.85026663 -3.56090864]
 [-4.37124734 -3.61354942  1.45018315 -3.49582768  4.88178328  0.04171018]
 [ 3.63877309 -1.91419264  2.69689602 -4.20044509 -0.7015963  -3.00699555]
 [-2.77724565 -3.71009578 -0.1224386   3.66045549 -2.37636134  1.97833638]
 [ 2.74929153 -0.50783548  0.24151811 -3.81334016 -2.71512857  0.46432191]
 [-2.04559127 -4.85617668  4.06661563 -1.04063518  4.18351938 -0.67946075]
 [ 0.26270096  1.93503658 -3.91675939  0.53819815  0.79330862  1.65517118]
 [-3.84972873 -1.92430065  0.70897267  4.73702343  2.74812149  1.31090174]
 [-2.11660063 -2.88684554  1.90646827 -4.28349866 -2.0644992  -3.20967535]
 [-4.85702527  3.09814843 -1.19036925 -4.72896627  4.46481462 -1.59727577]
 [-1.26390758  3.98944665  2.4888438   4.69343038 -0.1980651   1.81277926]
 [-1.94754506  3.1666049  -2.7462318  -2.20644394 -0.56841116  0.16767495]
 [ 4.22495662 -3.95316435 -1.96048131 -3.31908668  1.22341194 -2.60840785]
 [-4.85976121 -2.34628842  0.83804487 -4.16256884  2.31514911  0.35085047]
 [-4.77996901  0.12712789  1.716803    3.44636988 -1.36768592  3.92722375]
 [ 4.93160118  0.16112662 -0.96256145 -3.71159126 -4.87940996 -1.11527344]
 [-1.22489427 -1.54793292  2.9366891  -3.86027702  1.0151106   1.25975586]
 [ 2.61659923 -2.37297211 -3.62490842 -3.45977889 -3.53633108  1.54260636]
 [-3.99990232 -4.76272503 -0.73250546 -3.28476606 -0.3762188  -4.02324705]
 [-0.02561258 -4.63214153  0.66099529  1.82647727 -3.48004218 -2.70765203]
 [-0.07198563  4.45027461 -2.5830615   3.94592213  4.29086865  4.00555061]
 [ 0.9665294   2.68840419 -3.04244457  1.38494371 -4.7631492  -4.57525019]
 [-3.06720132  3.76998732 -0.475545   -2.58531506 -4.56175942 -1.38014748]
 [-4.13235771 -3.4647934  -1.28927448  1.58276843 -4.97972355  1.13356609]
 [-0.42938298  0.2000937   0.62376688 -2.00956902 -1.47107288  2.34639697]
 [-2.08773662  3.62592732  1.16808594  3.62510294 -3.89750343  3.73185422]
 [ 2.99646826 -1.46277976  1.51423985 -1.91478523 -2.79144654 -1.65505311]
 [ 0.2685162  -1.98829476  1.17466128 -4.09895833  4.46920573  4.87422718]
 [-3.0184076  -4.51659762 -3.32239279 -3.34631622  1.30342425 -2.92046419]
 [-4.50727288  0.48463716 -3.48481745  4.01802452 -0.04778465 -1.75917873]
 [ 4.59720833 -1.75076078  1.58276741 -1.5345472   0.80240116  4.0939573 ]
 [ 0.34368348  3.91313086 -4.78893847  1.33820142  1.40235875 -1.59777291]
 [ 4.80668848 -1.89600599  2.15650688 -1.5837997  -4.12251129 -2.3601788 ]
 [ 1.461879    1.48437512  3.36093857  4.34877683  4.72668515  3.97102679]]
