[[-3.93514511  1.99815362 -1.57901016  1.77455183 -2.37213463  1.33488109]
 [ 3.18859936  2.70178454 -1.57745828 -0.87136308  3.062924    2.82892572]
 [ 0.09893298  0.80203926  1.02696683  3.20238451  3.0276711  -3.00415872]
 [ 3.60657841 -2.5178574   1.90428085  3.19959773 -1.67315188 -3.00679571]
 [ 2.19055135 -2.18296039 -4.21078075  4.34706703  3.22445712 -4.26721314]
 [-4.9370846  -0.72688328 -3.79611235 -2.1713061  -2.22850137  1.61835545]
 [-3.2168277  -4.15302485  4.32924913 -3.52692713 -4.87246753  3.49627771]
 [-1.79018529  1.10278191  3.45565504 -0.53005276 -4.11696163 -4.14133168]
 [ 0.1166921   0.42731974 -4.90654984 -2.1009516   4.97844041 -2.8041008 ]
 [-4.1540824   1.22634827 -3.41257148 -2.62398727 -2.98397067  4.63351131]
 [ 3.70649241 -1.236321   -2.72517998 -4.65690216 -2.09335159 -1.67376626]
 [ 0.61487199  1.67155869 -3.48903658 -2.63369789  0.39656961 -0.62720527]
 [-2.27182039 -0.83163324 -0.37318663  4.10411244 -4.737394    3.37059463]
 [ 0.80936646 -3.22181247  2.31682941 -2.32434908  1.9901996   3.08973024]
 [-2.95287144  0.33759127 -0.57335173 -0.96607964 -3.20824253 -2.02490517]
 [-0.90070019 -0.42547125  1.9298973   4.76122145  1.15185897  3.43185072]
 [ 1.21621614  1.82842732 -4.3599489  -0.93102525 -3.10389781 -0.96566489]
 [ 3.29356757  2.95780385  2.74605025 -3.79685481  4.58794035  3.6081109 ]
 [ 4.8861818   1.02567863 -1.73177145  1.55150048 -4.62156489  4.8396495 ]
 [-1.56422379 -2.80124674  1.43557406  3.54719236  3.5436496   1.02192362]]
