0.114024 0.637690 -0.045035 0.211100 -0.253633 0.412251
-0.091011 -0.170323 0.463195 -0.644488 -0.422753 0.412237
-0.091011 -0.170364 0.388785 0.211100 -0.277612 0.037237
-0.089101 0.670364 0.386382 -0.288900 -0.253633 0.412237
0.114024 0.637690 -0.045030 -0.306402 0.686316 0.060322
-0.091010 -0.170364 0.386384 -0.288900 -0.277612 0.060308
-0.707379 -0.269241 0.386382 -0.306402 -0.240022 0.542611
0.114024 0.637690 -0.042632 -0.306402 -0.240022 0.435322
0.112114 -0.137690 -0.045035 0.193598 0.686316 0.060322
-0.091011 -0.170364 0.386377 0.193598 -0.240022 0.412237
