-0.371008 0.149984 0.192775 -0.854728 0.798953 0.818278
0.308612 -0.149984 0.192775 -0.854728 0.798953 0.256246
0.308612 -0.078972 -0.122834 0.933117 -0.761409 0.584545
0.489888 0.415510 0.085811 -0.025279 -0.073595 -0.053682
-0.327185 0.078977 0.085811 -0.025279 -0.073595 -0.053295
0.077200 0.281151 0.369154 -0.139019 -0.353366 0.256323
0.121008 0.149984 0.192775 -0.854634 -0.353366 0.818334
0.308612 -0.078972 -0.122834 0.933117 -0.761409 0.584545
0.489888 0.415510 0.085811 -0.025279 -0.073595 -0.053682
0.489888 0.415505 -0.127166 0.933117 -0.761409 0.584932
