0.013605 0.874087 0.665835 0.833039 -0.496655 0.907759
-0.658136 0.874087 0.665833 0.833039 -0.496655 0.907749
0.005970 -0.588619 0.292768 0.833039 -0.496619 0.592241
-0.658136 0.874087 0.665833 0.833039 -0.496655 0.907749
0.486261 0.874087 0.665833 0.687725 -0.542601 0.905758
0.494030 -0.588619 0.292768 0.687725 -0.542601 0.905758
-0.658136 0.874087 0.665833 0.833039 -0.496655 0.907749
0.623100 0.802140 0.354731 -0.756649 -0.609791 0.760542
-0.658136 0.874087 0.665833 0.833039 -0.496655 0.907803
-0.658270 0.874087 0.665834 0.833039 -0.496655 0.907749
