-0.049281 0.632267 0.431986 0.263777 0.672192 0.715671
-0.016555 0.163517 0.431987 0.642485 -0.633891 0.228937
-0.049281 0.632267 0.431986 0.263765 -0.633891 -0.502835
-0.016555 0.162936 0.069134 0.642485 -0.633891 0.771063
-0.049281 0.162936 0.069135 -0.055459 0.366109 -0.502835
-0.049281 0.632267 0.431986 0.263765 -0.633891 -0.502835
-0.450719 0.631687 0.069136 0.263777 0.672192 0.715671
-0.049281 0.632267 0.431986 0.263777 0.672192 0.715671
-0.030320 0.162936 0.069135 -0.055459 0.391173 0.770602
-0.030320 0.632267 0.431986 0.263765 -0.608827 0.770602
