0.812424 0.925440 0.676198 0.426762 -0.901774 0.871738
0.543686 0.261872 -0.055520 -0.851606 -0.179075 -0.341576
0.812424 0.925440 0.379772 -0.514917 0.429046 -0.447858
0.812424 0.925440 0.389783 0.089412 -0.898162 -0.447858
0.812424 0.925440 0.676234 -0.851600 0.004476 0.871738
-0.158597 0.244091 0.415563 -0.851600 0.008088 -0.447858
0.812424 0.925440 0.676234 0.731163 0.004476 0.871738
0.543686 0.261890 0.672718 0.089412 -0.898191 -0.341576
-0.158597 0.244091 0.415599 0.426762 -0.898162 -0.447858
0.812424 0.925440 0.676234 -0.851600 0.004476 0.871738
