-0.318971 0.661115 0.556718 0.854634 0.041970 -0.696422
0.216997 0.202452 0.335384 -0.090067 -0.208030 -0.720727
0.217004 0.202452 0.335384 -0.090067 -0.208030 -0.720727
0.144510 0.297548 0.335384 -0.090067 -0.203649 0.722412
0.217004 0.297549 0.555241 -0.090067 -0.208030 -0.720727
0.217004 0.202452 0.335384 -0.090067 -0.217213 0.904273
0.144505 -0.173166 -0.532201 0.051265 -0.222096 0.928467
0.217004 0.202452 0.335384 -0.090067 -0.208030 -0.720727
0.217007 -0.173166 -0.532201 0.051030 -0.221899 0.470727
-0.318971 0.661116 0.333907 0.854634 0.032787 0.928578
