0.533909 -0.431167 0.850882 -0.397592 -0.961788 -0.329571
-0.546061 0.905625 0.880587 -0.562175 -0.589238 -0.329012
0.533854 0.905625 0.880587 -0.561057 -0.589238 -0.329571
0.652856 -0.067924 0.850882 -0.392291 -0.185451 0.820440
0.533909 -0.388919 -0.119980 0.885947 -0.391667 -0.329571
-0.546713 0.905636 0.006016 0.530925 -0.589311 -0.829012
0.533909 -0.431156 0.006016 0.529807 0.803423 -0.829571
-0.546116 -0.431156 0.006016 0.530925 0.803423 -0.829012
0.652856 -0.067924 0.850882 -0.392255 -0.185451 0.820440
0.652856 -0.068790 0.006016 0.530925 -0.589251 0.247332
