0.002533 -0.377727 -0.037042 0.284453 -0.025854 -0.591919
-0.127161 0.315837 -0.036153 -0.094214 0.774463 0.393414
-0.127057 0.315349 -0.036153 -0.094214 0.775187 0.967633
0.869348 0.315319 0.656051 0.866109 -0.468466 0.480829
0.002533 -0.377703 0.656051 0.866109 -0.468466 0.480829
-0.127057 0.297468 -0.038066 -0.094214 0.775187 0.967633
-0.127057 0.297962 0.656049 -0.094214 0.775187 0.967633
-0.127161 0.297474 0.656049 -0.094214 0.774463 0.393414
0.869348 0.315319 0.656051 0.866109 -0.461221 0.480829
0.869348 0.315319 -0.037177 0.284453 -0.025854 -0.591919
