0.873029 0.717889 0.094711 0.152538 0.946783 -0.771045
0.866543 0.276349 -0.254394 0.528404 -0.181540 -0.771106
-0.322077 -0.192781 0.150545 -0.528404 -0.181540 -0.771043
0.866543 0.325177 -0.245606 0.701088 0.809839 -0.134144
0.866543 0.276349 0.245606 0.152538 0.553057 -0.771045
0.866543 0.276349 -0.349455 -0.528321 0.553055 -0.980581
-0.322070 -0.726373 0.150545 -0.701088 0.809839 -0.134081
-0.409961 -0.726373 -0.970430 -0.871058 0.286668 -0.273394
-0.524112 0.276072 -0.968844 0.798744 -0.180161 0.647077
-0.322070 -0.726373 -0.349455 -0.528321 0.946558 -0.134142
