-0.649942 0.668225 0.329573 -0.449727 -0.832459 0.032735
-0.649942 0.668225 0.329573 -0.449727 -0.832459 0.032735
-0.649942 0.668225 0.329573 -0.450664 -0.832459 0.032735
-0.649942 0.668225 0.329573 -0.449727 -0.832459 0.032735
-0.649942 0.668225 0.329573 -0.449727 -0.832459 0.032735
-0.649942 0.668225 0.329573 -0.449727 -0.832459 0.032735
-0.649942 0.668225 0.329573 -0.449727 -0.832459 0.032735
-0.649942 0.668225 0.329573 -0.449727 -0.832459 0.032735
-0.649942 0.668225 0.329573 -0.449727 -0.832459 0.032735
-0.649942 0.668225 0.329573 -0.449727 -0.832459 0.032735
