-0.920489 0.716259 0.262981 -0.210054 -0.017309 -0.078294
-0.920499 0.283741 0.262981 -0.210054 -0.017309 0.759381
-0.920489 0.716236 0.262981 -0.210054 -0.017309 -0.078294
-0.569833 0.302196 0.285219 0.977449 0.570463 0.759374
-0.568926 0.716259 0.285219 0.977449 0.570463 0.759374
-0.920489 0.716259 0.262981 0.210054 -0.017309 0.758620
0.862348 0.716259 0.262981 -0.210054 -0.017309 -0.078294
-0.920489 0.716259 0.262981 -0.210054 -0.017309 0.758620
-0.920489 0.715358 -0.262981 -0.210054 -0.017309 -0.078294
-0.921396 0.301295 -0.262981 -0.210054 -0.017309 0.758620
