-0.686137 0.417697 0.013019 0.268507 -0.722012 -0.818143
-0.686137 0.121852 0.013019 0.258240 -0.465488 -0.818143
-0.221856 -0.121850 0.013019 0.268507 -0.730838 0.646966
-0.686137 0.082304 -0.339041 0.018523 0.392181 0.276150
-0.221856 -0.121850 0.013019 0.268507 -0.730835 -0.676476
-0.221856 -0.121850 0.013019 0.258240 -0.456662 0.646966
-0.221856 -0.417695 0.013019 0.268507 -0.730838 0.646966
-0.221856 -0.121850 0.013019 0.268507 -0.730838 0.646966
0.144025 -0.283140 -0.376808 -0.996126 0.392181 0.276222
-0.928738 0.761447 0.013019 0.268523 0.392179 0.646965
