-0.373584 0.115169 -0.406322 0.306553 0.726858 -0.680377
0.764884 0.008292 -0.406367 0.094715 -0.887038 0.301183
0.764209 0.115168 0.196730 -0.181563 0.798133 0.301183
-0.373584 0.384832 0.196730 -0.132443 0.726858 -0.682050
0.764884 0.008292 -0.406322 0.306563 0.798133 0.301183
0.764884 0.008292 0.196730 -0.132432 0.798133 0.301183
0.764413 0.008292 -0.406367 0.094715 -0.887038 0.301183
-0.374259 0.008292 -0.406322 0.257443 0.726858 -0.680377
-0.373584 0.384821 0.196730 -0.132443 0.726857 -0.680377
0.764884 0.008292 -0.406322 0.306563 0.798133 0.301183
