-0.840357 0.401813 0.258260 0.580350 -0.734231 -0.781534
-0.840357 0.401813 0.258287 0.138401 -0.734231 0.375284
-0.840357 0.401813 0.258260 0.580350 -0.734231 0.375284
-0.840357 0.401813 0.258260 0.580350 -0.734231 0.375284
-0.840357 0.377907 -0.399770 -0.318895 -0.893854 -0.804971
-0.840357 0.401813 0.258260 0.580350 -0.730855 -0.875284
-0.840357 0.401813 0.258260 0.580417 -0.188865 -0.781534
-0.840357 0.410687 0.258260 0.580350 -0.734231 0.375284
-0.840357 0.401813 0.258260 0.580350 -0.730855 -0.875284
-0.391169 0.276813 0.258260 0.580350 -0.734231 0.375078
