-0.306614 0.052836 0.141153 -0.392124 0.318386 -0.696628
-0.700430 0.279322 -0.134506 -0.069437 0.221552 0.899081
-0.306614 0.057756 0.141153 -0.392125 -0.419611 0.005222
-0.306614 0.057756 0.141153 0.553034 -0.419611 0.005194
-0.306614 0.057756 0.141153 -0.392125 -0.419611 0.005222
-0.039028 -0.089006 0.202237 -0.392124 0.318569 -0.303400
-0.700430 0.279322 -0.134506 -0.069437 0.221552 0.899081
-0.306614 0.057756 0.141153 -0.392125 -0.419611 0.005222
-0.039028 -0.084086 0.141153 -0.392125 -0.419611 0.005222
-0.306614 0.057756 0.141153 -0.392125 -0.419611 0.005222
