-0.954670 0.919735 0.845545 -1.000000 -0.938609 1.000000
-0.954748 0.919037 0.845622 -1.000000 -0.938407 1.000000
-0.954492 0.919303 0.845246 -1.000000 -0.938865 1.000000
-0.954845 0.919033 0.845482 -1.000000 -0.938483 1.000000
-0.954823 0.919401 0.844981 -1.000000 -0.938708 1.000000
-0.954687 0.919053 0.845747 -1.000000 -0.938415 1.000000
-0.954839 0.918778 0.845907 -1.000000 -0.938396 1.000000
-0.954792 0.919453 0.845714 -1.000000 -0.938274 1.000000
-0.954882 0.918998 0.845848 -1.000000 -0.938215 1.000000
-0.954770 0.918991 0.846052 -1.000000 -0.938193 1.000000
