[[ 2.01686355e+00  4.53485498e+00 -3.26273850e+00  9.11192002e-01
   3.33004566e+00 -3.37461535e+00]
 [ 2.53668340e+00 -3.05892878e+00  2.99511162e+00 -4.54307402e+00
  -2.02031546e+00  3.12538198e-01]
 [ 6.29342225e-01 -1.22416744e+00  3.05227197e+00  1.09675353e+00
   4.69760236e+00 -2.02664357e+00]
 [-2.82853524e+00  4.10126727e+00  1.72223344e+00  1.93173780e+00
  -4.91293285e+00 -7.28435818e-01]
 [-2.34444317e+00  4.58525176e-02  2.60670798e+00 -2.57019187e-01
   3.83832761e+00  2.87769834e+00]
 [-4.07271497e+00  3.35242931e+00  4.71663077e+00  4.61822689e+00
  -1.93356950e+00 -1.27996292e+00]
 [-4.73995439e-01  4.16345878e+00 -2.10108180e+00 -1.64896894e+00
  -4.38343844e+00  1.25297277e+00]
 [-7.19864332e-01  3.65923102e+00 -1.67775021e+00 -2.94130962e+00
  -1.07012703e+00 -3.11013776e+00]
 [ 2.75574098e+00 -4.21427047e+00 -2.70891186e+00  1.78227529e+00
   3.26272722e+00 -4.31671934e+00]
 [ 4.90638075e+00 -1.51475521e-01  1.32802156e+00  2.55078003e+00
   1.00047230e+00 -2.38478060e+00]
 [-3.24501046e+00 -2.01023665e+00  9.73915466e-02  1.36376190e+00
   4.91040792e+00 -3.85295594e+00]
 [-1.73324947e+00 -2.21979240e+00  2.75447795e+00  3.38646059e+00
  -3.24664140e+00  3.89864985e+00]
 [ 2.90150787e+00  2.79775825e+00  1.41723646e+00 -4.58588072e+00
  -2.27717161e+00 -1.31960296e+00]
 [ 8.08126984e-01 -7.00712460e-01  1.86269733e+00 -3.91881226e+00
  -4.49621913e+00 -4.77347714e+00]
 [ 3.00042466e+00  1.34381607e+00 -4.23940633e+00  2.13415409e+00
  -4.41169905e+00 -3.09411282e+00]
 [ 1.55431114e+00  5.66263264e-01  4.85887259e+00 -4.25365925e+00
   1.26747446e+00  3.69150910e+00]
 [-3.52487412e+00 -1.65784411e+00 -5.77597208e-02 -3.77772856e+00
  -4.57123552e+00  2.39251875e+00]
 [-3.83030674e+00 -8.01925225e-01 -3.17980166e+00 -5.20836548e-01
   4.77429609e+00  3.55811590e+00]
 [ 1.42664454e+00  1.48660162e+00  4.51078242e+00  1.57252522e+00
  -4.15638390e+00  5.22140413e-01]
 [-4.58978522e+00 -8.46049862e-01  8.79165618e-01 -1.71063282e+00
   4.54009261e+00 -2.59715417e-01]
 [ 2.38852647e+00  3.50965133e+00 -4.87562039e+00 -2.63519345e+00
  -9.75863040e-01 -4.24246835e+00]
 [ 5.51660847e-01 -3.12829832e-01 -4.41263082e+00  3.39412658e-01
   2.01851938e+00 -4.40492280e+00]
 [-4.86475753e+00  9.68687285e-01 -2.25946081e+00  3.37224137e-01
  -3.79070400e+00 -1.74221060e+00]
 [ 4.57726276e+00 -3.83452007e+00  9.30780968e-01 -7.89338236e-01
   3.70304607e+00  1.02585256e+00]
 [-1.61689905e+00  1.18403537e+00 -4.11484103e+00 -4.16419189e+00
   1.67408293e+00 -1.25606021e+00]
 [-3.39291844e+00 -4.02150373e+00  4.18861412e+00 -1.28579390e+00
   6.03601719e-01  3.40844508e+00]
 [ 4.75561815e+00  1.05934261e+00  3.73963677e-01 -4.98145199e+00
   1.97588689e+00  1.56909134e+00]
 [-2.81638454e-01  2.67695329e+00  1.49971217e+00 -9.17733018e-01
  -1.57758920e+00  1.84410453e+00]
 [ 3.24822805e+00  3.58130876e+00  4.39575364e+00  2.51780742e+00
   1.41952262e+00 -2.12246368e+00]
 [-1.65546889e+00  4.89872193e+00  4.93480074e+00  6.63343643e-01
   1.14770710e+00 -1.98272314e+00]
 [ 1.58712602e+00  2.10275440e+00 -1.83481522e+00 -3.15542721e+00
   4.47295036e+00  2.99847184e+00]
 [-9.57738357e-02  7.13517533e-01 -3.70403845e+00 -3.98054326e+00
  -2.17952134e+00  2.82604284e+00]
 [-1.09258024e+00 -2.15173613e+00  3.68157137e+00 -2.88039583e+00
  -2.78060146e+00  4.22554376e+00]
 [ 3.36453698e+00 -1.80301280e+00 -4.05215263e+00  4.77930410e+00
   5.29917960e-01  3.47542618e+00]
 [-1.30059826e+00  4.41892843e+00 -2.20110924e+00 -4.75220523e+00
   8.69552051e-01  2.03664466e+00]
 [ 3.68754696e+00  1.51486196e+00  3.21401144e+00 -2.97963362e+00
  -2.69435496e+00  2.92892140e+00]
 [-2.61688746e+00  2.42747282e+00 -3.33393918e+00  9.77161799e-01
  -3.39019339e+00  4.16288054e+00]
 [ 4.87689941e+00 -1.43959686e+00  1.21500110e+00  4.48022201e+00
  -3.67572029e+00 -2.50846434e+00]
 [ 3.07915091e-01 -1.95431472e-01 -1.10785863e+00  3.50603146e+00
   4.05065457e+00  3.21461381e+00]
 [-2.02009273e+00  3.71930990e+00 -3.90131686e+00  1.81102915e+00
  -4.88427774e-01 -3.25888704e+00]
 [ 2.60791037e+00 -3.54312137e+00  1.52730656e+00  2.79227560e+00
  -4.99099657e+00  1.87139838e+00]
 [ 3.78231441e+00 -1.57966087e+00 -1.89028140e+00 -3.69452861e+00
   1.76175566e+00 -4.55253901e+00]
 [ 3.44738406e+00  2.41774920e+00  1.75766451e+00  3.66852436e+00
   3.47668348e+00  2.72127009e+00]
 [-8.87587542e-01 -3.29270056e+00 -3.22095050e-01  4.73370214e+00
   2.22871996e+00 -3.02243177e+00]
 [-4.49154753e+00 -4.08614195e+00 -7.04396770e-01 -3.22155729e+00
   2.12505243e+00 -3.53877276e-01]
 [-3.30552419e+00 -3.93513682e+00 -3.43140488e+00  1.96421404e+00
  -4.79672244e+00 -5.21287242e-01]
 [-4.15639190e+00 -3.60583073e-01 -4.50801430e+00  2.92469967e+00
   1.07525324e+00 -2.65118289e+00]
 [ 7.52769936e-01  1.08582503e+00  7.06927309e-01 -2.30930590e+00
   2.06262375e+00 -7.85472362e-01]
 [-5.53492484e-01 -4.82342838e+00 -4.11290372e-01 -2.67238604e+00
   1.50798182e+00 -3.52683706e+00]
 [ 4.65639378e+00  4.98933486e-01  5.01149250e-01  1.64731926e-01
   2.54287339e+00  2.30870190e+00]
 [ 2.47502453e+00  1.98514706e+00  2.45848296e+00 -3.26783425e-01
   2.25857458e+00 -4.67389475e+00]
 [ 2.69802834e+00  1.28699579e+00 -4.34390183e+00 -4.96792719e-02
  -3.95608459e+00  1.55856632e+00]
 [-4.70083502e+00  2.28067310e+00 -2.31594959e+00 -3.48386571e+00
   2.93918020e+00  1.63230576e+00]
 [ 2.49952091e-01  4.99245610e+00  2.03457148e-01  1.05725430e+00
   4.58453226e-01 -1.42594667e+00]
 [ 4.20119530e+00 -1.85735951e+00  6.43213709e-01 -1.01057632e+00
  -7.78959311e-01 -1.83294927e-01]
 [ 1.90619274e-01 -4.91745026e+00 -2.02337352e+00  1.42631462e+00
  -1.73413091e+00  3.13154119e+00]
 [ 3.75051988e+00  3.30777448e+00  3.23797490e+00 -2.12897921e+00
   4.36861723e+00 -1.12245974e+00]
 [ 1.48478927e-01 -1.45066776e+00 -2.64049814e+00  4.10637321e+00
  -3.08200633e+00  2.78926312e+00]
 [ 4.06423343e+00  1.91771454e+00 -3.55483189e+00  4.40916564e+00
   3.38579738e+00  2.13436469e+00]
 [ 2.21557491e+00 -1.15057441e+00 -4.99999298e+00 -2.21286827e+00
   3.63805719e+00  2.43524330e+00]
 [ 8.57940395e-01  2.77199171e+00  4.37882838e+00  1.63239665e+00
   4.19565221e+00  8.63711631e-01]
 [ 2.95385096e+00  2.50010056e+00  2.11020961e+00 -1.15678396e-02
  -4.26972994e+00 -4.18104918e+00]
 [-3.18705839e+00 -4.95580831e+00  1.64767249e+00 -1.92235789e-01
  -4.20690131e+00  7.06294710e-01]
 [ 6.90484138e-01 -3.64916274e+00 -3.78810576e+00  3.64076852e+00
  -4.51192747e-01 -1.46562940e+00]
 [-3.12087623e+00  1.82064718e+00  2.03991560e+00  2.06989667e+00
   2.34087297e+00 -1.90387239e+00]
 [-1.88270806e+00  2.32807908e+00 -1.51259450e+00 -9.87104936e-02
   4.10321886e+00 -3.90003453e+00]
 [-2.52667210e+00 -2.36357156e+00  4.20512480e+00  3.90230116e+00
   1.57708307e+00 -2.77103904e+00]
 [ 4.21751648e+00 -2.28081712e+00  3.38753195e+00 -1.39682647e+00
  -4.51481009e+00 -2.06735208e+00]
 [-8.23222456e-01 -1.12339652e+00 -4.14826343e+00 -3.38039560e-01
  -3.49326890e+00 -6.98567980e-01]
 [-3.46184207e+00  1.59697530e+00 -1.72295407e+00 -4.28916840e+00
  -3.14353895e+00 -1.79704329e+00]
 [ 3.28305322e+00  4.26738421e+00 -8.61042854e-01 -3.34241864e+00
  -1.92263979e+00  3.23485925e+00]
 [-9.27545023e-01 -7.45861710e-01 -6.19947823e-01  5.96333388e-01
   3.26186203e-01 -2.42473870e+00]
 [ 2.13509796e+00  1.06006153e-01  4.79458830e+00 -5.58135428e-01
  -1.51700170e-01 -1.64698544e+00]
 [ 1.02537995e+00 -2.61316612e+00  1.26541166e+00  4.95544845e+00
  -3.30094659e-01  1.27009829e+00]
 [ 1.23995795e+00  2.92514075e+00  6.51829604e-01  3.55600240e+00
   3.42670601e+00 -4.10296345e+00]
 [-9.99266248e-01  1.23029967e+00 -2.25822750e-01  4.26571148e+00
  -2.15802610e-01  4.81779514e-01]
 [ 2.26047232e+00  4.68079523e+00 -1.58848293e-01 -4.43885101e+00
   2.39292642e+00 -2.31913759e+00]
 [ 3.88650122e+00  2.65783620e+00 -1.39446388e+00  4.89379284e-01
  -1.23584631e+00 -2.55783064e+00]
 [ 1.74758950e+00  1.64181286e+00  2.52765190e+00 -1.46311016e+00
   4.29884514e+00  3.75123225e+00]
 [-1.28774938e-02  3.03528971e+00  2.90133871e+00  4.26078242e+00
  -1.45990693e+00 -2.85774641e+00]
 [ 1.65692771e+00  6.02451094e-01 -3.77126954e+00  4.90733527e+00
   2.90048150e+00 -1.81535978e+00]
 [ 4.69427703e+00 -4.29356509e+00 -1.02759678e+00  3.17082113e+00
  -1.14341434e+00  9.01536042e-01]
 [ 3.59886569e+00  4.86714641e+00  1.03120503e+00  3.08545127e+00
  -8.75985722e-01  2.27772120e+00]
 [ 1.89590310e+00 -4.66741671e+00  2.14988751e+00  2.03148535e+00
   1.73540591e+00 -1.62439691e+00]
 [-3.90270294e+00  4.03928707e+00 -9.94028750e-01  2.89544566e+00
   1.05936187e-03  3.35910405e+00]
 [-3.61588772e+00  3.14094288e+00 -1.09393947e-01 -3.35295529e+00
  -2.58075605e+00  2.52296544e+00]
 [ 3.18944304e+00 -3.98320985e+00  9.98392594e-01 -1.59390480e+00
  -1.25921838e+00  4.46434920e+00]
 [-2.48135526e+00 -3.78800840e+00 -4.56421926e+00  2.20516056e+00
   1.96434143e-01  2.20407044e+00]
 [ 4.41686154e+00 -4.04576562e-01 -1.26372341e+00 -3.88729229e+00
  -3.03595389e+00  4.82026586e+00]
 [-3.96298285e+00 -5.53742090e-01  4.09381626e+00 -4.08191165e+00
   9.42075360e-01 -2.87569903e-01]
 [-4.38022488e+00 -1.51086366e+00  2.93385399e+00  1.68986781e+00
  -1.76511744e+00 -2.27541035e+00]
 [-1.18647882e+00 -1.31024504e+00  4.60122284e+00  3.89108615e+00
  -3.99836534e+00 -2.82173852e+00]
 [-4.28442978e+00 -2.57060673e+00 -9.19561872e-01  3.99806480e+00
  -2.12392649e+00  3.41433848e-01]
 [-1.84998944e+00 -5.13764332e-01  4.50220846e+00 -3.75790116e+00
  -2.91928795e+00 -4.50446008e-01]
 [ 4.96605123e+00 -3.92951337e-02  2.66019703e+00 -3.58058557e+00
  -7.16318413e-01 -4.06521307e+00]
 [-2.40020980e+00  3.60996568e+00  7.94432316e-01  4.17501642e+00
   4.81838826e+00  4.57565660e+00]
 [ 1.30098477e+00  6.72629312e-01 -5.33548261e-01  4.67900474e+00
  -2.61971757e+00 -4.89661230e+00]
 [ 5.10689438e-01 -3.52101263e+00 -2.60640900e+00  2.28761575e-01
   3.98028102e+00  4.27487537e+00]
 [-2.67067953e-01 -3.77139810e+00  1.91514902e+00  1.31754868e+00
   2.62305185e+00  4.43109778e+00]
 [ 4.47711736e+00  1.39329647e+00 -2.91716711e+00 -1.35299716e+00
   4.39522830e+00 -1.04242232e+00]
 [-1.19669245e+00  1.69798535e+00 -2.74066776e+00  4.87228580e+00
  -4.05471553e+00 -2.19768093e+00]
 [-7.20251649e-02 -4.69971738e+00  3.43096007e+00 -2.42830664e+00
  -1.65374171e+00 -2.93610023e+00]
 [ 5.68389441e-02  2.36134208e-01 -7.14978437e-01  7.37367014e-01
  -3.55145861e-01  4.93222456e+00]
 [-2.99171374e+00 -4.50122524e+00  3.86989942e+00 -4.03970901e-01
   2.45508344e+00 -1.15382345e+00]
 [-1.97284117e+00  2.86792647e-01  2.25285166e+00 -7.40566333e-01
  -4.65080509e+00 -2.67614528e+00]
 [-1.79404182e+00  2.54649895e+00  4.64366109e+00 -2.53472330e+00
  -2.08418929e+00 -4.49291125e+00]
 [-4.92722330e+00 -1.69621645e+00 -4.83526775e-01  2.72367914e+00
   1.48970441e+00  4.70261374e+00]
 [-3.85331921e+00  4.38533274e+00  3.92164127e+00  3.25821050e+00
   4.95879518e+00 -3.65217204e+00]
 [-2.89018358e+00 -1.87883671e+00  3.11464111e+00  4.04833748e+00
   3.76983431e+00  1.69874883e+00]
 [-1.81984457e-01  1.79386979e+00 -4.63077986e+00  8.78442403e-02
   1.88822608e+00  6.14962953e-01]
 [ 3.89895672e+00 -3.17513286e+00 -2.44300191e+00  1.46782585e+00
  -2.31563913e+00 -4.58600211e+00]
 [-1.39266164e+00  4.47539134e+00  2.34873972e+00 -3.04142282e+00
   2.69886780e+00 -3.98607006e+00]
 [ 2.59742196e+00 -3.40691556e+00 -4.76682549e+00 -1.09928973e+00
  -1.88123170e-01 -9.60500587e-01]
 [-4.12454430e+00  9.23958895e-01 -4.01822881e+00  4.52706466e+00
   2.56577482e+00  2.06872908e+00]
 [ 3.11842190e+00  3.88043687e+00 -4.26720278e+00 -3.20460616e+00
   8.81514344e-02  4.45857354e-01]
 [-4.01767252e-01 -2.98943693e+00  3.80770933e+00  8.22993171e-01
  -1.81495058e+00 -5.34779732e-02]
 [ 3.50500900e+00  2.04112408e+00 -3.51376016e+00 -5.98347332e-01
   1.22302491e+00  4.37285084e+00]
 [-1.34157648e+00  8.09006640e-01  5.50222598e-01 -4.83616764e+00
   3.43164239e-01  4.02015281e+00]
 [-4.80733822e+00  2.88386993e+00  1.08236309e+00  1.14918419e+00
  -2.49767305e+00 -4.70072745e+00]
 [-3.67774098e+00  3.90794451e+00 -4.74938379e+00 -1.04558434e+00
   2.74169029e+00 -1.50614687e+00]
 [ 4.51362037e+00  4.71770914e+00  3.50390115e+00 -1.17383171e+00
  -1.42578537e+00  1.02746373e-01]
 [ 3.97299943e-01 -2.68039934e+00 -3.88513248e+00 -2.00792123e+00
  -6.42421166e-02  4.64520807e+00]
 [ 3.97451680e+00  2.17073795e+00 -1.33149763e+00  1.52147736e+00
  -2.85728948e+00  4.97224321e+00]
 [-3.53597903e+00 -4.80379745e+00  5.34536050e-02 -8.31438715e-01
  -3.58528112e+00 -3.42062418e+00]
 [ 9.06387716e-01  4.76158260e+00 -2.98111559e+00  2.76108847e+00
  -3.33926245e+00  2.55463714e-02]
 [ 1.34547127e+00  3.81221637e+00  1.13990979e+00  3.14774712e+00
  -4.74418218e+00  3.61513124e+00]
 [-2.72202473e+00 -1.35918420e+00  2.80026475e+00 -1.53138401e+00
   8.06402521e-01 -4.84302516e+00]
 [-1.45236767e+00 -2.32596114e+00 -2.15684992e+00 -4.90559407e+00
  -1.51125103e+00 -6.16559095e-01]
 [ 3.08941623e+00 -3.65999810e+00  3.33978417e+00 -1.89757703e+00
   2.83533409e+00 -3.31372116e+00]
 [ 9.96768148e-01  2.19779991e+00 -4.91430874e+00  3.77218238e+00
  -3.72024368e+00  3.96860087e+00]
 [ 4.32484984e+00 -2.45888382e+00  2.72563491e+00  4.35287339e+00
   3.19542015e+00  1.08042456e+00]
 [-4.97441583e+00 -9.04916668e-01 -4.63448530e+00 -1.77916662e+00
   1.11311449e-01  9.72609501e-01]
 [ 4.36386253e+00 -2.91723826e+00 -2.51056091e+00 -4.36109330e+00
  -6.16416882e-01  1.19124746e+00]
 [ 1.98980998e+00 -2.59859050e-01 -2.87703617e+00 -3.45378569e+00
  -2.38805451e+00 -3.62651162e+00]
 [-1.54451764e+00 -4.15791423e+00 -3.43201871e-01  3.80175864e+00
  -2.84447367e+00 -3.73994901e+00]
 [ 2.05540570e+00 -4.44457898e+00 -1.79797775e+00 -4.04427058e+00
   3.11627539e+00  2.65660672e+00]
 [-4.25525912e+00 -5.97861259e-01 -1.97067950e+00 -2.84501046e+00
   1.86259123e+00 -4.35362599e+00]
 [ 3.55915184e+00 -4.52213010e+00 -1.49700961e+00 -1.24936025e+00
  -4.10040236e+00 -5.80548402e-01]
 [ 1.08675535e+00 -1.05753539e+00  2.18218675e-01 -2.27295252e+00
  -4.85169909e+00  2.45230067e-01]
 [-2.57728506e+00 -2.73325336e+00 -1.61214422e+00  2.63434545e+00
   3.79926610e+00  7.67192628e-01]
 [-1.05842129e+00  8.80939743e-01  4.95420747e+00  3.03573564e+00
   2.55466414e-01  1.44516203e+00]
 [-6.96722512e-01 -2.49123382e+00 -2.84208861e+00 -1.85200799e+00
   4.64971153e+00 -8.73185766e-01]
 [-6.42467279e-01 -2.88429505e+00  3.11086862e-01 -2.06411669e+00
   6.75123875e-01  1.35852121e+00]
 [-3.08629238e+00  3.21198506e+00  2.20597302e+00 -3.63601385e+00
   3.93396751e+00  8.24742300e-02]
 [ 1.45984554e+00 -3.14661509e+00  3.74052686e+00 -2.57095206e+00
   3.01449731e+00  1.98040059e+00]
 [-4.55334699e+00 -2.79366488e+00 -8.21532591e-01 -1.98898000e+00
   1.33059786e+00  4.10857601e+00]
 [ 2.35443929e+00 -9.63275813e-01  4.00021591e+00  8.68046270e-01
   4.60928611e-01  3.89517463e+00]
 [ 1.85416658e+00 -2.09998722e+00  2.39910914e+00  1.24753706e+00
  -6.77387496e-01 -4.99433506e+00]
 [-2.93762096e+00 -1.98968041e+00 -1.22537264e+00  1.05969922e-01
  -3.45077756e+00  4.56846215e+00]
 [ 4.26486696e-01 -3.01013142e-02  3.60502334e+00 -4.66054201e+00
   3.55392223e+00 -3.82673184e+00]
 [ 4.11927804e+00  3.92733901e-01 -3.11332788e+00  3.42772528e+00
  -1.07424836e+00 -1.21346549e-01]
 [-4.41769490e+00  4.21805818e-01  4.29550346e+00  5.49534044e-01
  -1.33234666e+00  4.78882896e+00]
 [ 2.80946109e+00 -3.36924178e+00 -2.38621374e+00  2.26792919e+00
   4.23658938e+00  6.85512209e-01]
 [-2.79009050e+00  3.27741523e+00  4.06719639e+00 -2.79048963e+00
   1.05794314e+00  3.29292861e+00]
 [-4.68721799e+00 -3.24730973e+00  1.59473106e+00 -4.46755610e+00
  -8.92059244e-01 -3.19815434e+00]
 [-2.21463315e+00  3.96079980e+00  4.70895307e-03 -7.01427914e-01
   3.06337046e+00  3.80977115e+00]
 [-2.07590676e+00 -4.36110086e+00 -3.60118818e+00 -2.37246345e+00
  -2.48463791e+00  1.41700168e+00]
 [ 1.78085300e+00  4.61184301e+00 -3.34539755e+00  2.32864820e+00
   7.55214031e-01  2.60405843e+00]
 [-3.77178649e+00  3.07482127e+00  1.97723012e+00  3.30325326e+00
  -3.21678927e+00  3.05874302e+00]
 [ 1.17635362e+00  1.78747633e-01  4.58610432e-01  2.48115108e+00
  -3.83849108e+00 -9.01597491e-01]
 [-2.24757795e+00  4.25834474e+00 -1.19445401e+00  2.40900458e+00
   4.57936239e+00  1.68119977e-01]
 [-2.16573191e+00 -4.58069781e+00 -3.06597115e+00  4.09078730e-01
  -5.27319867e-01 -3.58151267e+00]
 [-3.87261861e-01  3.41885261e+00  3.53889285e+00 -4.75654837e+00
  -3.60079109e+00  1.79504270e+00]]
