[[-1.4123409  -3.98846033 -3.09106501  1.90744298 -0.40456633  3.85164765]
 [-2.00670757 -2.22228629  2.48806655 -0.90756443  1.00527113 -1.38356425]
 [ 1.88631958  4.82347539 -3.67024859 -3.14001506 -2.0489958  -2.63258337]
 [ 2.93614921  3.75355098  2.26589175  2.52588541  4.00201413  0.92287943]
 [ 3.56133359 -3.80332581 -4.05749021  4.43191284 -2.82739137  1.39899921]
 [-1.26992107  3.23331631 -4.55872828  0.06520044 -2.96922846 -3.20256245]
 [-0.03109013  0.87492163 -4.82602427  3.44154892 -0.20523516 -0.37229459]
 [-0.53541754  2.30737568 -3.18207119 -4.65640277 -3.71519697  4.99658439]
 [ 0.60590234  0.42426486 -1.08101522 -4.60173441  1.76734583 -1.39027097]
 [ 2.92597622 -1.37111755 -0.97080122  1.05909733 -1.36898529  4.41771593]
 [-2.67075085 -4.09079496  2.11025158  2.16197206 -2.05252024 -2.10096542]
 [-1.36061364  0.64398284  4.56834894 -1.05374595 -1.66749265 -3.63314648]
 [-0.60984972  0.47735025  0.75995209 -0.00931749 -0.37182292  1.0940892 ]
 [ 1.76355945  4.41507466 -2.44811656 -0.14672491 -4.70139645 -3.46190062]
 [ 1.2718417  -0.84872323 -0.87732186 -3.94126862 -0.82962411 -2.83878271]
 [-0.6936113  -3.5362119  -2.79309055 -3.47764932 -3.78260503 -1.18962569]
 [ 3.88830958 -0.89397248 -3.87592256  4.73615481  4.14412573  2.78553784]
 [ 3.40037903  4.21738231 -3.91483069  2.07516075  4.15286311 -1.99498029]
 [-2.68849638  4.14841692  0.30548515  3.04644674  1.94153024  0.86466392]
 [ 1.42082829  0.38344465 -1.804477    3.78387123  2.59948466  1.40962333]]
