[[ 0.48539964  3.204423    0.5924529  -0.33384124 -0.04375198 -0.52261643]
 [-3.1186261   2.27731952  2.17694831 -4.03885181 -2.58954772 -3.4342975 ]
 [-1.46155254  4.37302097  0.09525822 -4.42024884 -2.2804529  -1.79757753]
 [ 0.54928661  2.39562587 -3.43258464 -1.59227842  1.5502141  -1.90814249]
 [ 3.53982474  4.33444794 -2.19545053  3.7333512  -2.17137235  0.20885426]
 [ 0.41049273 -4.38712177  1.70181484  0.45557979  0.59244322  0.37552971]
 [ 2.04426762 -4.75814519  0.35252427 -2.68724998 -1.05786753  3.19159108]
 [-0.44910021 -2.48168925  1.93239953 -2.63328696  4.41917533  3.39248867]
 [-3.9285533   4.16004966 -1.23310514 -3.33256222 -1.85996547 -0.43724285]
 [-1.25234558  3.33631305  3.42535553  1.67746391  1.23205229  4.6110799 ]
 [ 0.09765648  2.89740554  4.66213034 -1.89645098  4.68468465 -1.97696629]
 [-3.05271795  1.53835011 -2.5320906   4.13415487  2.80426387  1.1121455 ]
 [ 2.41945298 -2.41041146 -3.20787132 -0.0969008  -0.11116942 -1.96631712]
 [ 2.14349549 -4.73763289 -1.21560762 -4.33171469  2.93033678  2.33092125]
 [-3.81248991  1.32966859 -4.57125273 -4.03788763  2.77698636  1.83390949]
 [-0.76654438  0.45202335  3.61620422  3.25599333 -2.22453431  0.08914527]
 [-0.041163    0.66043062  4.84107029  3.59050332  1.54143843  3.7444176 ]
 [ 2.88198954  4.977912    3.85709789  2.7621773   1.61213709 -2.19506705]
 [-2.04195984  1.79550649  0.73115124  3.07546075  0.83013083 -2.86670429]
 [-1.20649985 -1.94198843 -1.73785331 -3.51349061 -4.67424072 -1.36700766]
 [-3.79623842 -2.35419255 -1.38548493  1.66229398 -2.16674793 -2.13892209]
 [-3.23650695  4.18302602  1.85104107 -2.39776283  4.37378185  0.44080872]
 [ 0.05378098 -2.09915294 -1.09109254 -2.08608014  3.00372625  0.12967823]
 [ 2.94210111 -2.06076217 -1.85391621  1.5569848  -3.56565441  2.7697865 ]
 [ 2.91750205 -3.93111804 -2.05199766 -3.13815977  3.46402153 -1.14826529]
 [-2.67592321 -4.67452296  0.72696681 -2.62878334 -4.90630644  3.4792865 ]
 [-3.59120015  4.88414839  0.42670436 -3.69734301 -2.74077308 -3.45389583]
 [ 4.74746233 -4.65567512 -1.77906267 -1.02384902 -3.99565093 -3.97797777]
 [-2.1027352  -4.46513421 -0.58968077 -3.25706358 -4.18550835  3.93866117]
 [-0.6811242   0.0601006   1.12551775 -3.60053416 -0.5500985   3.54209785]
 [-3.92390661  2.30515898 -3.82695692  2.06172663  2.92249373 -1.20605911]
 [-0.78640704  3.19141324  4.69119367  2.72745914  4.51646313  2.14764663]
 [-2.84703377 -2.75046333 -2.2016659  -0.31942776  1.18900527  0.56005164]
 [ 2.00615071 -3.34940343 -1.23243487  4.00639658  0.83938357 -0.8834847 ]
 [ 1.02402191 -4.16329504  3.11587092 -0.75475956  1.64716211 -2.8265968 ]
 [ 1.22310411  3.3165219   1.54304736 -1.60618913  4.97213617 -2.61418485]
 [-3.83323663 -1.53395275 -4.46041276  0.67464079  2.34605966 -0.16107976]
 [ 3.85771379  0.07141158  3.4400693   0.73793629  2.87707305  2.04351752]
 [-2.25676923  1.72451017 -0.23376261 -3.1999689  -2.41271565 -0.33805214]
 [ 0.68946565  2.57219626  4.82665077 -3.17750285  1.01089614  1.51403591]
 [-1.29610888 -3.28866     2.35264177 -4.97118472 -2.47290904  0.30036338]
 [-2.03378671 -3.74355863 -4.11029648 -1.95761395  3.30689571  2.5249871 ]
 [ 2.66363322 -2.0138095  -3.44909832  0.63491948 -2.67239065 -1.67040876]
 [ 1.85122483 -2.0946568   0.0999492  -0.3843757  -2.70829993  1.5527366 ]
 [-1.25705577  4.56481544  4.53627066 -0.05338593 -0.78952164 -4.76404764]
 [ 2.01329243 -0.56347171  1.50455114  0.13490272  2.33483088 -2.27697231]
 [-1.53657771  0.67955035  4.15903082  2.63751306 -4.73321773 -3.71609234]
 [ 4.56659411 -3.85878478  2.51852009  0.27538613 -3.62108977  0.07779714]
 [-0.38871973 -1.14223278 -1.72510603 -2.03627909  1.10203142 -4.83739166]
 [-2.1031385   2.35788394 -4.0247495   3.98078604 -4.90377836  3.63826798]
 [-2.20569334  1.69750673  0.92143571  4.90632323 -4.98661153  3.13947046]
 [-1.39488485  2.07057462 -2.86912216  4.80920963  0.21035853  3.03964813]
 [-3.56024413 -3.24900607 -2.03886133 -3.04805763  4.11431918  2.01985803]
 [ 0.63063249 -4.70089457  1.03289309  0.84934426 -4.49490813  3.12904109]
 [-2.03330936  0.76196617 -3.69177059  1.16978783 -1.44153688 -4.98002356]
 [-3.98890311  3.11050191 -1.31957934 -3.53822869  0.49877753 -2.29926284]
 [-3.98382724 -0.68837435  4.65735799  2.08827641  0.3745567  -2.01006725]
 [ 1.27897139  3.4941681   1.32671438  2.273629   -0.23279209 -2.28816169]
 [ 2.8455674  -4.90747265  1.12509315 -4.73385193  4.67502168  3.45127481]
 [ 4.48424281  0.59611731 -1.38519853 -4.02394153 -3.87265463 -2.3869274 ]
 [-2.85864487 -1.13148793 -0.2225887  -3.8103564  -1.94946189  4.42452335]
 [-3.24760667 -0.3438417   1.59480558  1.17449986  0.33558908 -1.90631531]
 [-4.55864811 -2.14569246  0.05736988  3.58945775  2.77924081 -0.82875131]
 [ 3.95652744 -3.41223784  1.23446589 -3.57006601  3.36823874  4.29951122]
 [ 0.96312639 -3.04439246 -2.07925479  0.55235217 -4.82892909 -3.05015785]
 [ 4.5083416  -2.00978567 -3.66250825 -4.81687274  3.44532229  3.03998814]
 [ 2.81082065  3.17431914 -2.03702987  3.28676975  4.72077766  1.0551376 ]
 [ 2.06021674 -1.26795373 -3.58721766  0.32614382  0.85697434  2.3912781 ]
 [ 4.6087683   0.95628446  4.93337938 -1.71109281 -4.67216441 -3.09767024]
 [ 2.30612261  0.72994461 -1.90769922  2.69506681  3.68718794 -0.30632381]
 [ 3.19994335  1.3768479  -0.95444274  0.34900027  1.34265337  1.67479755]
 [ 0.83144208  3.08118149  2.51066223 -1.23318229 -1.07948925  1.99091567]
 [-3.2612968   3.96339164  4.35836699 -0.99747144  2.98037921  0.82929243]
 [-4.33246011  2.05466256  2.69905438  1.40592324  3.40930347  0.44296694]
 [ 2.61371006 -2.25310379 -4.38562105 -0.41745617 -1.45525393 -0.12684232]
 [-4.37719531  0.77583942  4.71459392 -1.31800973 -4.05569869 -1.49484533]
 [-1.71196337  4.85918714 -3.73064179 -2.43826818 -0.24762148 -4.55579312]
 [-2.64549638 -3.54046414 -0.21233795  0.63792693 -4.16758966  4.32393586]
 [ 2.39106578  2.58831195  2.7849929  -2.70756897  4.16158254  1.91480594]
 [-4.79596547 -2.66441734 -1.19882594 -2.90913446  1.22590377 -1.02928574]
 [-1.9572934   0.97505287 -0.5008121  -3.13805251  1.30540751  4.99507506]
 [ 2.36269458  4.4888178   2.54119372 -0.2627503  -1.90804688 -3.32890254]
 [ 4.46618501 -3.97435506  0.77685624 -3.42471602  1.14165598  1.83647561]
 [ 2.60819696 -1.85063427  2.97524304  0.14982189 -3.79490559  1.24234383]]
