[[-3.38584091 -4.8571407   2.50098973 -3.08082941  1.35561747  2.34032868]
 [-1.71606635  4.83417205 -4.22968359  0.3766638  -1.64331963 -2.75461605]
 [ 0.96107843 -1.12999603 -0.39158848 -3.54821134  0.53900399  0.23681767]
 [ 2.36969738  3.52781754 -3.30852104  4.85154868 -3.87280815 -1.59926097]
 [ 1.75677097 -4.82109371  0.42057899 -0.12156334 -1.62870735  3.72610815]
 [-1.31714674  1.90067454  3.11590548 -0.49427944 -3.44078826 -4.00876758]
 [-0.01556997 -0.53106671 -2.8888179   1.06937233 -1.20790973 -1.02113906]
 [-4.9576212   1.68608665  2.7409153  -2.81318286 -1.95222541 -4.38544242]
 [-3.2289507   3.79333504  3.20557457 -1.12999294 -3.94776718 -1.18555533]
 [ 0.32503243 -4.89240472  2.48936571 -4.52458121  1.89889979 -3.79071139]
 [ 4.84157815  1.12828494 -1.08062794 -4.98234382  0.42346973  3.13837535]
 [ 3.61475422 -2.53265546  4.3431574  -2.67653288  1.49790539  0.85217788]
 [-3.27434118  2.78106813 -1.2337666  -3.28308428 -3.97115018  3.10057126]
 [ 3.58241468  2.90440007 -1.7065269   2.98149809 -3.39293096 -0.63135079]
 [-3.94303104  2.23110827  1.40682704 -4.1398639   0.61767781 -1.91532145]
 [-0.61357929 -2.07686242  0.47371053 -1.16315191 -3.39412685  1.87964217]
 [-1.11670794 -4.74397386 -3.56499236 -2.2400262  -2.79138837  2.75495923]
 [ 2.66084312 -0.36498069 -3.976617   -1.99803095  3.59881134 -3.23076283]
 [-2.64526965  4.13473773 -3.6307742   4.40955963  4.58810215 -4.91579969]
 [-0.12820438  2.91824482 -2.62519116 -0.33379695  3.69940164 -2.32501646]
 [ 3.76017061  0.58950685  4.43236972  0.80824615  3.99442974 -2.60407733]
 [-2.32758145 -3.40511842 -4.76486966 -1.19339257  3.31041493  0.61527142]
 [-1.68164843  1.15236193 -4.6446404   2.62716169 -3.74283571 -2.65531045]
 [-1.98565349 -0.21675405  1.67978364 -1.28613693  0.00599447  4.26288274]
 [-0.15150072  2.57310313  2.27995313 -2.77035368  0.50971112  0.70122787]
 [ 0.75946477  4.1511329  -4.44587819  0.65222739 -4.32796135 -4.49961787]
 [ 3.40447874  0.5135173   0.25152688  1.47673131  4.95653401  4.43320167]
 [-4.51267956  1.98306743 -0.91735165 -4.18583679  2.82089133 -0.54634685]
 [ 1.0339511  -1.87430376 -1.36943294 -3.3336529   2.94593268  4.32105681]
 [ 3.88376703 -4.20491123 -0.25350007 -3.79400835  4.56071489  0.0506215 ]
 [-0.5588229  -4.07266205  4.03503433 -2.92193202  3.16234915  3.20550142]
 [-0.98762698  3.38812112  3.00368966  4.47897239 -1.9677183   1.89408043]
 [ 4.4202657   3.44567655 -4.58269892  1.04045981  1.10151014  1.49900135]
 [-3.60449558  1.89343938 -3.47871248  4.283558   -1.83464091  2.75957154]
 [ 3.0854815  -4.61349853  1.25537715 -4.52280851  3.79345626  3.5307201 ]
 [ 0.52379064 -4.08476098  3.09787054  3.13694565  4.04564388  4.85313446]
 [-4.08181284 -2.12175822  0.6737806   3.19749242 -3.20244257  1.24954512]
 [-0.80442951  2.98370995  3.26482399  4.25105055  0.43169411  0.97564595]
 [-4.74064098  3.30688239 -0.63453465  0.47047505  2.66998087 -2.18451356]
 [-0.63586754  2.26954838 -0.32959995 -2.48544347 -4.37622503 -3.45708778]
 [-2.81369284  4.72829142  1.98430211 -4.29749101  4.10916809  0.69290205]
 [ 0.21584867  1.39169978 -1.77264313 -3.00547819  3.55423777  4.59136221]
 [-0.4029217  -0.04599888 -3.08393489 -4.64660492  1.25197699  1.9161519 ]
 [-4.0029716   0.95681078 -0.68568377  1.40207482  1.21216982  0.96280043]
 [ 4.36436442  3.48455957 -1.11822178  4.46258093 -1.73000559  1.65415264]
 [-0.12386943  4.98479121 -2.0801093  -4.24334395  4.57786276 -2.23206161]
 [ 3.76517637 -4.1208137  -0.0514814   2.72102231  2.3881534   3.98030026]
 [ 4.29798238  3.8205264  -2.23510702 -1.56127012 -3.06064803  4.07376673]
 [ 1.3013039  -1.63227276  0.72654722  3.55773587 -3.91748582  3.48552344]
 [ 0.74000687  0.56324406  3.70721971 -4.49306125  0.43785057 -4.32935007]
 [-4.54434476 -4.26046005 -0.16190844  2.18676248  4.05708753 -3.4711689 ]
 [-0.57274594  2.65247638  3.8489626   0.24444127  4.58414716  1.03018378]
 [ 3.39441427  4.70170933 -0.40002569  4.88744369  3.7693883  -4.08904902]
 [ 1.63478971  2.60066072  4.11302277 -3.64914885  3.83785308 -2.67547714]
 [-1.01767067 -2.61537729 -1.77936934  2.64503711 -1.53069114  2.23229627]
 [-3.98681926  0.21896629  0.61117124  1.05629993 -4.17418004  3.7188777 ]
 [-4.12860489 -3.37428702 -2.40679976  4.38020613  0.62297932 -2.73703844]
 [ 0.17844455 -1.309496    1.08132399  3.3136479  -4.81792047  3.61722952]
 [ 1.4564148  -3.75217665  4.71069078  2.24148906 -0.48269794 -0.21447966]
 [-1.08393372 -3.43173941  4.93542328  0.70033893 -1.45721219  0.07915275]
 [ 0.6510461   0.34470675  4.34060793  0.13185472  1.72870602 -4.17528373]
 [-3.04114748 -2.94987936  1.78821425  4.1210441  -4.9306107  -4.15653519]
 [-4.37023044 -1.0325221  -3.1093511   0.80750549 -3.18957365 -0.95190741]
 [-2.47799656  2.46117945 -1.23429607 -3.64860158 -1.130389    0.11434646]
 [-2.48989855  2.0371754  -4.92536653 -0.16963601  0.08320482  0.15857135]
 [ 2.28631811  3.43724482 -3.76063542 -4.36381063  2.81527813 -4.17264901]
 [-4.62417545 -4.90578359 -4.2140955  -4.16022701  1.64016235 -4.68581144]
 [-2.30298759 -1.05521927 -3.64567638 -2.57655767  0.60805767  4.76901497]
 [ 3.49868216  4.52255733  3.55963269  4.33291121  1.76347731  0.78417059]
 [ 4.50087678  4.83946411  1.1824246  -2.73090872 -0.97590091  4.29081535]
 [-4.29403664  4.88128389 -4.53036864 -1.63197709 -3.69191083 -3.58915349]
 [-1.8599933  -1.27672161  3.04161502 -3.12530598  3.77091647 -0.4487248 ]
 [-1.99169622  0.36781862 -3.83522344  4.38995551 -4.5799707   1.2475581 ]
 [ 4.80087555  3.3195027   1.47604387 -3.16946235  1.6656253   3.90794454]
 [ 3.53109541 -3.09346553 -0.08241756  0.2465367   4.54685766  2.17895848]
 [-3.97331099  3.15941832 -3.55234307 -1.94970448  1.63679504  3.98302198]
 [ 1.03204556  0.22361234 -4.14079724 -1.28778954  1.35939869  1.42192437]
 [-3.73426125 -2.3797202   2.0247314   4.67673044  1.63911444 -1.22873221]
 [ 4.70827684  1.94832369 -3.82672509 -3.83505158  2.80805086  1.78855508]
 [ 2.19723387  1.41325374  0.64889362  2.57531143  2.49889827 -3.02975071]
 [ 2.89863334  1.77464604  0.58269076 -1.86501042  4.37850271  0.5093041 ]
 [-4.20731221 -0.56018182  0.31374574  0.26571857 -4.56664562 -2.7754885 ]
 [ 1.303693   -4.2810825   1.82809658  1.54859335 -0.18120655  2.08473139]
 [-3.6201353  -2.05566884 -4.15075194 -0.10639595 -2.75370301 -4.78764474]
 [ 2.07967774 -0.97387126 -3.69954026  0.14147231 -2.26304083 -3.9228544 ]
 [ 2.61521736  0.08715301 -1.34850147  4.8409004  -3.59473068 -0.51123368]
 [-1.37741258  2.18035507  0.1778687  -2.93179912  3.35383146 -3.53809951]
 [-0.66040826  3.26008433 -0.06016917 -0.81776502 -1.58535826  2.66138394]
 [ 3.98758434  2.01598926  1.09769044 -0.63563431 -1.8878509  -1.23494537]
 [ 3.55767376 -1.061156   -2.86072893 -0.75085623 -1.95057922 -1.12662398]
 [-2.0894899   1.76964561  2.03396187  4.32242196  4.47180935 -4.99988783]
 [ 4.26901292 -2.38638016  3.09001503 -4.98338719 -4.43676338  4.31904074]
 [ 2.48312649  4.47737277 -3.89075389 -2.41619442  0.39539393 -0.72195738]
 [ 1.09777671  0.02680461  2.15493238 -2.89168282  3.75653062 -4.83142883]]
