[[ 2.53992978 -0.20001432 -2.65019187  1.71569438  4.00579686 -2.90137022]
 [ 2.75228535 -1.03917144 -0.24936429 -4.67042106 -2.77322618  0.03971708]
 [ 1.44478818 -4.55942301  0.49951679  0.09690167 -3.11736272  0.38065609]
 [-3.83829456 -4.59431722 -1.68320061 -0.99771275  0.10052561 -1.69242939]
 [-3.47415256  4.04709508  4.97240248  3.15764855 -2.53036427 -2.14464342]
 [ 4.94264139 -0.01926182  0.18788951 -0.10110197  0.50761015 -3.51011626]
 [ 1.26297584 -3.14323309 -3.83158363  4.83529567  2.68400701  2.55904249]
 [-1.78555444  2.030184   -3.86765956  2.72457766  4.07403126 -2.07932713]
 [-0.2170139  -4.40689666 -4.39285483  2.09348274  2.76744129  4.79666133]
 [-1.85575923 -0.45329608  4.7919588  -2.11292199 -1.34006712  1.41618032]
 [ 3.11684733  4.47368374 -0.2174207  -0.60426565  1.51291774 -1.99881034]
 [-4.22626953  1.82587217  0.24243015  1.02219365 -4.23542277  1.95241495]
 [ 4.46447493  1.99040988 -0.05056992  4.18284678 -0.12537541  3.9717058 ]
 [-2.06609111  3.39851234 -2.01099559 -2.58986383  1.6756595   1.72624526]
 [ 1.43160055 -0.69033074 -0.91284772 -0.40298724 -4.14558321  3.52139797]
 [-2.2985172  -4.58837938  3.27530542  2.39368303  4.58260753 -3.82288576]
 [ 4.96949096 -4.49957165  2.11485594  4.67892798  4.76517582  3.42045452]
 [-2.71615281  4.89123992  1.62107301 -0.29835468  0.44835331  1.81228666]
 [-0.73979307 -4.91818276 -2.03014196 -0.23063237  1.35224011 -3.07527458]
 [ 0.71271271 -0.55475944  2.07512524  1.22487405  4.21006199 -2.67602911]]
