[[ 1.81347342  2.02257534 -4.73223302  3.52716759  4.94634429 -0.18103569]
 [ 0.48440772 -3.90299785 -0.30135058  1.49480315  1.90554678  1.33532435]
 [ 1.15661179  4.16002225  1.85607819  0.81495283 -0.17013875 -4.44524877]
 [-0.37307596 -2.69285997 -0.25399935  1.41010564  0.29241696 -1.50236782]
 [-2.82666445 -2.93025866 -2.36285757  3.16352182 -4.7180043   2.90006781]
 [ 4.29558319 -4.96284165 -0.26968711  2.54042606  0.38260044 -1.49163507]
 [-2.513276    3.04760717  4.31025789 -2.38728842 -4.71947477  1.6123519 ]
 [-0.7630387  -4.17038498 -2.12760773  0.88454773  3.36807508 -4.15077068]
 [ 2.39097168  2.96690509  0.17602606  4.54825474  3.04945009  4.93652746]
 [-0.75293728  2.27913042  4.75502278  2.78321081 -2.21875798 -1.48534926]
 [-1.04238923 -3.37322991  1.78783566  3.33737964 -2.26731139  1.21076406]
 [ 1.72315985 -0.68015352 -3.66071435 -0.38314706 -1.64639349  2.16019016]
 [-0.63041961  4.22892325 -2.68758079 -0.17916588  2.47201852  3.76873212]
 [-1.52665212  4.8872528  -3.4999395  -3.4429122   0.10781677  4.17642117]
 [ 4.11085448  2.56094835 -4.14796531  4.13458536 -0.47886398  0.17608434]
 [ 3.6320199  -0.54998087 -0.76048493  2.66399386 -4.3357979  -1.02530867]
 [-3.82285102 -3.69166062  4.46410741  2.78470575 -2.21550173  1.05323272]
 [ 3.149649    1.52046111  3.57369239  4.78272699  4.04203862 -4.04707046]
 [ 4.12512401 -2.42749515 -4.44062181  3.53918251 -0.7054991  -0.37653724]
 [-1.57445207  2.91097618  4.01120175  0.22186431  2.35247825 -2.53684776]]
