[[ 2.61456691 -0.73923341  2.26792229  4.83040095  3.60927944  4.1309932 ]
 [ 0.17802719 -0.48371643 -4.85173917 -3.98738956  1.16280533  4.20236886]
 [-1.06048405 -3.6795347  -4.85579414 -1.60991695  4.80689319 -3.52021408]
 [ 3.17558398  0.39222622  3.22043602  2.85193888  2.69514071 -2.67272518]
 [ 1.03149215 -2.4469638   1.14192579  1.61294442  0.67667251  0.80430427]
 [-4.15719203  2.63747033 -4.45934301 -0.60717512  0.92693836  4.80263596]
 [ 3.76799971  1.22418402 -4.07948028  4.06902547 -2.27462993  1.70764493]
 [ 0.91136518 -3.80163747 -1.11087456 -1.05570677  0.55742224 -4.66769033]
 [-0.56244738  4.51327239 -1.10007663 -3.76846174  1.69530719 -0.31905585]
 [ 3.80883433 -2.20058649 -2.96459321  3.05356344 -3.87029329  1.38471702]
 [-1.55858266  1.591123   -1.14162451  0.35946131 -3.38824458 -4.44378632]
 [-3.33476655 -3.27025172 -2.16129989 -0.2723101  -2.80063241  4.00911991]
 [-0.57211397  2.85728642 -4.92463651 -1.84511536 -2.96094652  0.38794106]
 [-0.54833924  1.54801951  2.45883133 -3.9666057   4.6777829  -0.21627377]
 [-1.24545874  1.97731898  4.05373066  1.71437411 -0.47249665 -2.52899458]
 [-2.29915528  2.53750129 -4.97745781 -0.99776273 -3.57674287  4.76493012]
 [ 3.13984171 -0.7790712  -3.26726842  3.16847508  2.55008949 -0.57333593]
 [-1.06455008  2.60544191  1.12850595 -0.45150002  4.70228324 -3.98468308]
 [ 1.36466165 -0.69797914 -1.58666668  3.21417924  3.09913303  0.92852417]
 [-0.71608434 -1.14829486 -0.18913927  2.34754734  4.06111855 -1.18644768]]
