[[-0.88746468  1.57199299 -3.03851132 -1.41379863  2.22391405  1.58252959]
 [-0.04206837  2.05516743  3.9888486   4.59907285  2.97485411 -3.3460117 ]
 [ 2.51843052 -3.62218842 -1.48529605  3.45756308  1.07615978 -3.05773455]
 [ 1.71961954 -1.14274015 -1.75488276  3.77816147 -0.57846789  1.41280936]
 [ 1.88299259  2.83962556  2.58028987  4.05311861 -1.55462658  1.91494293]
 [ 1.23626343 -2.96628117  1.6423025   0.61825031 -1.22916676 -4.94523652]
 [-1.45411845 -3.18359094 -3.43356577  2.50654652 -4.17338927  1.7489714 ]
 [ 1.47323509  1.94900453  4.18725652  0.23254682 -2.2465524   2.7135978 ]
 [-1.73978818 -4.72583949 -0.36323187 -4.74813928  4.73575326  4.3366838 ]
 [-2.02441864 -0.3715176  -3.22868246  0.69667973  0.04559981 -0.30934914]
 [-1.45384692  2.0064034   0.47488452 -2.035155    4.28988085  3.19284051]
 [-4.3966117   0.2883855  -3.47554962  2.11214737 -4.12927364 -3.5333333 ]
 [ 1.96657576 -1.15560216 -1.3423723   3.17225479  3.34125085 -4.81757196]
 [-3.62636694 -2.37603159 -3.58166745  0.68851172 -4.86265895 -4.07811614]
 [ 3.74682238  4.83827407  1.72596187 -3.12501347 -3.61124691 -3.51128394]
 [ 1.44857902 -3.33357983 -4.03350192 -2.67750715  0.78003915  1.16333029]
 [ 4.65786847  3.36863061  3.21394496  2.82879752  2.15155532 -0.24273427]
 [-1.6241135  -4.37337457 -3.2994397   2.48219431  0.44601572 -0.02769257]
 [ 4.13880751 -2.77094785  2.31298689 -2.39265014  0.1356546   2.96061305]
 [ 1.44114084 -3.6565317   4.27759403 -2.46496317 -2.89278301  3.34204867]
 [-1.86200082 -1.76843574  3.37223498  3.37059917 -4.24363955  0.58880113]
 [ 1.31271619 -0.66799385 -0.61219405  2.90214468  0.24257184  1.21143365]
 [ 2.2551035  -3.61230267 -3.54799093  2.10290143  3.98845019 -0.76448427]
 [-4.1742912  -1.47329921 -2.70177794 -2.04286242 -2.12376945  1.10758655]
 [-3.57919389 -4.98097616 -1.49278621  4.97168682  0.97281472  1.78495457]
 [ 1.01701565  0.36306574 -0.89343926 -2.14958214 -3.14446837 -4.60775675]
 [-0.20504426 -3.36988457 -4.13403092  1.03511498  4.41843232  1.86682392]
 [-1.32026427  4.30602875 -0.19495507 -2.02406449  3.6958141  -2.33733254]
 [-3.74017685  0.02765209  4.34138345  3.82533078 -1.01056286  4.83798147]
 [-0.2979578  -2.10478289  4.76872645  1.408331   -4.5943499  -1.37922793]
 [ 3.64555713 -4.64509113 -1.34591043  4.38567709  3.89018741  1.04781691]
 [ 4.59325725 -2.78037582 -4.70052518  4.73497914  3.40595141  0.3758086 ]
 [-2.61440538  2.5696906  -3.80894831 -2.50471859 -0.05904878  0.7150028 ]
 [-1.0256813  -1.53424911 -0.96200832 -0.76472352  3.5228846   2.55136857]
 [ 4.72861891  0.62566396  1.96076016  0.03976305 -1.13181084 -2.11123921]
 [-0.63867354 -0.69193304  0.97337848 -1.36238916  3.07425705  3.6849632 ]
 [-0.88969956 -0.36376107 -3.5488346   4.34455622 -0.52840428 -0.00546911]
 [ 4.30593532 -2.40881435 -2.36755528 -1.42140637 -1.48488971  0.81998276]
 [ 0.49605608 -4.19123866 -0.79713373 -3.06285286 -0.51601063  3.18112154]
 [ 3.78687413 -4.85900793  2.3163431   2.47321295 -3.44166795  0.64239222]
 [ 1.94692679  1.89322409 -2.83531185  0.58838797 -0.48497271  2.33749919]
 [-1.30975122  4.29581534  3.46842226 -3.54532051  0.37546786  1.49762483]
 [ 1.33528671 -0.2621412   1.97153956  2.02753025 -3.5331169   2.58834306]
 [ 2.31159181  0.79680786 -2.49662818  2.35077957 -3.24449965 -2.41135448]
 [ 3.93156018  2.88189751  2.86714116  4.68142896 -4.78671192 -3.08689919]
 [ 4.47568623  1.80301667  1.05343642 -1.90147287  1.39937849  4.28127609]
 [ 3.14839131  0.78086969  0.32035072 -4.15406071 -0.46592302 -1.24439618]
 [-2.06090507  0.81861324 -3.88739213  1.84340201 -1.75549645  2.46935074]
 [ 3.07261435  4.20281902  4.29954614 -3.42059276  3.80613715  2.91768892]
 [ 0.82530657 -1.80610424  0.51042506 -4.47126285 -2.9280666   2.82529168]
 [-1.18820441 -0.9961591   3.00739475 -0.01835513  2.92962542  2.04868023]
 [-1.47732356  4.96713216 -2.33946737  4.23946225 -1.15406551 -1.12564033]
 [-1.37955955 -2.44390549  4.90827534 -4.72055916  4.05463081 -2.04611856]
 [-4.2726775  -4.30333555  3.72752093  3.84795921  2.99436102 -0.34135208]
 [ 4.70830082 -2.89862464 -2.33312353 -2.36201033 -1.80682736  2.57887287]
 [ 0.4823062   3.67064138 -3.18532054 -2.76507574 -2.6861421   1.95571452]
 [-1.65202754  1.36546433 -1.25098609 -1.69856976  4.63137802  4.97877127]
 [-1.83023255  0.81810912 -2.06430841  0.48523618 -0.44441316  4.89985571]
 [ 0.02049407  2.43228191 -1.0794348  -2.28703331 -4.39867881 -0.58439756]
 [-1.05607778 -0.87096276 -1.61506874  2.56539428 -4.06911677  4.91303958]
 [ 0.51248163 -4.56417023  1.25714325  0.42049652  2.22197073 -4.8330508 ]
 [-1.04239676  0.95399718 -4.42632809  3.5411124   4.54161577  1.76251241]
 [ 4.57451354 -2.38548161  3.31632083 -4.10471148 -2.31409913  1.77663691]
 [ 1.66247531 -2.86126804 -2.79899581 -0.56331763 -0.86826433 -2.97425449]
 [-4.79273125 -0.90248161  4.80022996  1.21673248  0.53475536 -0.94683119]
 [-2.35852752 -2.2275033   4.26311662  2.64621385  0.5278336  -0.72544458]
 [-4.74554089 -4.80336956  1.28785989  0.72570603 -3.10423315  0.9573573 ]
 [-4.67744676  2.66698245  2.92553242 -0.08209474 -3.65480678  0.02326385]
 [-1.83249511  2.89188371  3.62677006 -0.36922028 -1.54218817  3.97883042]
 [ 3.77792576  0.9220041   4.83325572 -1.80893546 -0.95182696  1.05377638]
 [-3.49406627 -2.77867854 -0.20926032 -3.39944801 -0.21067755  1.98815756]
 [ 3.82118388  3.2365483   0.29033103  0.73537212 -0.11579649  2.40263214]
 [-4.9303645   1.77461174 -4.98958295 -1.74970345  4.33883925  1.84017065]
 [-4.75861355 -2.88988653  2.97487428  2.39969489 -2.348507   -3.52688917]
 [ 4.07111039 -0.92492079 -2.2587927  -1.37320108  3.6780845  -4.64814331]
 [ 4.41889387  0.2494395  -0.78020701 -4.1425203  -3.16022493  2.0957834 ]
 [ 2.81358206  1.92460573  1.4104576  -4.82576335 -0.15967294  3.25816955]
 [ 2.03887364  3.15180402 -1.45577942  1.29160809  3.52502776  0.88181469]
 [-0.19511573  3.21482711  2.95048297  4.58036179  0.43792816  3.76325687]
 [ 4.23356172 -2.8939429  -4.98691485 -2.28871804  4.99020648 -0.58769566]
 [-2.48303268 -4.07157323 -3.86442089  2.52743673  3.50778529 -4.23688378]
 [ 2.38854241  1.22928936  2.36072106 -0.0346305  -4.52991435 -2.91691487]
 [ 1.01089531  4.81481995 -1.03520105  0.18244661  0.87888676 -2.48833584]
 [ 4.05590443  1.3543759   4.2541709  -0.02493192  4.53246992 -4.13185967]
 [ 1.09487193  1.16568278 -0.06950263  4.28997565  0.70890172 -3.24155382]
 [-2.80221425  3.91579115  0.85234505  3.38855061 -2.72280845  3.89088343]
 [-3.72283261  1.73552249 -4.52556023 -4.52793318  1.14727496 -1.31305538]
 [ 2.99360157 -2.46803535 -0.96067431  3.45620445  0.85856646 -4.59041105]
 [-2.45401443 -4.01516964 -1.39195737  3.42984188  4.19384813  2.17000819]
 [-0.50487711 -1.37925903  2.66924613 -4.3149616   2.86659437 -3.47399064]
 [-3.04591042  1.22391956 -4.96729945  1.02124893  4.16296662  1.21690225]
 [-1.4594086   2.20423461  4.00384078  4.41099824 -2.68763842 -2.97682286]
 [ 4.82139992  2.4607812   3.1822638  -0.00907453 -3.16724787 -4.98832056]
 [ 3.48174178 -2.46615912  3.67696841 -4.56263399  1.58671627 -0.45837772]
 [-2.56384256  0.32366426 -4.95130711 -3.71175528  3.90740552 -3.21788607]
 [ 1.86356814  1.58646836 -4.64285465  2.82683869 -4.71215361  3.07186672]]
