[[-3.92446631e+00  3.38663602e+00  2.97825881e+00  8.93748515e-01
  -2.71582927e+00  2.79437669e+00]
 [ 9.46455455e-01  3.81483557e-01 -1.12975903e+00  5.87666152e-01
   2.36221441e+00 -9.49773010e-01]
 [-1.26806841e+00  2.05115871e+00  1.86463264e+00  3.50595267e+00
  -3.28014909e+00  3.59648914e+00]
 [ 2.69589839e+00  3.91197136e+00 -8.21512152e-01  4.74197714e+00
  -4.51343126e+00  4.03742763e+00]
 [-3.28906601e+00  3.20028893e+00  7.76806959e-01 -2.09403909e+00
   9.04882784e-01 -1.53403588e+00]
 [-1.37986221e+00 -3.99267616e+00 -6.95381289e-01 -8.43159435e-01
   3.76666727e+00  5.31890196e-01]
 [ 2.41646632e-02 -3.11095740e-01 -1.20494167e+00  2.98350202e+00
   3.43100639e+00 -4.04847373e+00]
 [ 4.82520175e+00 -4.85645402e+00  3.63654801e+00 -1.31230808e+00
  -2.55276259e+00  3.51292776e+00]
 [-4.45435000e+00 -2.67220618e+00 -3.46449027e+00 -9.00437302e-01
  -1.48599375e+00  3.64761712e+00]
 [ 2.23239075e+00  1.06599842e+00  1.94915626e+00  1.43278645e+00
  -3.48616261e+00 -8.13062881e-01]
 [ 3.00539659e+00  4.89073048e+00  1.68297118e+00  2.23416120e+00
   1.45271740e+00 -2.87872316e+00]
 [-1.58692915e+00  2.70048529e+00  3.12021241e+00 -3.66012247e+00
  -4.01014429e+00 -4.02770227e-01]
 [ 3.11250981e+00 -1.37806567e-01 -4.11344832e+00 -3.75483454e+00
  -4.99176221e+00 -5.96931350e-01]
 [-3.16167525e+00 -3.78650375e+00  5.21889605e-01 -2.21538336e+00
  -6.85067080e-02  2.73909364e-01]
 [-2.74415610e+00  1.79071258e+00 -4.18591821e+00  3.20123003e-01
  -2.09170856e+00 -3.72680474e+00]
 [-1.43315786e+00 -4.42485852e+00  1.87785752e+00  1.97743957e+00
   3.29825004e+00  4.76935603e-01]
 [-7.26824056e-01  2.96413902e+00  4.89224780e+00  7.00296558e-01
  -1.88046289e-01  3.87449861e+00]
 [-3.73183643e+00  2.12669926e+00  7.56894678e-01 -3.17301321e-03
  -1.85657295e-01  2.73898728e-01]
 [ 3.59336653e-01 -4.85334695e-01  1.30442273e-01 -3.46827255e+00
  -1.34797404e+00  2.93057992e+00]
 [ 1.58955963e+00  9.05594702e-01 -2.16883937e+00 -4.62507309e+00
  -8.27435839e-01 -4.27381196e+00]]
