[[ 1.68994909 -2.64449033 -0.18955166  2.47163312 -0.13383075 -0.96905643]
 [-0.72736203  0.12323842 -4.94904727  1.83266509  2.96653098 -2.74746769]
 [ 0.73031645 -3.65680692  0.65186735  2.71668084 -1.80426598 -2.6304915 ]
 [ 2.31058129  0.05478137  4.44420809 -3.06262232  4.825878    4.12063637]
 [ 4.08707252 -3.31376607  4.32155726  3.89090304 -2.17267578  2.71261155]
 [ 4.54224431  3.63461329 -3.29300219 -2.68311494  3.73462596 -0.83761805]
 [ 2.56748492  1.6077115   3.37202192  4.42454289 -2.97828112 -3.35249021]
 [ 4.14059557  4.9100198   3.2740913  -0.35511994 -1.81116771 -0.14866264]
 [-3.31238486  0.95794729 -0.71883578 -1.80682217 -0.7783436  -0.50331872]
 [-4.13817868 -2.83323598  0.76690053  1.96327212 -0.2895674   2.53655925]
 [ 2.80536896  3.88116101  1.78606412 -0.13805751  2.25596653  1.22371021]
 [ 1.12385404 -0.48942943  1.24694181  1.07590223 -0.89366139 -2.46739512]
 [ 0.97540049 -3.17247471  2.09109622  4.3017066  -4.71042706  0.17225314]
 [ 1.10325265 -1.89096365 -2.38404493  4.83690966  2.24394869  2.54848189]
 [-0.09721438 -1.63397435 -1.76676879 -3.98109892  2.51166601  2.8173314 ]
 [ 4.22409162  4.89013009 -1.47165423 -3.18001782 -2.85208104  4.41083735]
 [-3.96305581  2.88079349 -0.83342193  2.74549817 -0.06028998  2.6615993 ]
 [-2.8709695  -3.73531095  0.78760663  0.42340875 -2.83007048 -1.55064518]
 [ 4.83415758 -4.43065909 -1.37069981  4.06130669  1.24431728  3.3452713 ]
 [-2.03119516  0.65020918 -1.1869856   4.2144811   0.24492028 -2.79529376]]
