[[-3.61741825 -0.11938839  4.50700767  1.06401972  0.09891946 -0.95698724]
 [-2.36234831 -0.23284116  0.70447168  4.80374155 -3.70743481 -3.17013632]
 [-1.9201257   0.00814763  2.92893163 -0.44788894 -0.2650713  -0.71781674]
 [-3.78914469  4.63886575 -0.37329543  3.23839084  3.98182855  1.63513363]
 [-1.42573037 -3.51466932 -1.0392684   3.76489279  1.33869479 -3.49167685]
 [ 3.66394192 -4.68117321  0.22837049  3.2569325  -4.22893972  3.24784717]
 [-2.0295363   1.54674331  1.50114766 -4.97932892 -3.76206895  2.51749335]
 [ 4.55855088  3.28433827 -2.94322949 -2.0551434   2.79683769  2.10475356]
 [-0.10380042  4.09073863 -0.34551826 -2.42978309  3.55457183 -3.35484353]
 [-1.73500083 -2.66783526  0.32634163  2.38057048 -4.86638726 -3.41484294]
 [-3.20066689 -0.49604937  4.47700333  4.03907054 -3.20920397  3.72504107]
 [-3.94927788  2.7855312   4.57970766 -4.66757572  1.84950421 -1.42796006]
 [-2.64822029 -2.37992851  1.73097789 -3.40866911  2.75096051  3.49639731]
 [-1.48732729  2.19273192 -0.55584757 -2.789612    4.07518624  3.51978391]
 [ 4.56654083  1.37425397  2.8371604   2.2903273   2.82877517 -0.5217427 ]
 [ 3.66617368  3.06822737 -4.71911915  2.736797    4.9539664  -4.716702  ]
 [ 4.70546326  4.28882393 -4.84723414 -1.35861694 -0.65297049 -1.12771645]
 [ 1.34424861  2.17547252  2.91808198 -0.60346742 -2.00085982  2.42010027]
 [-1.36654488  4.50468048 -1.28717267 -1.23396989 -3.83594651 -0.37667309]
 [ 3.88792911 -4.12311422  0.09042153 -3.61809908  1.00493037  3.91152319]
 [-2.77172396 -0.09170237 -2.13694581 -2.09366958 -2.2153336  -4.95015905]
 [ 3.41212587 -3.18616068  0.64809349  4.74691322  3.71312052 -0.90064041]
 [ 3.77997222 -0.67828016 -1.886705   -1.92390879  4.98806927  2.30360882]
 [-2.61299516  3.3160541   4.11466304  4.67086545  1.18299542  4.34410584]
 [ 2.35890286  1.48660567 -1.37452706 -3.86501769 -4.75934129  2.24222459]
 [ 1.82502513  3.73022463  3.95322787 -3.15142712 -0.62187133  0.29655853]
 [ 2.88281751  2.30725789 -1.26563925 -1.1581543   3.99858853 -2.66399159]
 [ 2.10129194  2.06156866 -4.42984755  4.90507912  4.97082285  2.63614524]
 [ 0.9028547   4.9701472  -3.47849436 -3.44407343 -1.57738019 -3.93942442]
 [-1.21694944 -2.92096213  3.77818847 -0.32982156  0.96581577 -1.81310088]
 [ 2.10301268  3.24720315 -0.03797776 -0.78048213 -1.78243508 -1.27171768]
 [-4.49550834  0.05191564  2.17994629  2.40856112 -1.91070118  1.38529228]
 [-3.53328481 -2.68757586  1.23658835  4.8377733   1.48944372 -0.37836305]
 [ 4.89133761  1.33989162 -2.00967218 -1.15020337  1.9843879  -2.52774469]
 [-2.59933526  2.78666789 -0.38716003  1.72864455 -4.21256392 -2.07827704]
 [-3.76480226 -3.81572252  2.4726191  -0.8693298  -0.3100235  -3.11520878]
 [ 4.19363712 -2.03255492 -3.12381752  3.14871461  2.09643885 -0.38663108]
 [-4.05682184 -3.30884685 -4.67780479  4.11582978  4.71412076  4.27044278]
 [ 3.78678085  1.91032678 -3.01911541  4.61866646  1.21294863 -0.93871682]
 [-0.61969341 -1.79301675 -2.09708371  4.33030611  4.2061068  -0.90923673]
 [ 0.75152768 -0.66172103 -2.96067065 -3.4974525  -1.79025921 -4.64430566]
 [ 2.53630215  2.22390778  1.92550269 -4.96061941 -4.7750222   1.29640507]
 [-4.18265165 -4.52410113 -2.67156054 -2.28908964 -4.17436718  0.56262618]
 [ 2.90192335  3.39293468 -4.86698999  2.89031531 -2.77258564  1.63031831]
 [ 0.69405168 -2.34673342  3.6535895  -0.32068284 -0.86838271 -0.34501617]
 [ 2.1500744   0.91115928  2.1749422  -4.29216109  2.04153827 -3.9622993 ]
 [ 1.74896688  1.58405478  2.77857024 -0.83443412 -3.54082102 -4.23958477]
 [ 0.52791903 -1.82947424 -0.79502069 -2.2431237  -1.41890028  2.74660744]
 [ 4.75297434  3.00768026  3.75104802 -0.92977277  0.30312821 -3.02802335]
 [ 1.72214877 -0.01435332  1.55964743  3.13873502 -0.32481899 -2.61100177]
 [-2.01547018  2.46277589 -1.21621494  4.6471094  -3.87163458  2.66786416]
 [-3.77199082 -2.73583845 -4.82440024 -1.60224824  4.53211865  2.91724825]
 [-3.07858207  2.75141751  4.60652327  4.46517168 -2.57308378 -3.28715798]
 [-0.14102977  2.61797291  3.50463169  3.18123424 -3.36838555  1.46873884]
 [ 2.62894114  3.52588118 -3.83940891 -4.79119603  4.45946394 -4.16168748]
 [ 2.0338689  -4.73292875 -0.72960727 -3.68139039 -1.44038675 -2.88094839]
 [ 1.59498066 -2.19172136  0.18952068  1.56924467 -4.81390621  1.34456589]
 [-4.15806426 -3.93454592 -3.11406992 -4.13320706 -4.3578411  -0.40877954]
 [-3.27354447  4.1305954   2.52618488 -3.11178771 -4.41984244 -0.57216024]
 [-2.0101529  -2.44337079 -0.53750002  1.12149419 -0.75820386  4.55004687]
 [ 4.83871426 -0.49195741 -3.70158276 -2.59488882 -2.81126207 -2.99165875]
 [ 2.02363688 -1.52195868  2.85341551 -0.97472572  2.93890038  3.71859834]
 [ 2.06817052  2.17396098  1.74246369 -3.85641748 -4.47226383 -4.33142772]
 [ 1.59224436 -2.42340297 -1.1563439  -2.80008095  2.5124138  -0.77833137]
 [-2.4281335  -1.42694118 -2.47241159  1.11317009 -4.00202826  1.49245172]
 [-2.68001226 -3.29644568 -0.94026129  2.25829462  0.09677195  2.58455006]
 [-0.79107862  2.39258637  2.98850295 -2.4130123   1.45224201 -0.3006977 ]
 [-1.02114295  0.18076633  3.61254496 -3.94495114 -4.54235094  4.68461576]
 [-0.50334451  3.5820039   2.0745437  -1.4781544  -0.60660622  3.91129108]
 [ 4.3007883   0.65223794 -1.96202714 -2.21799157  4.23061332  4.48737037]
 [-1.78060028  0.72749627 -0.91358591  3.14066507 -3.16893323  2.37330642]
 [ 0.85594768 -2.80934384 -1.6727689   1.49455912 -3.7516986  -2.89918501]
 [-2.65823256 -2.16195411 -2.38633689  0.25798762 -3.74079554 -1.9653445 ]
 [ 3.37218918 -2.23304721  3.18632737 -1.84021485  3.20960954  1.23293097]
 [-1.58352923 -2.21698277 -4.67207227  3.63830582  1.28681017 -1.76392915]
 [-3.12988362  1.22944786  4.10213765 -4.9015121  -2.889601   -4.87053634]
 [-3.89462143  0.86201476 -3.23751333 -4.10299112 -3.54909289 -3.64260926]
 [-2.71435806  3.29033663  2.02649649  1.12658017  0.41425734 -3.39715529]
 [ 2.44320659 -2.63027928 -3.54095893 -2.13033687  4.22656104  2.92648534]
 [-4.88151137 -4.17574612  4.82360675  0.72553943  4.79363413 -4.34687419]
 [-4.14415667 -2.89903084 -4.14585411  4.09746717 -1.54256781  1.91196597]
 [-2.65368045  1.42368412  3.07893892 -2.89676506  0.77823959 -1.79657229]
 [-3.03029338  3.77834144 -2.80599459 -2.66581357 -4.8867705  -1.81054957]
 [-2.59987811 -4.67806334  0.29099347 -2.93435694 -1.17567127  4.37297391]
 [ 1.64821739 -4.21062628 -0.80223341  1.10614953  0.85505073  0.49835051]
 [ 2.23796943 -4.87926709  3.39932237 -3.27681671 -3.28492358 -0.41121025]
 [-1.37377534  4.0266375   3.85902622  4.46081481 -0.67449918  4.76736569]
 [ 3.53929107 -4.16156292  1.5555218  -1.01316839 -4.1279975   1.59188518]
 [-3.40227202 -3.36612179 -0.06782136 -3.38277395 -2.86528407 -3.37082452]
 [ 1.75985865  1.93921672 -0.93096946  1.44572392  1.17367319  3.55532788]
 [ 2.97622427  0.12494364 -2.73683274  2.50716244 -0.26280168 -2.84305753]
 [ 1.70910508  1.41235462  4.22214533  4.89580573 -0.56375109 -3.80199002]
 [-3.23352381 -2.69742425 -4.03693148  0.73769434 -3.14134887 -0.53025649]
 [-1.19378211  0.7467114  -1.90183149  2.63099363 -4.9968475   1.32572923]
 [-0.33502906  2.895202   -1.66655281 -4.59016399  4.24754289 -4.92585746]
 [-1.51855972  0.16659395 -1.74477807  2.84190349 -4.21905431 -4.52422291]
 [-4.60514251  2.79018559 -1.40493545  4.93804224 -0.99081403  2.72723367]
 [-0.93896787 -4.51427323  4.47691469 -3.48432069  2.41337383  1.52132989]
 [-0.52512104  3.71667228  0.88796161 -0.38454003 -3.44101616 -4.04260706]
 [ 2.28035312  2.65164278  4.96809227 -2.7117009  -3.87647103  2.92714635]]
