[[-4.9575006  -4.10278484 -4.59933691 -3.76803049  3.78875076 -0.81475353]
 [ 3.27531214 -0.63950192  3.45611484  4.14796324  3.73348547 -3.33935226]
 [ 1.004736   -2.93300943  3.77751111 -3.05462825 -1.71773853  0.71179674]
 [ 2.63109861 -3.41204386  1.74123954  3.38207657  4.80616039  0.46245977]
 [ 1.05114801  3.8141531  -2.25066299 -2.22893925 -0.09750482  1.94534566]
 [-2.73669449 -3.62845254 -0.9263521  -2.09887947  4.78782522  2.6858245 ]
 [-0.12436593  3.1049838  -3.89393491 -3.01276471 -1.86624973  4.8149816 ]
 [ 1.56319978 -3.72828485  2.13810583  4.67668842 -2.53920293  0.48139928]
 [ 4.28330617  0.39891249 -1.18676432 -4.34257038  0.04550184 -3.89047368]
 [ 3.09429808  2.22844778  0.0975874  -0.68524132 -2.03116892  4.35172012]
 [-4.52805075 -3.55127208  1.29052999  1.86924107  0.67333563 -3.72909557]
 [-0.87721135  4.23334643 -1.60888415  3.47732255  2.5855829  -4.78891094]
 [ 0.86827688  1.73803398 -2.25403941  2.16114052 -2.49553493  3.29758446]
 [ 2.88433763 -3.86896194 -3.22533848 -2.7948622   0.30200421  3.96581761]
 [-4.93249604 -4.56033119 -4.44847302  4.3536931   3.01547785  2.56920581]
 [-4.55686568 -1.45951631 -3.66886126 -0.02045673 -1.03178764  0.09458896]
 [ 1.51564677 -0.05348061 -4.27172849 -2.48732352  4.37987084 -2.99189712]
 [ 4.28766563 -2.23811558 -1.81899392  3.28369536 -2.38577744 -1.60630937]
 [ 2.91583669  4.63046876  1.3740511  -2.99295269 -4.25193988 -3.64309723]
 [-4.86716708  3.12213686  1.33407727 -3.8888018   0.32477514 -3.37151807]]
