[[ 4.5875364  -4.04615656 -3.55029757 -3.18278694  4.33340591 -2.81000161]
 [-3.39985819  0.87877467 -4.02143945 -3.2545477  -0.06847429  4.89460574]
 [ 2.82988603 -1.17296113 -4.11140435 -4.58000128  0.27596242  0.28437905]
 [-2.33283665  2.42177814  2.54008429 -0.98155254  0.39446167  0.07667678]
 [-3.50815172  2.2873597  -0.26052608  0.47721557 -1.79672795  2.39267366]
 [-2.29483043  1.22737633 -4.9140627   1.15346979 -2.26599287  3.7108411 ]
 [-4.03359906  4.59037722  1.02812044 -4.62850423 -4.96322724  2.94101322]
 [ 2.47006891  1.4229288   0.42985395 -3.7594648   3.92015282  2.01862342]
 [-3.33552588  1.9516906   0.06746788  3.96242452 -1.10016366 -2.42933736]
 [-1.11963451  3.73518973  4.58904605 -4.75837954 -2.77402753  2.05243176]
 [ 0.17092542 -3.85307231  2.84098912  0.35921886 -4.07607254 -2.00152948]
 [-0.59362011 -3.67366422 -1.22292732  4.47694381 -3.31096755  0.36065742]
 [-0.2082831  -2.93259872 -0.70815093  2.58391126  4.69634867 -4.18132107]
 [-2.80878273 -4.15021597 -1.58054602 -2.476622   -3.52192008 -1.32716405]
 [ 3.62902409 -3.87681982  3.02018974  1.62369667 -0.96299822  1.27467427]
 [-2.04358792  4.29047532 -2.37353747  0.45774156 -2.99460808 -0.77967508]
 [-3.87754795  0.65606285  4.46932509  3.44067482 -1.31984579 -3.08715389]
 [-2.05805764  2.33398734  2.55945516  4.84585988  3.03151577 -3.05747929]
 [-0.68222078  3.53245656  3.18069973 -3.40261318  0.98069247 -0.34184318]
 [-4.70492701 -2.24928962  4.2131815  -2.43344877 -4.57058609  3.27612108]]
