[[-2.41526038e+00 -2.13742164e-01  4.17271650e+00 -4.05703829e+00
  -3.04818603e+00 -3.07249297e+00]
 [ 3.72238084e+00 -4.16185272e+00 -1.75003399e+00 -1.70878268e+00
  -2.84948165e+00  3.31219681e+00]
 [ 1.72288249e+00 -1.10211436e+00  3.49188595e+00  1.24139787e+00
   2.64387198e+00  4.43545321e+00]
 [-1.53435275e+00  2.39740840e+00 -3.72188899e+00 -3.13019219e+00
  -4.01141180e+00 -2.69197313e+00]
 [ 2.23128073e+00  1.11807190e+00 -6.07761227e-01 -4.10527469e+00
  -4.15344040e+00  2.80740210e+00]
 [-2.15258188e+00  4.11086957e+00  4.48292613e+00 -6.65053667e-02
   1.52867744e-01 -4.00002491e+00]
 [-2.05089387e+00 -5.06512027e-01 -4.26770866e+00  4.93324017e+00
  -7.95058842e-01 -1.25442644e+00]
 [ 3.87331783e-01 -4.49540137e+00 -4.79099097e+00  2.07564812e+00
  -4.24525489e-01  1.29136274e+00]
 [-7.67638219e-01  4.24047586e+00 -4.37955791e+00  2.46416418e+00
   2.26377153e+00 -1.79732360e+00]
 [-9.28839843e-01 -4.29539942e+00 -2.22335439e-01  6.31114045e-01
   1.48065425e+00  2.17798929e+00]
 [-4.02148730e+00 -2.51469133e+00 -3.40722555e+00 -3.28689228e+00
   2.51594703e+00 -1.40013057e+00]
 [-3.07310341e+00  2.80931954e-01 -3.89748452e+00  5.27493306e-01
   1.59688162e+00 -4.73621754e+00]
 [-1.78418203e+00  3.58019591e+00 -1.20339016e+00  4.40414786e+00
  -9.34672541e-01  2.52608433e+00]
 [ 4.32907957e+00 -2.13103290e+00 -4.17326114e+00  3.54967640e+00
   1.60380716e+00 -1.97215627e+00]
 [ 1.91054877e+00 -3.46434163e+00  4.58999125e+00 -3.45723298e+00
   3.08593735e+00 -1.64552376e-01]
 [-4.77273688e+00  3.35147923e+00 -3.35021955e+00  2.83401600e+00
  -2.64875204e+00 -2.61635634e+00]
 [ 2.60555406e+00 -7.29876940e-01 -1.03506389e+00  3.67887942e+00
   7.09876193e-03  3.19814961e+00]
 [-3.58239050e+00 -2.73003636e+00  4.03047504e+00  1.64504900e+00
   3.03942448e+00 -1.33962246e+00]
 [-2.93609483e+00  2.72220640e+00  2.86080935e+00  1.05481738e+00
  -4.98487053e+00  2.22817958e+00]
 [-3.95852222e+00 -1.29244716e+00  8.86468392e-01 -3.80550979e+00
   4.41636165e+00  1.18458472e+00]
 [-2.67412060e+00  2.22457597e+00 -4.99998821e+00  4.12328265e-01
  -6.10854484e-01  3.44499029e+00]
 [ 1.06181601e+00  5.85782833e-02 -4.38578458e+00 -1.43819094e+00
   1.28605571e+00 -1.53179730e+00]
 [ 8.68751451e-02 -2.25965372e+00 -3.12656283e+00  1.85989194e+00
  -3.96392232e+00 -3.85180673e+00]
 [ 2.19239293e+00 -1.62142495e+00  3.13513122e+00  3.97241509e+00
  -2.05363451e+00 -4.14788179e+00]
 [-1.62525093e+00  3.70243159e+00  3.40997484e+00  3.23618752e+00
   3.55019262e+00  1.65036250e+00]
 [-1.28644074e+00 -3.92638598e+00 -1.43254531e+00  3.96873747e+00
   3.29410861e+00 -2.16635617e+00]
 [-2.29944026e+00 -2.93544217e+00  1.95996159e-03 -2.94607994e+00
  -2.39666745e+00  4.91701417e+00]
 [ 2.93316706e-01  4.76152662e+00  8.60279341e-01  2.15760503e+00
  -4.27949886e+00 -2.07421225e+00]
 [ 1.14766014e+00  4.41442813e+00 -8.16715751e-01 -4.59090087e+00
   1.71234169e-01  3.57471813e+00]
 [-8.43789196e-01 -2.55184313e+00 -4.85600335e+00 -2.45226918e+00
  -3.48830500e+00  9.39200084e-01]
 [ 2.72692719e+00 -3.21059075e+00  5.82749654e-01 -3.92637327e+00
  -2.62268890e+00 -8.96148399e-01]
 [ 4.84375551e+00  3.72256835e-01  1.54040250e+00  1.30262143e+00
   3.52196449e-01 -1.09496577e+00]
 [ 2.01870866e+00 -3.04151311e+00  4.73703575e+00 -1.37872892e+00
  -4.41320854e+00  1.88700628e+00]
 [ 6.85004695e-01 -1.44474323e+00 -4.89688478e-01 -1.02614981e+00
   4.86326788e+00 -1.05301868e+00]
 [-2.37260836e-01 -4.92573974e+00 -2.57152163e+00 -6.78494662e-01
   6.23093827e-01 -2.34599733e+00]
 [-4.24943876e+00  2.40353119e-02 -3.15375926e+00 -4.72469407e+00
  -2.00347064e+00  1.93474969e+00]
 [-4.67624877e+00  2.79613360e+00  1.67527551e+00 -4.58360260e+00
  -1.77697971e+00 -3.53506406e-03]
 [ 7.47304301e-03 -9.89134813e-01  2.20060325e+00  4.78502976e+00
   3.58911099e+00  6.34447149e-01]
 [-2.77805959e+00 -3.28104748e-01  1.27848541e+00  3.78647564e+00
   1.93004461e+00 -4.99048056e+00]
 [-1.95351049e+00 -2.05475758e+00 -9.77780075e-01  4.64114251e+00
  -1.88037989e+00  4.58892822e+00]
 [-4.47439723e+00 -3.58494866e+00  2.50548076e+00  9.43433436e-01
  -1.39936274e+00  1.78802479e+00]
 [ 2.32245189e+00  1.51429245e+00  4.87942264e+00 -1.90035706e+00
   2.84736671e+00 -4.24808102e+00]
 [ 4.76004844e+00  3.47911299e+00 -1.82961283e+00 -4.17435677e-01
   3.83135078e+00 -3.42917248e+00]
 [ 3.24112232e+00 -1.88554907e+00 -2.08068429e+00  1.42954053e+00
   4.75715063e+00  4.21165011e+00]
 [-3.79754694e+00 -2.96335432e+00 -2.21958557e+00 -2.21457977e+00
  -2.96788405e+00 -2.73509322e+00]
 [-3.25738355e+00 -1.93347068e+00 -4.01297757e+00 -1.98299798e+00
   2.58130178e+00  3.92725491e+00]
 [ 3.91948618e+00  4.06201676e+00 -2.36411335e+00  4.08948281e+00
  -1.50354574e+00  8.71114020e-01]
 [ 1.40828816e+00 -4.67029882e+00  2.58953748e+00 -4.78524347e-01
   3.14714301e+00 -4.30431282e+00]
 [-1.35104375e+00 -7.84238277e-01 -1.37381900e+00  1.12846868e+00
  -4.85369129e+00  1.00588343e+00]
 [ 2.38335948e-01 -4.30651444e-01  4.32666272e+00  2.13349939e-01
  -2.60432775e-01 -1.67686989e+00]
 [-4.31067001e+00  1.98034920e+00 -2.96709344e-01 -2.23228569e+00
  -3.58237707e+00  4.85345356e+00]
 [-1.84229716e+00  4.95469381e+00  9.05076474e-02 -9.18197793e-01
  -1.12556555e+00  3.82288086e-01]
 [ 8.06635305e-01  1.20030988e+00  3.30500171e+00  4.86073755e+00
  -2.77466399e+00  7.02693661e-02]
 [ 4.66702577e+00 -4.86128240e+00 -1.94131620e+00 -1.54055122e+00
   2.80527036e+00 -8.13192662e-01]
 [-3.19435094e-01  3.79886470e+00 -2.93522614e+00 -3.18315875e+00
   4.98513695e+00 -3.15160441e+00]
 [ 2.75130223e+00 -3.29137325e+00 -4.57886142e+00 -2.70794080e+00
  -1.37782689e+00 -4.61934818e+00]
 [ 3.38042236e+00  2.05449679e+00  1.73168365e+00 -3.74583977e+00
  -2.20927607e+00 -3.62382491e+00]
 [-3.44177877e+00 -1.50010141e+00  4.49740439e+00  2.85293095e+00
  -3.41153229e+00 -2.88259474e+00]
 [ 2.95327756e+00 -4.70328686e+00  3.02258651e+00  2.72322416e+00
   1.00615447e+00  2.02771136e-01]
 [ 4.06968959e+00 -3.35572276e+00  5.06788528e-01  2.52684168e+00
  -3.66726716e+00 -2.90948362e-01]
 [ 4.26023071e+00 -5.69713037e-01 -3.76859848e+00 -3.16469354e-01
  -3.31684073e+00 -6.72499057e-01]
 [ 3.49757472e+00  2.44841407e-01 -3.94764042e-01 -4.96883169e+00
   2.19835153e+00 -2.52447876e+00]
 [ 4.56235994e+00  1.62496630e+00 -3.51256792e+00 -1.60495133e+00
   1.76220953e+00  2.36598832e+00]
 [ 1.62347762e+00 -1.73819991e+00  3.18815657e-01 -8.57318536e-01
  -1.00014396e+00 -4.82626603e+00]
 [-5.37569455e-01  1.34495575e+00  4.96615771e+00  1.55480179e+00
  -1.69959262e+00  4.69126184e+00]
 [-3.03443297e+00 -9.17617494e-01  2.71092443e+00 -2.80626972e+00
   3.73215222e+00 -3.72703445e+00]
 [ 1.84340372e+00  3.07365639e+00 -4.60817066e+00  5.97552657e-02
  -4.65840988e+00  3.09405079e+00]
 [ 3.28102988e+00  7.47580187e-01  1.05878750e+00  1.70387691e+00
  -4.75079332e+00  3.97581152e+00]
 [ 4.45961632e+00  3.88399177e+00  2.82534119e+00  8.28705216e-01
  -3.77284516e+00  6.72405199e-01]
 [-6.31280380e-01  2.47154680e+00  3.92481607e+00 -2.40172235e+00
   3.97871929e+00  1.51586662e+00]
 [ 9.61485257e-01  6.16200102e-01 -2.20033078e+00  2.97016363e+00
   4.67113286e+00 -4.45200870e+00]
 [ 3.09625292e+00  4.60106554e+00  3.56571982e+00 -1.08864871e+00
   9.48816184e-01  2.91882583e+00]
 [ 3.65156768e+00  9.64341798e-01  1.39488657e+00 -2.61479843e+00
   4.53654837e+00  1.46316265e+00]
 [-4.49727947e+00  3.33602983e+00  3.80717807e-01 -1.28711145e+00
   2.36622730e+00 -3.02842567e+00]
 [ 6.20191445e-01  4.35361765e+00  4.24419925e+00 -2.91276175e+00
  -2.29486106e+00 -7.19421563e-02]
 [ 2.47196624e+00  2.14870661e+00 -2.50250419e+00  3.07902646e+00
  -1.27049523e+00 -4.49709871e+00]
 [-3.15608844e+00  9.82945487e-01  6.92994757e-01  2.79261763e-02
  -3.24579162e+00 -3.49260869e+00]
 [-1.45463838e+00  1.88142869e+00 -7.03188780e-01 -4.42957059e+00
   4.88006818e-01 -3.91382511e+00]
 [-9.95388202e-01 -4.19698151e+00  2.25609614e-01  4.22442086e+00
  -2.46807041e+00 -4.21565840e-01]
 [ 4.92516699e+00 -1.19093091e+00  1.95515479e+00 -2.01148287e+00
  -1.00235603e-01  4.15128607e+00]
 [-4.14559017e+00  1.46862239e+00 -1.49998184e+00  2.00490195e+00
   4.17661200e+00  3.51508817e-01]
 [-3.74852821e+00 -3.67965038e+00  2.21838481e+00  2.89924726e-01
   4.29254255e+00  3.54065257e+00]
 [-1.17206218e+00 -4.44112293e+00  2.36029386e+00 -5.84655071e-01
  -4.18468088e+00 -3.29617958e+00]
 [-2.52118022e+00  2.87637874e+00 -1.60744166e+00 -4.84135910e+00
   3.40384202e+00  2.08214438e+00]
 [-3.52887341e+00  5.51718750e-01  1.34293051e+00 -1.75501154e-01
   1.16317004e+00  4.27947307e+00]
 [ 1.56607651e+00 -2.32296120e+00 -2.64941931e+00 -4.30410883e+00
   1.90303447e+00  2.96563286e+00]
 [-2.53984105e+00 -4.06666366e+00  1.16459677e+00 -3.59549771e+00
   4.35936667e-01 -4.95045644e-01]
 [-4.87770513e+00 -2.74824424e+00 -2.82225017e+00  2.39659160e+00
   7.51061446e-01  1.25119633e+00]
 [-4.95700804e+00  1.78336126e+00  2.02154833e+00  3.58013502e+00
  -4.89166785e-01 -6.05352969e-01]
 [ 1.39112505e+00  4.53235647e+00  1.85681871e+00  2.22337371e+00
   1.32533043e+00 -2.26868353e+00]
 [ 1.21652045e+00  3.14752052e+00 -1.15002715e+00  7.23644518e-01
   2.09308899e+00  4.55400505e+00]
 [-3.74795935e-01  8.63187874e-01 -3.56873133e+00  4.32550566e+00
   3.95018919e+00  2.64512681e+00]
 [-8.63175451e-02 -3.81289803e+00  3.21823491e+00  3.38262311e+00
  -4.57012058e+00  3.68457274e+00]
 [ 4.11873538e+00  2.96539149e+00  3.76875922e+00  4.51675272e+00
   8.62536935e-01  3.81414949e+00]
 [ 3.82208444e+00  2.53872592e+00 -1.28621990e-01  3.31858019e+00
   4.17245233e+00  4.74429614e-01]
 [ 2.92879311e+00  4.88240390e+00 -2.96351792e+00 -3.39398045e+00
  -7.73154430e-01 -1.82425211e+00]
 [ 4.89487996e-01 -1.26782653e-01  3.74395376e+00 -4.23217593e+00
  -1.67010486e-01  2.42650114e+00]]
