[[ 1.26554356 -0.02001587  0.10703179  1.40827393  1.12033348 -3.68661282]
 [-4.14542646  1.65912141 -3.95307809 -1.00996378  2.30261758  1.57875695]
 [ 1.61509349 -4.49974025 -3.8020776  -1.31950929  1.65484105  2.2720322 ]
 [-3.25626194 -3.03043475 -0.49058812 -2.92569785  2.18367202  2.90768907]
 [ 4.71342516 -3.03270459  2.48719974  3.55641353 -2.93652543 -1.01458932]
 [-2.81793645  2.89929086  3.31244644  4.36230855 -2.05682125  0.49886938]
 [-0.56404157 -3.68375859  2.50705733  1.85454329  0.16834042 -2.5788132 ]
 [ 0.14981284 -1.37474319 -2.74923895  2.13048458  2.83817073 -1.4028312 ]
 [ 0.34155509  4.49432368 -4.0328351  -2.46339201 -0.79134357 -3.88409722]
 [ 3.99267287 -1.16124166  1.87275581 -2.45787474 -1.66482815  0.38909517]
 [ 2.51907765 -0.72337361 -3.60063204 -2.42244995 -2.780837   -1.20390382]
 [ 4.31810927  1.92735677 -2.63223871 -0.36098986  4.86961227 -2.38315896]
 [-2.56638061  2.5697361  -3.69324592  2.36732573 -2.27523729 -2.29013469]
 [-0.19814198 -3.95658266  3.18791974 -3.2768865  -3.50092456  1.59897809]
 [ 3.3909372  -3.07230489 -4.22262259  0.6610286  -4.2126705  -0.66657165]
 [ 2.53733565 -0.22873576  1.58588116 -0.68978561 -4.05928913  0.99029696]
 [-1.33666019  1.65582998  4.87755281  1.7975955   2.33513828 -1.72511333]
 [ 0.46800815 -4.86450874  3.99146434  0.42959648 -3.29889025  4.89059987]
 [-4.92322985  3.39215817 -4.19090406  2.62132683  0.87677178  3.49267054]
 [-0.14660462  2.61899701  4.05345728 -2.77184135  2.13756166  4.92898711]]
