[[1.00000000e+000 5.90911890e-027 8.31326411e-061 1.40872279e-024
  1.64674131e-029 6.70688400e-054 2.73679562e-049 9.39613156e-020
  1.90884515e-041 4.91843363e-040 6.64583757e-012 2.53494255e-058
  3.31014170e-031 9.59399024e-011 1.41075129e-044 6.70571960e-015
  9.94888143e-054 5.25715125e-076 4.86397740e-053 1.31506092e-037
  1.00000000e+000]
 [5.90911890e-027 1.00000000e+000 4.25865866e-050 1.26133668e-052
  1.45660998e-015 1.54653392e-034 4.50039923e-071 9.67545555e-039
  4.54333054e-034 2.44021573e-065 5.60120447e-032 2.50497931e-039
  3.85704274e-020 4.53285549e-036 4.08563298e-035 1.07172919e-042
  3.07229463e-041 6.04177973e-052 7.55299467e-050 1.18843300e-017
  1.00000000e+000]
 [8.31326411e-061 4.25865866e-050 1.00000000e+000 1.75067985e-059
  5.07277292e-032 6.46931190e-081 5.00963702e-029 1.01324213e-054
  3.90295299e-022 6.14992367e-047 8.71096952e-074 9.75592244e-018
  1.02685647e-053 8.94756299e-053 1.83824451e-076 2.94933649e-094
  6.44131564e-045 8.21190184e-016 6.74361822e-028 5.17559483e-033
  1.00000000e+000]
 [1.40872279e-024 1.26133668e-052 1.75067985e-059 1.00000000e+000
  1.24954798e-032 1.17645942e-089 1.64670641e-068 2.27526126e-029
  4.90582552e-059 1.78769805e-012 5.57460496e-048 1.95703841e-074
  4.74404431e-044 2.02656573e-027 2.46542735e-048 4.95008024e-058
  4.19729249e-057 2.36723962e-054 9.95446451e-037 2.10202043e-030
  1.00000000e+000]
 [1.64674131e-029 1.45660998e-015 5.07277292e-032 1.24954798e-032
  1.00000000e+000 1.25102648e-078 4.55667931e-070 2.48435229e-028
  8.05271181e-032 2.46931781e-053 5.14506538e-056 5.61921509e-038
  7.70164921e-038 1.11621734e-023 3.85413233e-043 2.06885609e-069
  2.98572674e-046 6.40085687e-034 5.90921114e-034 8.26331229e-015
  1.00000000e+000]
 [6.70688400e-054 1.54653392e-034 6.46931190e-081 1.17645942e-089
  1.25102648e-078 1.00000000e+000 6.39656971e-061 2.53537350e-068
  1.46823590e-048 2.97001877e-071 4.75027967e-023 2.85090831e-054
  7.46768743e-036 6.03843301e-079 8.65431219e-045 3.55752360e-035
  5.57381987e-049 7.96377125e-080 3.90222526e-073 1.76709159e-047
  1.00000000e+000]
 [2.73679562e-049 4.50039923e-071 5.00963702e-029 1.64670641e-068
  4.55667931e-070 6.39656971e-061 1.00000000e+000 8.09730254e-049
  2.55379975e-022 6.73582417e-047 1.62383189e-045 6.13851069e-023
  6.96633813e-066 3.86375940e-044 4.93765897e-080 8.22896837e-064
  1.43762022e-075 2.53007378e-060 2.41748418e-062 2.98890891e-066
  1.00000000e+000]
 [9.39613156e-020 9.67545555e-039 1.01324213e-054 2.27526126e-029
  2.48435229e-028 2.53537350e-068 8.09730254e-049 1.00000000e+000
  1.70839670e-020 3.15908848e-046 5.88623202e-034 3.00221206e-039
  1.37832416e-068 8.88834300e-010 1.23076459e-018 1.50938226e-047
  3.54116459e-056 9.04800367e-054 9.90433503e-040 2.92116048e-030
  1.00000000e+000]
 [1.90884515e-041 4.54333054e-034 3.90295299e-022 4.90582552e-059
  8.05271181e-032 1.46823590e-048 2.55379975e-022 1.70839670e-020
  1.00000000e+000 1.88251346e-055 5.59087327e-044 8.73495681e-005
  1.72587244e-061 7.78940285e-029 2.91583029e-032 1.97292901e-065
  1.50069592e-049 9.70351584e-031 4.16191537e-037 7.90937062e-029
  1.00000000e+000]
 [4.91843363e-040 2.44021573e-065 6.14992367e-047 1.78769805e-012
  2.46931781e-053 2.97001877e-071 6.73582417e-047 3.15908848e-046
  1.88251346e-055 1.00000000e+000 1.17817198e-047 5.32034706e-065
  2.22823005e-040 5.20666705e-049 1.72505470e-057 2.59144177e-061
  3.85465500e-047 6.82183526e-043 1.34636186e-030 5.49736849e-034
  1.00000000e+000]
 [6.64583757e-012 5.60120447e-032 8.71096952e-074 5.57460496e-048
  5.14506538e-056 4.75027967e-023 1.62383189e-045 5.88623202e-034
  5.59087327e-044 1.17817198e-047 1.00000000e+000 1.24447956e-060
  4.07207189e-031 1.56701953e-033 4.76298483e-042 1.13130070e-003
  6.56240005e-047 2.00055406e-085 1.07737599e-060 2.71510111e-045
  1.00000000e+000]
 [2.53494255e-058 2.50497931e-039 9.75592244e-018 1.95703841e-074
  5.61921509e-038 2.85090831e-054 6.13851069e-023 3.00221206e-039
  8.73495681e-005 5.32034706e-065 1.24447956e-060 1.00000000e+000
  1.00347691e-062 8.69702814e-043 1.69616821e-050 4.46479154e-086
  5.00350880e-063 9.13200181e-032 3.35722650e-049 5.00513002e-037
  1.00000000e+000]
 [3.31014170e-031 3.85704274e-020 1.02685647e-053 4.74404431e-044
  7.70164921e-038 7.46768743e-036 6.96633813e-066 1.37832416e-068
  1.72587244e-061 2.22823005e-040 4.07207189e-031 1.00347691e-062
  1.00000000e+000 1.09431357e-055 4.76370155e-069 6.08187032e-038
  6.91094633e-045 2.62719070e-063 8.52600048e-057 1.21677632e-031
  1.00000000e+000]
 [9.59399024e-011 4.53285549e-036 8.94756299e-053 2.02656573e-027
  1.11621734e-023 6.03843301e-079 3.86375940e-044 8.88834300e-010
  7.78940285e-029 5.20666705e-049 1.56701953e-033 8.69702814e-043
  1.09431357e-055 1.00000000e+000 2.23318386e-044 4.28553500e-044
  3.91117639e-076 1.03964131e-070 9.83184301e-059 1.36331305e-042
  1.00000000e+000]
 [1.41075129e-044 4.08563298e-035 1.83824451e-076 2.46542735e-048
  3.85413233e-043 8.65431219e-045 4.93765897e-080 1.23076459e-018
  2.91583029e-032 1.72505470e-057 4.76298483e-042 1.69616821e-050
  4.76370155e-069 2.23318386e-044 1.00000000e+000 3.70579173e-059
  2.16895725e-043 4.28771740e-050 1.80851927e-039 6.62500860e-021
  1.00000000e+000]
 [6.70571960e-015 1.07172919e-042 2.94933649e-094 4.95008024e-058
  2.06885609e-069 3.55752360e-035 8.22896837e-064 1.50938226e-047
  1.97292901e-065 2.59144177e-061 1.13130070e-003 4.46479154e-086
  6.08187032e-038 4.28553500e-044 3.70579173e-059 1.00000000e+000
  3.77023381e-055 1.16822177e-108 5.52130052e-075 7.39065327e-061
  1.00000000e+000]
 [9.94888143e-054 3.07229463e-041 6.44131564e-045 4.19729249e-057
  2.98572674e-046 5.57381987e-049 1.43762022e-075 3.54116459e-056
  1.50069592e-049 3.85465500e-047 6.56240005e-047 5.00350880e-063
  6.91094633e-045 3.91117639e-076 2.16895725e-043 3.77023381e-055
  1.00000000e+000 6.98018486e-027 8.98264572e-011 1.26409718e-017
  1.00000000e+000]
 [5.25715125e-076 6.04177973e-052 8.21190184e-016 2.36723962e-054
  6.40085687e-034 7.96377125e-080 2.53007378e-060 9.04800367e-054
  9.70351584e-031 6.82183526e-043 2.00055406e-085 9.13200181e-032
  2.62719070e-063 1.03964131e-070 4.28771740e-050 1.16822177e-108
  6.98018486e-027 1.00000000e+000 2.90924456e-010 7.04875565e-016
  1.00000000e+000]
 [4.86397740e-053 7.55299467e-050 6.74361822e-028 9.95446451e-037
  5.90921114e-034 3.90222526e-073 2.41748418e-062 9.90433503e-040
  4.16191537e-037 1.34636186e-030 1.07737599e-060 3.35722650e-049
  8.52600048e-057 9.83184301e-059 1.80851927e-039 5.52130052e-075
  8.98264572e-011 2.90924456e-010 1.00000000e+000 4.79467919e-013
  1.00000000e+000]
 [1.31506092e-037 1.18843300e-017 5.17559483e-033 2.10202043e-030
  8.26331229e-015 1.76709159e-047 2.98890891e-066 2.92116048e-030
  7.90937062e-029 5.49736849e-034 2.71510111e-045 5.00513002e-037
  1.21677632e-031 1.36331305e-042 6.62500860e-021 7.39065327e-061
  1.26409718e-017 7.04875565e-016 4.79467919e-013 1.00000000e+000
  1.00000000e+000]
 [1.00000000e+000 1.00000000e+000 1.00000000e+000 1.00000000e+000
  1.00000000e+000 1.00000000e+000 1.00000000e+000 1.00000000e+000
  1.00000000e+000 1.00000000e+000 1.00000000e+000 1.00000000e+000
  1.00000000e+000 1.00000000e+000 1.00000000e+000 1.00000000e+000
  1.00000000e+000 1.00000000e+000 1.00000000e+000 1.00000000e+000
  0.00000000e+000]]
