[[-3.63228491  3.67139698  0.10915836 -0.29335377 -1.96468797 -4.9270384 ]
 [ 2.70006793  0.53872755  0.8992596  -3.26261843 -2.19709716 -3.93397048]
 [ 0.28913002  0.60052555  3.54059021  1.30396945 -3.24150577  4.951001  ]
 [-3.69162184  0.74095203  4.50816869  4.38930945  0.28187148 -4.87532553]
 [ 2.24860445  1.72661613  4.42782884  0.65830219 -4.20409516 -3.10012056]
 [ 0.67733683 -1.03672798 -4.66266348 -4.27585825  3.46695717 -1.24413386]
 [-4.22410301  0.74582816 -3.03730582  2.13097828 -2.53001889  4.39033562]
 [ 0.33169498  4.38230939 -1.06457148  4.67607128 -1.72520698 -3.71762012]
 [ 2.11510885  1.84053005 -2.114351    2.54586326 -2.70894079  1.69231369]
 [-4.74327556 -1.11243967  3.47489698  3.86301632  2.76855772 -1.00482005]
 [-3.4369682   3.09406445 -2.99126283 -2.27846899  1.20020704 -3.5869957 ]
 [ 2.497334   -0.38868249 -1.89145178  1.86691569 -3.90549102  3.20483529]
 [-2.39659415 -2.19825842  2.75475731 -4.66943067 -0.05484864 -2.82784055]
 [-2.18591837  3.3518946  -0.33215781  3.1095694  -4.90963398 -4.27443733]
 [ 4.18459739  2.21230496 -1.72329148  3.35529591  2.61041661 -4.55971774]
 [-4.64528672  4.56723419 -2.56403709 -3.65609001  1.53170865 -4.56876435]
 [ 1.80141014  4.01672567  3.81585203 -1.68236545  4.6271048   0.84159903]
 [ 3.58954795  0.32703916  4.89302919  2.96230365  0.83930391  3.35850219]
 [ 1.49140544  3.3959495   4.97078019  2.53798781  2.82738757  1.35875744]
 [ 3.04489886  0.6978738   3.51830129  0.84273712  1.1351633  -1.93152405]]
