[[ 7.00512318e-01  5.97073547e-01 -2.34614070e+00 -3.93716503e+00
  -4.06652206e+00  2.89716811e+00]
 [-2.02111513e-01  2.38738008e+00 -3.10981116e+00  4.94135081e+00
   2.84355310e-03  2.52100152e+00]
 [-3.51762979e+00  2.65351578e+00 -2.47286007e+00  2.71759199e-01
  -3.01892698e-01 -1.86908766e-01]
 [ 3.16868935e+00  9.28801695e-01  2.01136670e+00  4.94307239e+00
   2.23596630e+00  3.43926049e+00]
 [-3.20481815e+00  4.86757197e+00 -4.36934220e-02 -4.10931130e+00
   3.77656808e+00 -6.48419049e-01]
 [-1.62938038e-01 -3.01291653e+00  6.42551676e-01 -2.55454468e+00
   1.04219318e-01  4.30149615e-01]
 [-2.64178165e+00  4.09217453e+00 -2.41330042e+00 -7.79223546e-01
   4.36678258e+00  2.78740085e+00]
 [ 2.33919944e+00 -6.80651338e-01 -1.44191142e+00 -1.95950961e+00
  -2.27792684e+00  8.99999124e-01]
 [ 4.05913031e+00 -2.81696633e+00 -1.30891531e+00  2.13561601e-01
  -4.94805818e+00  4.45368048e+00]
 [ 2.17321699e+00 -1.45842048e+00  2.12132965e+00 -2.75919963e+00
   3.73056972e+00  2.94705173e+00]
 [-4.29884873e+00  1.97491437e+00 -1.82117558e+00 -2.24815216e+00
  -1.48813021e+00  3.94508285e+00]
 [ 2.71929716e+00  1.08957644e+00 -3.85700867e+00 -1.04107476e+00
  -1.49057429e+00  1.30871561e+00]
 [-4.88666680e+00 -2.79201073e+00 -2.49923057e+00  3.00581960e+00
  -2.65270515e-01 -1.04378765e+00]
 [-3.71145538e+00 -2.34912207e+00 -2.56176628e+00  1.83618909e+00
   3.45048915e+00 -2.21579529e-01]
 [ 4.42223482e+00  3.97106135e+00 -3.28271229e-01 -2.04628125e+00
  -3.22795994e+00 -4.47729176e+00]
 [-4.03027544e+00  3.87729011e+00 -4.15943123e+00  4.79359470e+00
   1.14452884e+00 -1.46696544e+00]
 [-2.29724542e+00  4.48851753e+00  3.56007175e+00  1.19901685e+00
  -1.06651763e+00 -3.15387238e+00]
 [ 7.25340576e-01 -2.77786450e+00  3.95475683e+00 -3.42623139e+00
  -4.66825592e-01 -2.60664376e+00]
 [-4.75678763e+00  1.02259295e+00  7.92746479e-01  4.11208273e+00
  -1.90430530e+00  4.54961801e+00]
 [ 4.61785893e+00 -1.35585928e+00 -2.79039927e+00 -4.64442779e+00
   4.71229755e+00  3.86173478e+00]
 [-8.85059851e-01 -1.51813412e+00 -1.18679628e-01  2.56293363e+00
   3.03535352e+00  3.42765517e+00]
 [-2.15736451e+00 -3.27119140e+00  2.82413651e+00 -1.54833391e+00
   3.03737935e+00  1.69752174e+00]
 [ 3.54874314e+00 -2.82851539e+00 -2.18426816e+00  2.12081549e+00
   4.65692348e+00 -2.16082254e+00]
 [-1.86568597e+00 -3.30865786e+00  3.96245018e+00 -3.35494939e+00
   4.75992981e+00 -4.72101259e+00]
 [-6.79819525e-02  2.84130091e+00 -2.83373681e+00 -1.19088944e+00
  -3.32269639e+00 -2.36949419e-01]
 [-9.11202509e-01 -3.76243298e+00  3.40288259e+00  2.72261784e+00
   5.95867482e-01  3.55783858e+00]
 [-4.62046518e+00  3.17942011e+00  4.07787946e-01  2.08724226e+00
   3.39371819e+00  3.09277077e+00]
 [-1.16807663e-01 -1.51277352e+00 -2.00741158e-01 -4.05466050e+00
   3.57735179e+00 -7.87641814e-01]
 [-4.81363156e+00 -4.50441815e+00 -3.82880812e+00  4.31234762e+00
   1.93628649e-01 -4.54972192e+00]
 [-2.21744464e+00  8.42267550e-01 -4.16618896e+00 -3.10407258e+00
  -7.99650938e-01  3.90296951e+00]
 [-1.54441206e+00 -7.60192818e-01  4.97379886e+00 -4.70777516e+00
  -4.09888558e+00 -3.18983823e+00]
 [ 6.09845539e-01  3.82886075e+00 -4.98821493e+00 -1.65211422e+00
  -5.59322747e-01  1.68686595e+00]
 [ 1.24214196e+00 -2.09205491e+00  4.66958362e+00 -1.34758047e+00
  -1.29031130e+00 -3.11472152e+00]
 [ 1.01729841e+00 -3.46552620e+00  1.39730771e+00  2.19293287e+00
  -1.07409835e+00 -3.95498148e+00]
 [-3.98691315e+00 -3.40932557e+00  2.13718096e+00  3.07802667e+00
  -3.45248535e+00  1.88364237e+00]
 [ 1.66445064e+00  1.49005901e+00  4.94580169e+00  2.57587809e+00
   3.52980794e+00  4.23525822e+00]
 [ 4.78650021e+00 -4.52464879e+00 -4.47278853e+00 -4.05828020e+00
  -1.60386604e+00 -1.07115959e+00]
 [-3.77300875e+00  1.09036272e-01 -1.79162598e+00  3.42843693e-01
   3.42270426e-01 -6.45984386e-01]
 [-3.51177198e+00  2.88785877e+00 -3.78378106e+00 -1.75091038e+00
  -4.60472529e+00 -1.24844967e+00]
 [ 2.45753565e+00  1.06032723e+00 -2.65972735e+00 -4.12065250e+00
   4.90985002e+00 -1.37055299e+00]
 [ 3.27489515e+00  4.37528318e+00 -1.96175761e+00 -2.77225087e+00
   2.59277294e-01  4.41614063e+00]
 [-1.23844135e+00  1.26500097e+00  3.56751120e+00  4.79129342e+00
  -1.39457405e+00 -4.78572567e+00]
 [-4.57500137e+00  1.92573192e+00 -3.11480425e+00 -3.62236258e+00
   2.76613641e+00  1.36954757e+00]
 [-3.85884952e+00 -2.09267154e+00  5.87160349e-01  4.54335633e+00
   3.29754622e+00 -1.78250454e+00]
 [-9.60370079e-01 -1.96358688e+00 -1.58950639e+00  3.20192973e+00
   2.43579871e+00 -4.74610150e+00]
 [ 1.76573003e+00  1.78012052e+00 -1.61443449e+00 -2.10873025e+00
   2.28862245e+00  2.09281602e+00]
 [-3.94614532e+00  1.67284056e-01  1.64795198e+00 -2.70643185e+00
  -4.46813868e+00 -3.77433685e+00]
 [ 6.31788432e-01 -4.90124141e+00 -3.21218852e+00  4.80458484e+00
  -3.60514572e-01  2.62188873e+00]
 [ 1.19957936e+00  1.20575807e+00 -3.58363847e-01 -2.84851130e+00
   2.72839005e-01 -2.59090437e+00]
 [ 2.84564986e-01  4.48395775e+00  3.57795041e+00 -9.96190679e-01
   2.45480625e+00  3.92773012e+00]
 [-9.13910230e-01 -9.36210398e-01 -4.89330135e+00  8.93228273e-02
  -1.19478015e+00  9.03992436e-01]
 [ 9.78293491e-01  1.76051191e+00 -9.75103372e-01  3.47833078e+00
  -3.69855816e+00  3.95470607e+00]
 [ 3.84336611e+00  1.02646543e-03 -4.45867665e+00 -1.82096661e+00
   1.06630806e+00  7.33982800e-01]
 [-3.93142667e+00  2.40361967e+00  3.72862044e-02 -2.87179457e+00
  -4.07045936e+00  4.69297124e+00]
 [-5.88155792e-01  8.14958426e-01  1.81699042e+00  4.04008309e+00
   4.58797176e+00 -2.34781219e+00]
 [ 5.66018833e-01 -4.05308516e+00 -1.77284157e+00 -4.35604868e+00
  -4.80384029e+00  2.23501326e-01]
 [ 4.29641185e+00 -3.32693263e+00 -2.26005970e+00  8.05660173e-01
   3.71254060e+00  4.09333797e+00]
 [-4.78284631e+00  3.63426867e+00 -3.77416980e+00  6.74254890e-01
  -2.49020296e+00 -4.63390317e+00]
 [-1.17429338e+00  4.57650563e+00  3.15700197e+00  4.25773745e+00
   1.94213003e+00 -3.05119393e+00]
 [ 2.36849909e+00  3.45522957e+00  1.48102911e-01  2.63713388e+00
  -4.66000442e+00 -4.00234401e+00]
 [-3.19861806e+00  2.19253977e+00 -3.50381245e+00  3.84807744e+00
  -4.25327749e+00  2.24470801e+00]
 [ 4.16225810e+00  4.45930770e+00 -3.07097760e+00  1.77185472e+00
   3.10953256e+00  1.64773486e+00]
 [ 2.81635802e+00 -4.54096017e+00 -6.83908510e-01  2.13145198e+00
   2.85409465e+00 -3.55228513e+00]
 [-3.88251425e+00  1.37966558e+00 -9.67790355e-03 -4.44414564e+00
   4.32873415e+00 -2.71984712e+00]
 [ 4.70321277e+00 -4.70717660e+00  1.27260770e+00  1.73752865e+00
   3.75914222e+00  2.15674529e+00]
 [ 1.71828146e+00 -8.91863905e-01 -3.52224877e+00  2.30347826e+00
  -3.24317596e+00  1.57621700e+00]
 [ 4.80323527e+00 -2.11353994e+00  2.26698711e+00  1.83566032e-03
  -2.04996082e+00  2.60133909e+00]
 [-4.01969630e+00 -1.39439498e+00  2.33384777e+00 -4.65254247e+00
   2.79386471e+00  3.73749439e+00]
 [ 3.26435922e+00  3.51630417e+00 -2.56744387e+00  1.38316320e+00
  -1.58831325e-01 -1.97135058e+00]
 [-1.19886459e-01 -4.48753367e+00 -2.72292138e+00 -3.29558792e+00
  -4.28273619e+00 -4.84077339e+00]
 [-1.46041727e+00  4.55421679e+00  3.78952148e+00  3.49820423e+00
  -2.97535952e+00 -4.53936317e+00]
 [-4.14275602e+00  4.66080255e+00  3.44880251e+00  4.16735077e+00
   1.37005286e+00 -2.97851734e+00]
 [-2.92102043e+00 -2.99435770e+00 -2.44892213e+00 -1.83009446e+00
   7.78677680e-01 -1.72198447e+00]
 [-2.44178314e+00 -8.42515834e-01  4.65228686e+00 -3.91823861e+00
  -8.41561681e-01 -1.88508918e+00]
 [ 4.33280907e+00 -1.50587600e+00  1.48328744e+00  2.30509701e+00
   4.32075108e+00 -1.54655890e+00]
 [-4.40599012e+00  4.55659120e+00 -2.05803590e+00 -2.72078537e+00
  -3.89826109e+00  3.22588012e+00]
 [-3.33548291e+00  1.65124772e+00  6.68119476e-01  2.30279914e+00
  -2.22919304e+00 -2.76594503e+00]
 [ 2.03437516e+00 -1.98946029e+00 -2.49206102e+00 -4.72338320e+00
   2.37308404e+00  1.01718352e+00]
 [ 1.53620996e+00  4.21802065e+00 -7.56710067e-01 -3.48706423e+00
  -9.26264984e-01  1.03458638e+00]
 [ 2.06341039e-01 -2.84222326e-01  2.78376317e+00 -2.45138970e+00
  -2.03872501e+00 -4.04743565e+00]
 [ 1.62150118e-01 -1.99596284e+00 -4.77279525e+00  1.72309172e+00
   8.08033699e-01 -4.52083911e+00]
 [ 1.22583354e+00 -3.97641451e+00  3.20065959e+00  2.25042716e+00
   4.11161060e+00 -4.67573566e+00]
 [ 2.04573717e-02  1.49267841e-01 -1.31674896e+00 -1.15016027e+00
   9.10864778e-01 -4.67011361e+00]
 [ 3.32321700e+00 -4.99881296e+00 -2.74110171e+00  1.78251277e+00
  -5.98175907e-01 -2.29742907e+00]
 [ 2.26205706e+00 -7.48276896e-01  4.41586994e+00 -1.58707730e-01
   3.70488295e+00 -2.38318648e-01]
 [-1.13953977e+00  4.45269059e+00 -1.36882769e+00 -3.29097511e+00
   1.89545140e+00  1.43644564e+00]
 [ 3.44508110e+00 -3.28263311e+00 -7.52672569e-01  3.43659882e-01
  -1.63280593e+00  4.62398058e+00]
 [ 2.18067553e-01  2.13274215e+00 -4.95165278e+00 -2.08862546e+00
   1.99433317e+00  4.35039757e+00]
 [ 2.16896788e+00 -1.37264278e-01 -2.11548554e-01 -6.58928981e-01
  -1.60392717e-01  1.30574191e+00]
 [-3.76219308e+00  4.67444954e+00 -7.42500022e-01  1.74989096e+00
  -3.06131312e+00 -3.74785445e-01]
 [ 3.21784619e-01 -2.86295403e+00  1.95747263e+00  4.92319313e+00
   3.22330495e+00  9.72773590e-01]
 [-5.63303273e-01  4.39811078e-01  4.43907533e+00  1.10581250e+00
  -3.08413110e+00  7.48717092e-01]
 [ 1.17462412e+00 -3.83309339e+00  2.03640116e+00  4.87864854e+00
   3.26401400e+00  1.11140163e+00]
 [ 4.01680587e+00 -2.85943043e+00  4.90912097e-01  3.52574171e+00
  -2.65593483e+00  4.00479384e+00]
 [-4.62470084e+00 -3.48220113e+00 -3.08012590e+00  2.48011967e+00
   1.83388079e+00 -4.66483110e+00]
 [ 3.50053268e+00  4.72029967e+00 -4.07092906e+00  2.44166358e+00
  -1.43267453e+00  3.64679062e+00]
 [ 4.00909123e+00  2.04161926e+00 -2.45270421e+00  9.03241700e-01
  -4.16709922e+00 -3.98825959e+00]
 [ 2.68105342e-01  1.18782453e+00  1.66641916e+00  4.89240801e+00
  -4.72288337e+00 -2.60099507e+00]
 [ 3.27308298e+00 -3.40952720e+00 -2.35007784e+00  4.94462592e+00
   1.67341329e-01  4.38491646e-01]
 [-1.09589798e+00 -1.91518589e+00 -2.76574431e+00  2.21160118e+00
   4.60749298e+00  3.34915049e+00]]
