[[-4.05842527 -1.49302888 -3.88057597  1.26889674  0.61514353 -0.16186182]
 [ 4.41912711  0.89048888 -3.44666844 -2.66471749  2.60897632  0.36985845]
 [ 0.84068193  0.71465328  2.85429343 -4.3744748  -1.02523946  2.90400921]
 [ 0.99588712  0.22546679 -0.20928449 -1.09318618 -2.51337936 -1.04889634]
 [ 4.34468148 -0.12930194 -4.52409557 -3.73246091 -3.4407999   1.36987825]
 [-1.03744018 -3.23925588  4.21843367 -4.62813147 -3.98572087 -4.26760756]
 [ 3.33387989 -0.06368989  2.53687046 -2.18376703  0.36228321 -0.97633018]
 [ 4.75409282 -1.91213845  2.45015552 -1.70035945 -4.7257623   0.4327095 ]
 [ 0.135913   -1.41135074  0.37646012  4.32224096  4.61657932 -2.33263394]
 [-0.37078243  4.32505027 -0.88485183  0.09149904 -0.81389315 -2.5960432 ]
 [ 1.58366879  0.35841418  2.73444264 -0.46618845 -2.34043656  3.65033739]
 [ 3.36778952 -3.318291    4.92713492  1.58480659 -3.70618335  1.4494349 ]
 [ 0.93846036 -0.54736219  2.73280256  0.98702058 -3.01285777 -2.54120993]
 [ 0.18944544  0.24683174  1.45923289  3.41688185 -0.46872115 -1.53682542]
 [ 4.18039072 -0.1922519   1.68544789  4.62062675  1.77730511 -0.21870579]
 [-0.69259758  0.31743705  2.7573631  -2.69026724  0.15008794 -3.81481825]
 [ 3.83885801  0.45809403  4.55767433  3.27513236  4.91733457 -4.62485128]
 [-0.74019914  2.41580765 -2.86742329  1.4543643   1.29589848 -4.85916546]
 [ 2.93098423 -3.70646036  2.12235157 -1.8915051   1.51156453 -4.0397914 ]
 [ 1.27450011  0.9232509  -2.45914931  0.36566595 -4.85890123  0.82730688]]
