[[1.00000000e+00 6.81572460e-36 7.42736474e-51 ... 1.78514154e-84
  1.73547088e-68 1.00000000e+00]
 [6.81572460e-36 1.00000000e+00 2.42740665e-08 ... 9.82260022e-38
  9.70841639e-17 1.00000000e+00]
 [7.42736474e-51 2.42740665e-08 1.00000000e+00 ... 4.48675322e-37
  1.05386570e-17 1.00000000e+00]
 ...
 [1.78514154e-84 9.82260022e-38 4.48675322e-37 ... 1.00000000e+00
  5.38506938e-21 1.00000000e+00]
 [1.73547088e-68 9.70841639e-17 1.05386570e-17 ... 5.38506938e-21
  1.00000000e+00 1.00000000e+00]
 [1.00000000e+00 1.00000000e+00 1.00000000e+00 ... 1.00000000e+00
  1.00000000e+00 0.00000000e+00]]
