[[-1.02004421 -4.21923197  4.73696578 -1.8991954  -3.45784426 -3.73945323]
 [ 1.80168339 -2.19540377 -4.26564745  3.7609027   3.67929853  2.64946377]
 [-3.70060209 -0.26636218  1.75713326  2.25554421  2.7139663   1.17084369]
 [ 0.01454097 -1.24064381 -0.61882303  3.6054021  -1.08160687 -2.25639138]
 [-1.48097969  2.24410482  1.38205604 -3.43386371 -3.38586927  4.5367675 ]
 [ 3.03383037 -0.06965119  2.20727682 -4.75102166  2.30066931  1.25208529]
 [ 0.63354581 -4.05077479  1.50587449  4.80850149  4.9674464   1.45098343]
 [-4.33608383  1.91584048  4.50817404  3.27515367 -1.91277252 -2.45454261]
 [-4.28616177 -3.10797731  4.3006922  -4.53940291  0.05835082  3.28015029]
 [-1.86376538 -3.28712959 -2.51649134 -4.03813683 -2.47810132 -4.08350038]
 [-0.62915728  4.01924671  0.34183454 -4.40739534 -1.09505221  0.23733834]
 [ 3.74471816 -3.50488647  3.09946167  2.97497134 -2.72676064 -0.06601599]
 [ 1.70596642  3.38501996 -1.58287506  1.18539204 -2.90674219  1.38097246]
 [-0.48868568 -0.65718812 -3.26456487  4.85708517  3.68080425  2.67615868]
 [ 4.12683492 -4.53771747 -3.55746093 -1.41796111 -2.80443574  0.4747099 ]
 [-4.07856602  4.86944428 -1.95124692  2.96635839 -4.99944916 -4.50873713]
 [ 2.34401981  0.12623644  1.64055117  0.06650844  2.99410309  1.85142677]
 [-0.62373152  3.51222261 -0.6362208   1.81949293 -1.71402968 -1.66755112]
 [ 0.76570899 -0.11288209 -1.10029821 -3.09068702  3.43696931 -2.21234675]
 [ 1.86238542  0.98660097 -3.60751749  4.04323236  2.29899478 -2.70740071]]
