[[ 4.25588002  1.23402168  4.48437803 -3.72222218 -2.69346898 -4.9304334 ]
 [ 2.57914401 -2.90152861  1.28172142  3.14196501  2.25671616 -2.46065314]
 [ 3.70539501  0.00845137 -3.80328471 -2.72878564 -2.51150306 -4.6776099 ]
 [-0.24619405 -3.19838879  3.05613869  0.409332   -1.23032188  4.52966616]
 [ 3.64971572  4.92334384 -1.55566945  2.62083038  2.81859659  3.70599271]
 [-4.72605583  3.27585276 -2.08338727  3.07512469  1.57640916 -3.16712499]
 [-4.34283562  4.93214143 -0.36679946 -2.86252983  2.20204919 -2.7218895 ]
 [-0.22477532  0.89159286  2.42196947  0.69595139 -1.47984942 -3.91581661]
 [ 0.3637783   3.47070143  2.75669876  3.50856004  1.83343647 -2.86901597]
 [-3.62220678 -4.16471428  1.72565698  3.99804562 -3.2656661  -4.51063909]
 [ 1.89972374  2.93744734 -0.07834096  1.47389853  3.60760907  0.75952165]
 [ 1.92675463  4.05356353 -3.18271142 -2.34649105 -1.43020165  3.35885524]
 [ 3.28115173 -2.3279237  -3.54976641 -4.31317867 -3.9997553   4.37818885]
 [-1.74403563  0.81492844 -4.69512409  2.52734419  1.7191841  -3.00147353]
 [-0.46383714 -0.05595881  2.64157983  1.40553148  4.14192144 -4.87260049]
 [-0.67023516 -2.72663337  4.82273402  0.66459656 -2.07041126 -4.86960168]
 [ 4.10376836  2.94797341  1.43953376  2.97890954  3.28275366 -4.97741001]
 [ 0.92715948  2.12076862  1.55716176  3.98202162  0.28538441 -4.47762739]
 [-4.89576495  0.91099793 -0.37501231 -1.10812126 -0.2992857   3.84304307]
 [ 1.98025159 -0.04932353  1.02541734  3.76016671 -1.15764634 -2.23883171]
 [ 3.40084296  1.1479775  -3.9286434   0.67696352  0.162517   -1.4746477 ]
 [-3.60262072  2.08787401 -1.02312669  0.18107956 -4.34129307 -0.10777943]
 [ 2.39301827 -1.66461404  4.41818182 -0.27622934  4.83530212 -2.37097064]
 [ 0.41007361 -1.41903343 -0.9375791  -1.91520835  0.06776902 -1.04755691]
 [ 0.01941875 -3.8668414  -4.15051262  2.41085027 -3.46654835 -0.73987106]
 [ 1.22213403  1.77866028 -4.97057955 -4.94976077  2.71384069 -4.12024731]
 [ 2.95130578  3.26355754 -4.83328429  2.88666482  3.03164166  2.36525043]
 [-3.19373216 -4.12198376  2.90953688  4.91259492 -4.85702083  3.82281283]
 [-4.36537386  0.37701044 -4.70360228  0.32289423  3.75600506  3.10809622]
 [ 3.25574963 -0.64376177  0.66918498 -0.35317182 -4.21604736 -0.92218525]
 [ 1.16978405 -3.85729836  0.1324934  -4.10522899  3.05325025 -4.51828804]
 [-0.94377383  1.41337681  1.3987469   2.53353565 -2.92206167  0.44910568]
 [ 2.0576307   3.74491392 -3.05907315 -3.19425445 -2.36021087  3.8359699 ]
 [ 4.71003299  4.65436973  0.75015505 -1.11622303 -2.91469082 -0.24171933]
 [ 1.98998632  1.49873176 -4.96589268  3.17723947  0.34712095 -4.93855271]
 [-2.27685648  4.55747233  2.82369468 -3.64599268 -4.35659569 -4.12742881]
 [-4.41956982  4.51543997 -2.60060538  4.33682184 -3.77225363 -1.61092311]
 [ 1.40837436 -1.5171993  -3.92447035 -2.42939172 -2.79439945 -3.12270634]
 [ 1.23880354 -2.70746539 -3.33238281 -4.12207775 -0.71452482  2.40371708]
 [-1.88268694  4.77683623  0.75262461 -1.25606036 -4.17767931  3.39564828]
 [ 4.24528409  3.04964055 -4.03742327 -1.21453392 -1.23088857  0.45339455]
 [ 2.32165312 -2.08578946 -1.21137497  1.02338933  0.9534505   1.95333309]
 [ 2.99459685  2.2067567  -4.31136109 -2.34264788  4.29999133 -2.8084659 ]
 [-4.20164531 -0.95515901 -0.6546708  -1.62231733  0.8404891   1.71469781]
 [ 4.94376286 -4.20962757  2.69380866  3.30071977  2.58583244  3.4232543 ]
 [ 0.90928321 -3.871524   -3.98795335 -1.43400689 -0.23488995  1.66463064]
 [ 2.45804501 -3.13214723 -4.43328327 -0.73415081 -0.26256423 -4.65771944]
 [-2.28875087 -4.83492949  0.74976705  0.03833003 -1.8923753   3.39923661]
 [-2.09137215  3.87644518 -2.73914133 -2.33719641  1.44695276  1.03644261]
 [-3.99056095  0.40821634 -0.41039536  3.2639174  -0.28706781 -4.68357101]]
