[[ 17644.59368203]
 [-19096.46005925]
 [ -8925.35943803]
 [-32715.77122402]
 [ 36115.85511634]
 [ 19861.71046802]
 [ 44883.25591313]
 [-38415.90509471]
 [-18404.88592783]
 [ 52247.99031897]
 [-31301.83477907]
 [  3401.13142707]
 [ 37185.74772937]
 [-33581.62431259]
 [-37962.53675134]
 [-36800.17630793]
 [-11436.24019197]
 [-13856.13621553]
 [ 14443.91876546]
 [-14049.47210424]
 [-25518.60988746]
 [-22444.12565145]
 [-31129.05172352]
 [-36705.00161153]
 [  7485.27681266]
 [ 14986.19836384]
 [ -9373.72125116]
 [ 85305.65936041]
 [  -535.21179275]
 [-24596.42753083]
 [  4429.94992682]
 [-30344.11915463]
 [  5390.61683759]
 [ 37089.51497363]
 [-23823.75708759]
 [ 24306.18762923]
 [ 87305.5851347 ]
 [-26455.28208677]
 [  5420.66453972]
 [ 13041.97639178]
 [  1821.09234484]
 [-30444.31192755]
 [-25980.80093312]
 [ -3905.70472336]
 [ 72479.20998111]
 [  -365.64780642]
 [-10347.75180501]
 [ 22609.95558012]
 [ -5909.65707553]
 [ -3030.50684162]
 [ 39138.77988419]]
