[[ 4.74678196 -3.46405531 -3.39783778 -2.94127719 -2.48252165 -4.15850131]
 [-3.72567319  3.12412558 -2.60429     3.11754611 -0.92197568  4.51207478]
 [ 1.62384196  3.52895347 -0.69517612 -3.00486273  3.68153428  0.89953876]
 [-1.28050043  3.21866079 -1.41511921 -4.24632908  3.49552715  1.49212138]
 [-4.165947    2.62493976  2.69524431  3.19572771 -2.68986611  4.69572627]
 [-2.72709891  4.1722058   2.60125972  4.23327869 -3.80935389  2.55647411]
 [ 1.5154129   0.73908549 -3.5071792   2.1556705  -1.28979244  0.52067146]
 [-3.09974456 -2.92987417  0.61226225 -1.51996156  1.98442949  2.72331763]
 [-0.55578596 -1.55829083  3.48402334  0.55544566  1.75877611 -2.51423895]
 [ 2.34595492  4.25783172 -4.07482001  0.76971074  4.46641609 -0.21497261]
 [-0.82940015 -3.41659269 -3.29771623 -0.11842321  1.16022339 -2.44296511]
 [-2.0489148   1.1538058  -1.41773893 -4.13142815  4.23756657 -0.81882851]
 [-0.3777663   1.30361909 -4.04020526 -2.6721671   3.13775862  2.0435045 ]
 [ 1.78027645 -0.53253722  0.32533745 -0.37556254 -3.09073674  3.53040012]
 [ 4.13256906  3.37493706 -4.87370326 -4.78762423  4.53618899 -3.7554868 ]
 [ 4.25666962  2.78458998 -2.55631972 -2.62682336 -2.20123684 -2.01933702]
 [ 2.26936366  2.02737393 -2.70406367 -3.55915476  4.23008288 -2.90437647]
 [-0.33967388  2.7832033  -3.42888166 -4.8339183   4.42483311 -2.66673028]
 [-3.92339709 -4.11422147 -1.98143139 -2.34044584 -0.22460336  2.10994841]
 [-4.32105376  1.63435701  2.20053271  1.16670703 -2.30054882  2.70435506]]
