[[-0.14007228 -3.45353105 -4.43833427  3.84395087 -2.57924893  0.2448147 ]
 [-3.5141153  -4.02184624  1.300641   -1.89213048 -4.94095047  4.33381595]
 [ 2.71177506  1.29724475 -0.32878473 -3.35683383  4.22083117  3.8975156 ]
 [ 0.79710682  2.17507662  0.61223232 -1.98624167  1.55392267 -1.81885909]
 [-1.26777985 -2.2490032   0.01225546 -2.94368676  4.93005909  4.5595966 ]
 [-3.0501064   1.79348324  1.24091386  2.6590254   4.27755108  4.63338845]
 [-3.88522722 -1.23220314  2.98622022 -3.43465526 -3.51513147  4.45263648]
 [-1.8632106  -0.81156634 -0.62188056  2.63691007  4.85378627 -3.74152422]
 [ 2.3725659   1.63427257  0.53489943 -2.72349    -3.14067369 -2.20727514]
 [ 1.5119823  -3.12087036 -4.35110132  4.99661342 -3.29810858  3.00570723]
 [ 2.57252337  4.3941729   3.12036851 -0.49162791 -0.23263388 -3.89626432]
 [-1.59179018 -1.74089445  0.10131707 -0.35840617 -3.45273269 -1.70424262]
 [ 3.40785626  1.26049769  0.16622441 -1.89153422 -2.97140533 -4.64656656]
 [ 0.31379109  4.05784494  4.78085643  4.12461656 -2.79492272  2.66829604]
 [-3.01630612 -2.70233294 -4.8628315   3.5398941   2.61986639 -4.18943458]
 [ 2.99260031 -0.24766552 -1.14476503 -4.48430745  3.49818792 -1.06157163]
 [-2.16906692 -4.71202318 -3.13297607  1.50785481  0.52685701 -0.7508523 ]
 [ 0.86353068 -0.86604652 -2.69307081  2.31628389 -1.88511421  1.88517469]
 [ 3.71531706 -0.47562623  0.47771117  2.2762887   2.36299989  1.91170693]
 [-2.32014236  4.91599629  1.05575806 -1.94694555  2.55288999 -2.71348758]]
