[[ 3.69686222  4.47510101  0.41541749 -2.03249145 -4.1021075  -4.88651404]
 [ 2.82707569  1.45712842 -2.63640369 -1.35440166  4.25855188 -0.20745092]
 [ 2.49646965 -0.9211948   0.77590051  2.57361627 -4.46954751  2.13524196]
 [-0.00700456  1.54949153 -0.31797682  4.07476623 -3.08812822 -1.48776991]
 [-2.57158338  0.50886237  0.50813758 -4.47351095  4.8986627  -2.21503988]
 [-4.2151897   2.65362614 -2.13209873  3.89839662  2.05106542  0.18209045]
 [-4.67329489  3.12844163  4.82750805  2.90770212 -3.85225963 -2.46947788]
 [-1.16765019  2.48899381  1.69603417 -3.50499903  4.6786534   0.53030135]
 [-4.06084778  3.0242715   4.07247757 -1.47433219  0.52942916 -3.76010873]
 [-0.33183528 -3.71316815 -1.49546141  0.92401791  4.46039362 -0.2150209 ]
 [-1.5124924  -0.52879893  4.12584113 -1.91034112 -1.67071779  0.66921559]
 [-4.55768218  4.46441856  3.16040487  3.40389165 -4.08186061  2.75653884]
 [-0.30437464  4.30026755  4.45286122  1.99552957  4.20900706  1.52516987]
 [ 3.22392523  2.336978    2.63213362 -3.31734317  4.32498901  2.3838579 ]
 [-3.80912149  3.64947861 -1.53084934 -2.23116323  1.82767235 -1.58439756]
 [-1.77264211 -4.83129429  4.03938658  4.59249064 -3.93939239  1.22327445]
 [-4.63879637  2.50326747 -3.01681623  2.78457603  1.17872136  4.64668529]
 [ 4.46249509 -0.29308016  2.24671643 -1.23894534 -2.48719535 -2.28914891]
 [-3.79376348  0.02786139  4.89408978 -0.17062657  2.90474235 -4.34906613]
 [-3.62797349 -0.47770493  2.31816063  2.91428266 -2.56057022 -3.68753154]]
