[[-6.55497227e-01  4.46012825e+00  3.49588082e+00  3.49604759e+00
  -4.66081279e+00 -4.69566469e+00]
 [-4.01997277e+00  2.74235820e+00 -1.42331184e+00  1.83935758e-01
  -6.66865978e-01 -1.13651209e+00]
 [-3.43544396e+00 -6.06238000e-01  3.48816453e+00 -5.77373325e-01
  -2.03216032e+00  4.50391248e+00]
 [-2.24758779e+00  1.72593334e+00  2.56510607e+00 -4.27193518e+00
  -1.91708564e+00 -1.60161832e+00]
 [ 2.43819675e+00 -4.70973316e+00  1.13368833e+00 -1.06857591e+00
  -2.12336220e+00  2.19597767e+00]
 [ 4.36876208e+00  3.96092495e+00  2.76236907e-01  3.71218379e+00
  -4.02391259e+00  1.73866601e-01]
 [ 2.30787500e+00  8.36736605e-01 -1.63160835e+00  4.44486645e+00
  -4.07922683e+00  1.71727465e+00]
 [ 3.22893417e+00  1.86241157e+00  4.07054627e-01 -3.31294143e+00
   1.15345210e+00  3.13279056e+00]
 [-2.26839311e+00  2.77591553e+00 -8.79681755e-01  7.55294271e-01
  -2.44640562e+00  9.54190360e-01]
 [-2.92931869e+00  3.93202898e+00  3.11717209e-01  4.28205150e+00
  -2.36010066e+00  4.80479972e-01]
 [-4.06616581e+00  4.17955148e+00  8.04233035e-01  1.09563997e+00
  -1.63209210e+00 -3.25821486e+00]
 [ 1.43334085e+00  3.15465200e-02  1.86589084e+00 -4.52183854e+00
  -2.88142283e+00 -4.05656004e+00]
 [ 2.86346708e+00 -4.89310773e+00 -3.35985863e+00  1.35544835e-01
  -2.26163727e+00 -7.82698879e-01]
 [-1.07549430e+00 -1.21009471e-01 -3.43008385e+00 -2.56359347e+00
   3.62468999e+00 -3.37863155e+00]
 [ 4.40043652e+00 -5.28684686e-01  8.99261740e-02 -3.26237829e+00
   1.24299809e+00 -4.20888264e+00]
 [-3.47428340e+00 -3.82099505e+00 -1.88927630e+00  3.61735012e-01
  -3.24469168e+00  1.11843658e+00]
 [ 3.99793033e+00  1.83038566e+00  3.58011396e+00  2.36108460e-01
  -4.07821621e+00 -4.98382628e+00]
 [-4.79274738e+00 -4.35426437e+00  2.63740224e+00 -3.07277835e+00
  -8.65268523e-01  3.28954458e+00]
 [ 5.57533929e-02  1.13080645e+00 -4.53966517e+00  8.12205834e-01
  -6.58896345e-01 -1.64583045e+00]
 [ 8.06095665e-01 -2.90964656e+00 -6.59872964e-01  2.35091435e+00
   4.96534370e+00  3.02393980e+00]
 [-8.01534215e-01 -1.41138345e+00  1.10433088e+00  3.09244508e+00
  -4.64972043e+00 -1.80442644e+00]
 [ 4.88451456e+00  5.46106056e-01 -4.32152380e+00 -1.87209627e+00
  -1.14778726e+00  3.30715391e+00]
 [ 3.79273285e+00  1.60577458e+00  3.34256417e+00 -7.52414626e-01
   3.41384901e+00  2.82370119e+00]
 [-8.60412981e-01 -1.73681432e+00 -4.39836269e+00  1.88809247e+00
  -2.49418415e-01  1.53787465e+00]
 [ 4.00796041e+00  3.37620171e+00 -2.62801852e+00  1.97042258e+00
   2.88343284e+00 -2.88566229e-01]
 [ 4.57554396e+00 -1.69376959e+00  1.57220883e+00 -3.50579700e+00
   2.47892753e+00 -3.75531391e+00]
 [ 3.84280786e+00 -4.11342753e-01  3.01006077e+00 -3.85077202e+00
   3.65698996e+00 -1.52954379e-02]
 [-1.20899573e+00 -2.88492513e+00 -4.27638234e+00 -4.39535400e+00
   3.13376632e+00  2.10873341e-01]
 [ 4.97247881e+00  2.70910803e-01 -3.10029562e-01 -3.72584619e+00
   4.74885835e+00  4.29553272e+00]
 [ 1.42076578e+00  4.33854088e-01  1.59558135e+00 -1.45221127e+00
   3.60283003e+00  4.35915537e+00]
 [-3.77276451e+00 -1.89579698e+00 -1.94321051e+00  4.60807162e+00
   2.81619225e+00 -3.46334157e+00]
 [ 2.00514323e+00 -4.84423641e+00  2.63579711e+00  3.15061105e+00
  -2.30975105e-01  3.66698947e+00]
 [-7.30760975e-01  2.75706755e+00  3.66728681e+00  2.73764022e-02
   4.10809501e+00 -3.01669782e+00]
 [ 3.66553464e+00  2.74501604e+00 -3.55327990e+00 -4.47778015e+00
   3.84834873e+00  3.08376083e+00]
 [-9.65695882e-01  1.34653132e+00  3.97998504e+00  6.48371682e-01
  -1.28256942e+00  4.30251110e+00]
 [-1.30806357e+00 -3.41124508e+00  4.48352616e+00  9.60801269e-01
   2.65823944e+00 -1.20445211e+00]
 [ 1.56661895e+00  3.52985458e+00  3.82591405e+00  3.64736511e+00
   7.89478581e-01  3.00709432e-01]
 [-2.07300838e+00 -2.63213262e+00  4.38251894e-01 -2.89450764e+00
   4.58981878e+00  7.36729528e-01]
 [-4.82136594e+00 -3.74658388e-01 -4.27166870e+00 -6.08405397e-01
   2.49775271e+00  1.67595672e+00]
 [-1.85208852e+00 -3.00708294e+00  8.20938827e-01  1.75390245e+00
   4.07636048e+00  1.91494194e-01]
 [ 3.40720205e+00 -4.32127657e+00  4.76620103e+00  2.97203824e+00
   2.36007529e+00 -2.02073853e+00]
 [ 3.99074042e+00  5.05472840e-01  1.12513924e+00  2.41351030e+00
  -3.27636412e+00  3.23978521e+00]
 [ 6.04086558e-01  2.05325197e+00 -4.07603281e+00 -2.10074101e+00
  -4.22117926e+00 -1.19690008e+00]
 [-3.15421424e+00 -4.02382451e+00 -2.30137741e+00  2.77489321e+00
  -2.30199115e+00  3.24359044e+00]
 [ 1.16469523e+00  1.24043847e+00  1.27369062e+00 -2.46828054e+00
  -4.09017102e+00  3.53833254e-01]
 [ 3.68785911e+00 -7.47444388e-01  3.81553967e+00 -1.99179064e+00
   8.95081729e-01  1.08150225e+00]
 [ 1.07197351e+00 -4.27077946e+00  3.00425347e+00  1.24859716e+00
  -2.54168721e+00  3.73927524e-01]
 [ 3.01873289e+00 -4.48067122e+00 -1.18135334e+00  4.08037808e+00
   6.38687510e-01 -5.98346295e-01]
 [-2.54791000e+00  8.04236922e-01  4.11247912e+00 -2.93429699e+00
  -5.03699280e-01 -3.00465156e+00]
 [-2.16594953e+00 -3.63893915e+00 -8.93424236e-01  3.06240929e+00
  -3.92227171e+00  1.78044748e+00]
 [-4.19701638e+00 -1.94074920e+00 -2.09087044e+00  2.11773239e+00
  -4.63377568e-02 -3.81629323e+00]
 [ 3.20162069e+00 -2.04469153e+00 -2.67149250e+00  2.29238228e+00
   1.04978221e+00 -2.81095426e+00]
 [ 2.67190535e+00 -4.46433170e+00 -3.95893774e+00 -4.10679271e+00
  -1.06246790e+00  8.97963826e-01]
 [ 1.89513789e+00 -1.38215594e+00  3.54984408e+00 -4.80063544e+00
   4.36729868e+00 -3.91229009e+00]
 [ 4.89249386e+00 -8.51885756e-01 -2.63643543e+00 -1.65866250e+00
   4.96412038e+00  2.38752753e+00]
 [ 4.78117836e+00 -3.94328361e+00  4.23165218e+00  4.53561616e+00
  -1.17196325e-01  2.81484908e+00]
 [-3.83790612e-01  2.28223738e+00  9.55765211e-02 -3.08609889e+00
  -2.21759223e+00  3.73994125e+00]
 [ 9.28068193e-02 -4.67124016e+00  1.00333504e+00 -2.14011026e+00
  -3.52504475e+00 -1.47193037e+00]
 [ 3.23110824e+00  3.08408776e+00 -9.74111506e-01 -4.08610550e+00
   3.00691745e+00  2.86413863e+00]
 [ 2.51061224e-01 -1.30769178e+00 -2.15017391e+00 -4.02496520e+00
  -3.10466494e+00 -1.53535372e-03]
 [-3.75547828e+00  4.02630983e+00  2.16200844e+00  1.96978708e+00
   4.99742078e+00 -2.36259820e+00]
 [ 1.01284904e+00 -2.53937314e+00  3.55395535e+00 -4.27737742e+00
   4.96689436e-01  2.70037225e+00]
 [-1.36862497e+00 -3.65563327e+00 -2.68685826e+00 -3.91249491e+00
  -7.14899139e-01  3.98992250e+00]
 [-3.21244651e+00  3.26101120e+00 -9.67740728e-01 -1.77287237e-01
   4.92650472e+00 -2.02308530e+00]
 [-3.24122893e+00  2.25514585e+00  2.97368095e+00 -3.07492336e-01
  -2.12200491e-01  3.79571909e+00]
 [-1.92488596e+00  4.10316703e+00 -2.18457663e+00  1.42317671e+00
   3.16261648e+00 -2.93777503e-01]
 [-2.77410674e-01 -3.51363146e+00  1.74336818e+00  2.70084874e+00
   4.60359854e+00  3.28878008e+00]
 [-1.14362075e+00  5.54707579e-01 -1.22053336e+00 -1.91115324e+00
   2.19927420e+00  1.05044043e+00]
 [-4.23349055e+00 -2.81428250e+00 -3.46647433e+00  6.37510660e-01
  -1.57260638e+00  3.32915414e+00]
 [-1.78873443e+00  4.67505500e+00  3.93979673e+00  4.40023607e+00
   2.03852378e+00 -4.04046517e-01]
 [-1.09781249e+00  1.88689500e+00 -8.43154065e-01  3.74644042e+00
   1.32593039e-01  3.12074326e+00]
 [-3.06051302e+00 -5.23371294e-01 -1.46173069e+00 -3.67327297e+00
  -4.79123683e+00  2.44203950e+00]
 [-1.27373991e+00 -2.59843481e+00  4.74713857e+00  1.30943494e+00
   4.56356284e+00  3.01966782e+00]
 [-4.71387111e+00 -4.71778403e-01  4.07203197e-01 -3.15262389e+00
   3.38659909e-01  4.20299658e+00]
 [ 4.35921393e+00  1.59673446e+00 -1.94021683e+00  5.00721507e-01
   3.63523248e+00 -1.02862002e+00]
 [-4.60269910e-01  2.43347150e+00 -4.09984373e+00 -3.44782569e+00
  -5.78021508e-01 -4.25180815e+00]
 [-1.42511001e+00 -2.67143271e-01  3.94236442e+00 -3.58565599e+00
  -3.31990363e+00  2.49900779e+00]
 [ 4.65044283e+00 -1.91500030e-01  2.33893351e+00 -1.01373118e+00
  -2.74327492e+00 -3.38189667e+00]
 [ 6.10356034e-01 -1.60801271e+00 -2.40709044e+00 -4.37262874e+00
   6.29811826e-01 -2.01643146e+00]
 [ 1.15667723e+00 -1.98060860e+00  2.88117766e+00 -2.33162815e+00
   2.00593065e-01  7.57278023e-01]
 [ 2.00331439e+00 -4.68594812e+00 -4.18512598e+00 -1.59509759e+00
   2.20218443e+00 -3.62754767e-01]
 [ 4.23340784e+00  1.90732704e+00 -4.83975935e+00  3.62190861e+00
   4.97879101e+00 -4.67347366e+00]
 [-1.03836234e+00 -7.86867588e-01  3.98407306e+00  7.04675351e-01
  -5.41469574e-01 -3.38081191e-01]
 [-1.12074853e+00 -3.15921404e+00 -2.76641953e+00  2.31245482e+00
   2.26990476e+00 -1.09453892e+00]
 [-3.35325938e+00  3.22742878e+00 -2.60922649e+00 -8.89460482e-01
  -4.73108677e-01 -7.51445578e-01]
 [-3.21075833e+00 -2.87033174e+00  3.12147813e+00  1.54750303e+00
  -4.73196411e+00  3.82339175e+00]
 [ 3.08108742e+00  6.06073193e-01 -3.04419129e+00  1.63209292e+00
   1.30924816e+00  2.28141449e+00]
 [-1.05818461e+00 -3.34427081e+00  2.48018762e+00 -2.98585934e+00
  -3.98232931e+00 -4.34760219e-01]
 [ 3.54052937e+00  2.47841132e+00  3.57191590e+00  2.34942016e+00
   2.17711416e+00 -2.63333803e+00]
 [-4.12974130e+00  1.51103374e-01 -4.37512044e-01  3.27917042e+00
  -2.70927683e+00  1.63304779e+00]
 [ 1.98845289e+00 -1.33309973e-01 -4.90191877e+00  1.22210468e+00
   4.76056732e+00 -7.54203378e-01]
 [ 3.73620688e+00  4.37967574e+00 -2.22719667e+00 -8.63722491e-01
   3.80764755e+00 -1.50512444e+00]
 [-2.53292214e+00  8.07747410e-01  1.24402896e+00 -1.46446617e+00
  -4.09302762e+00  7.15125820e-01]
 [-5.54645140e-01  5.11529429e-01 -2.30634230e+00  3.44122833e+00
   4.70142241e+00  1.28705326e+00]]
