[[-1.80580957 -1.00933604  0.31669124  1.78873268  2.08343511  2.52193277]
 [ 3.94261391 -1.44049964 -0.08539409  0.54530232  4.51085213 -0.49029236]
 [-1.97060143  0.01361451  0.60305233  1.20383747  4.62825846  2.23290205]
 [-4.77484644  3.75775681 -3.2728805   4.33519211  4.25451332  1.54830043]
 [-3.2059548  -0.89964482  4.91205196  0.51883457 -4.10317826 -1.74790307]
 [ 3.09783277 -1.48171094 -3.9639672  -4.17027445 -1.08185806 -0.85027281]
 [ 3.84524095  1.06660093  0.5437373  -4.17093018 -4.53603334  0.91283261]
 [-4.63816575  3.86197188  3.86663602  4.46499743  1.35349464  2.29334462]
 [-0.64421144  3.79817606  4.09497269  1.40843646 -2.13171775 -1.88221439]
 [ 2.26695232 -0.60121926 -3.27801024 -4.50319771 -3.61437675 -0.93120792]
 [-2.09723136 -2.41533514  3.37190218 -0.290644    0.46713595  2.7873855 ]
 [ 1.77797554 -1.49008466  0.22534538  3.13175601 -2.19020111 -3.6455705 ]
 [ 0.84129035 -0.26491365 -1.06405644  4.03829508 -2.52601585 -4.73733996]
 [-4.49890034 -2.02522769 -1.60258746  2.0224068  -3.0245812  -0.20651452]
 [ 4.51622056 -1.45802917 -2.29280311  1.49587697 -4.40033197 -0.0983304 ]
 [-1.62365329  4.35622638 -2.33434375 -1.79345817  1.60117726 -1.67563021]
 [-3.80737692 -0.15318903 -4.1422995  -2.79050583  3.2314009  -2.1522192 ]
 [-2.40869118  4.53669121  0.69296852  3.79661205  3.80471786 -2.51298718]
 [-0.51196411 -2.66360899 -0.20550806 -4.30235283  4.41411487  1.90506874]
 [ 4.04326017 -0.96023741 -2.92193065 -2.20398901 -1.17910766 -3.40838464]
 [ 4.12348912 -4.92825688 -4.8826672   4.21506469 -2.38011594  4.72355688]
 [-1.59571708  0.81592091 -4.61619759  4.35137726  1.66001702 -0.99547482]
 [ 4.11552028 -1.88069888 -4.76691569  4.19713278 -3.49630274  0.24601672]
 [ 3.35284603 -3.32771109 -2.06794287 -3.52982828  3.70294429  4.56372657]
 [ 3.80840015  3.90679003 -2.33878898 -1.13126262  1.0077122   0.01064532]
 [ 0.66788916  1.94680882  0.38758182 -4.12666354 -1.11024056 -0.03714032]
 [-0.3908396   2.51820742  0.90494959  3.65665907  4.3522123  -0.14511327]
 [-3.64454288 -0.16760531  4.3081539  -3.68786136  2.51721651  0.85903503]
 [ 3.67097093 -3.50562449  0.3061837  -3.32829971  0.81289748 -0.06275901]
 [ 2.77223834 -2.00452187 -1.19589904 -0.05560743  0.02604238  2.50153392]
 [-2.82038141  4.41353564 -2.54991732 -3.23624749  0.64175126 -0.06205058]
 [ 4.37146995 -0.18994841 -4.37696371 -2.54110988 -1.73607521 -3.54158475]
 [-3.69817658  4.15588466 -1.70660453 -0.92379826  0.42478873 -2.76948371]
 [ 0.5553133  -0.42981642 -1.14212822  2.45956569 -2.0864589   3.70128268]
 [-4.94854945  2.17707353  1.82102495  2.72547227  1.79678453  0.52832842]
 [-4.78232787  4.37071411 -4.9648039  -0.34613271 -0.38435263 -1.57693935]
 [ 2.22800117  0.14502345  4.20491616  4.11599051 -0.97195245 -3.07522226]
 [ 3.18503874  2.72032107  2.70380505  2.91566142  3.90850034  2.64961253]
 [ 2.29026152  4.83147847 -1.8742658   3.85540546 -0.13793724 -0.28435988]]
