[[ 1.47130911 -4.62467346 -0.37304948 -3.06674453 -3.96659214 -0.6379944 ]
 [ 0.17730649  0.84297961 -3.28656089  0.59519078 -3.43247887 -4.88806918]
 [-2.22010383 -0.66100088 -4.71203235  4.54228315  3.14677797  2.72765182]
 [-4.67728675  1.38743303  4.67127172  1.77542537 -1.25167238 -3.51576691]
 [-2.59501454  0.62026569  2.08537862  0.90189323 -2.6472232   1.28905035]
 [ 3.7946484   0.86123856  1.80248441  2.72953584 -2.76136881 -0.8530963 ]
 [ 2.43057242  3.14546709 -0.33678156  2.36813896 -0.33122537 -3.29473282]
 [-1.58400278  2.36340442 -3.71091153  3.83985669  3.76787996 -3.24063229]
 [-3.54476736  0.97896516 -4.07351361 -3.64163633 -4.32779718 -3.39907948]
 [ 1.93931878  3.46652031 -4.80160372  2.03252805 -4.28458423  2.55929068]
 [ 3.82007419  4.38984539 -2.13856231  1.15600067  0.93917541  1.74617754]
 [ 3.7886771  -4.59328008 -2.40202177  3.33458208 -2.56949427 -4.52560643]
 [-4.39557917 -3.77451163  2.70759246 -1.18272719 -2.61414541  4.44034739]
 [-0.4053595  -4.35907207 -2.93075121 -2.28364957 -0.03645956  3.17278663]
 [-1.03965291  1.04895004 -1.23567315 -3.1841639  -4.63346576 -0.70500587]
 [-1.10455368 -1.212266   -0.73299127  0.24016197  2.5781409   0.61603304]
 [-4.4640135  -4.67709979  0.25408749 -3.98708162 -1.76738105  4.81709347]
 [-1.47276974 -2.68071506 -2.45487798 -2.78550881  2.43269159 -2.082021  ]
 [ 0.58388779 -3.87563869 -0.57509773  2.32682726 -0.67585363 -1.64924994]
 [-0.46849584 -1.80096301 -3.80529392  0.7509473  -1.32407917  1.1490469 ]]
