[[-2.29954852  0.88746739 -1.27616022 -1.74522401 -2.67304777  1.30809145]
 [ 2.15220933  4.08544679 -0.85735513 -0.93055827  1.38998865 -0.57986612]
 [-4.63780568 -1.99389542  0.34039943 -3.6631909   0.95635215 -3.76024411]
 [-0.41040265  4.29712574  3.86027035 -4.32565102  3.94404273  2.81002007]
 [-2.0532221  -3.28636077 -0.57190342  2.08977398  2.38598762  4.72917732]
 [ 0.30415694 -1.37012159 -2.38320527  1.03473679 -0.02762092  3.24931114]
 [ 1.71178623  4.21118378 -4.28617048 -0.03773245  2.55648411  3.68488293]
 [ 0.6921084   0.62721669 -3.82388933 -0.76815007 -4.13624846 -2.0210151 ]
 [ 0.20964232 -4.7979002   4.93117705 -1.2898407   1.10946507 -0.89438792]
 [ 0.21336347  2.62862369 -0.72868653  2.09577439  2.02964859  4.07014041]
 [ 2.47999347 -3.54056236 -3.25594771  4.67533183  2.53383103  3.74670496]
 [ 1.97429986  2.23783698 -0.75604664  4.18094712 -4.37261178 -2.07327507]
 [ 2.91241301 -4.3299412  -2.7547116  -4.68782214  1.83527237  1.51617952]
 [ 0.31991713  0.15627399  3.08407581  2.9764393  -3.01718449 -4.61194197]
 [ 0.46279109 -0.14008531 -0.98374298 -1.21787664  1.04256282 -0.24674745]
 [-0.84748972 -2.1157812  -0.44088619  1.19230472 -1.34269188 -3.1031747 ]
 [ 2.67789663 -3.12685636 -4.26208145  3.98375894 -4.72936521 -4.18242117]
 [-1.16221556  4.49721766 -0.08354313 -4.11767038 -3.87793457 -0.07883077]
 [ 1.80387808 -0.048375   -0.43318166  1.51323297  4.3640486  -1.35960414]
 [ 3.5827402  -4.90098642 -2.93652866  1.99585427 -3.67030254 -2.83198643]
 [-2.00543513 -0.46142206 -3.19206726  1.16641404 -3.02109998  1.80877859]
 [ 2.80214762 -4.53205164 -3.69548681  3.18225862  2.14771409 -2.5137492 ]
 [ 1.25339253 -3.27613305 -0.72304621  4.29284926 -0.99808976 -2.06175878]
 [ 4.50140102  4.32253829  3.37878808 -3.36286839  0.38194821  0.33169938]
 [ 0.29274447 -0.52911767  2.08614428 -0.60977354 -1.08076322  1.18225963]
 [-4.70241112  3.07068654  1.22512528 -3.36532052  3.44650518  0.19862212]
 [-1.29281172 -4.28256227  1.84677168 -0.6648888  -0.48638825  4.46893485]
 [ 4.33397622 -2.27943451  0.98623022 -0.83678554 -1.62926265 -4.6925542 ]
 [-0.31393004  0.60381598 -3.78928094  1.58428993  2.36298912  1.63468821]
 [-1.93784609 -1.37150018 -2.16759741  2.66888456 -4.55819362 -2.1994391 ]
 [ 1.23391316 -3.39135002 -3.42681439  1.334237   -1.41051279  2.17894198]
 [-4.81530818 -3.70279173 -3.90895766  3.29850467  2.90150198 -2.59448091]
 [ 3.70490099 -1.89573255  2.74822909 -4.12271308 -1.70736759 -0.67709106]
 [-2.18991302  1.96287064  2.76032174 -3.54242991  1.10937618  4.34850041]
 [-2.67220568  3.29003723  2.1819382  -2.59749839  2.72395526 -1.17196745]
 [-1.75747979 -1.96122005  4.50974176 -3.68245405 -3.9269872  -4.3366277 ]
 [-2.86081206 -3.23174255  0.85272873 -0.31927885  2.68404035  0.58903884]
 [ 2.30473841 -3.88574425 -2.10460419  0.98736856  1.55369677  3.17170688]
 [ 1.67605097 -1.16549574 -0.61449391  0.92963134  3.85604464 -2.8266344 ]
 [-0.22735697 -2.75916674  1.12575484  3.91060979  0.59134572  1.80172982]
 [ 2.75326918  1.14986445 -1.43216578  0.658696   -1.1310788  -1.07503939]
 [ 4.8136968   3.60738409 -3.00879246  4.75499279  3.55555569 -3.52021537]
 [ 2.85883765 -0.25232535  2.85996644 -1.33220799  3.1336047  -1.71914844]
 [-3.26496587  1.31328242 -3.0170838   2.38207069 -2.35166794  4.53917911]
 [ 4.76983296 -1.80244458 -3.70449106  3.97667923  0.86010402  3.45735239]
 [ 1.52511375 -1.33924408 -2.80261184  4.57353974  4.7827572  -2.20447801]
 [-0.3825479  -1.51274864  1.84652385  1.31661492 -1.67086951 -4.61480548]
 [-4.89263556  2.60748415  4.34693097 -1.7141396   0.88696717 -4.4106359 ]
 [ 2.05690327  1.88563123 -2.25099059  2.77757428  2.91836129 -3.11522243]
 [-2.83865531  1.17629614 -4.75620257 -4.98647343  0.87600185  2.51114589]
 [-2.26722384  0.12899777  4.42394998 -2.85887778  2.44281805  4.91342386]
 [ 2.25233352  0.43033266 -2.48195643 -4.31075794  0.23155161  0.53285027]
 [ 2.9309805  -0.05210813  0.65917334 -1.0973225  -3.35464079  0.11695233]
 [ 1.40681146 -4.78008287 -1.78511766 -0.90542463 -3.03797303  1.80425068]
 [ 3.25049103 -3.93712945  1.64149373  3.17183493 -4.32609309  4.97113166]
 [ 1.53535722 -2.89300399 -2.57849388 -4.20367505  0.79796338 -0.53310973]
 [ 2.65138096  1.70282579  2.2494341  -1.10236904 -4.58728527  0.62212118]
 [-3.59767066 -4.57416277 -3.59249665  4.35217084  1.86819514  4.98644487]
 [ 3.4482078   4.93277715 -2.63741933 -3.50260784  4.90073389  2.37954618]
 [ 2.72693219  4.23269227 -1.75256215  4.19746762 -0.91761458  2.47770162]
 [-1.98217692 -0.427941   -2.8377816   0.15751248  3.57423765  1.32767692]
 [ 1.00289543 -4.66968218  3.08925621 -0.88297271 -3.21835234  1.25310657]
 [-2.18630774  2.46879983 -2.22142389 -1.62693205  2.46576623  4.02443721]
 [-3.73131441  2.51961887  0.36267685 -4.4579788  -3.34153783 -1.49293748]
 [-3.60526679 -2.96196722  4.31611794  3.75398968  3.73216572 -3.57153056]
 [-0.16750224 -3.18688136  4.3213269   1.25239899  1.30745686  0.15987072]
 [-1.47306996  4.5512538  -1.622183    3.75252698 -4.68779902 -4.33114483]
 [-2.88824659 -4.48741074  0.88839244 -2.8423308   0.34398703 -2.90554872]
 [-1.70199375 -2.02569368  3.69900864 -0.86368563 -0.90975061 -4.53402909]
 [ 2.17454687  3.54356191 -2.51465512 -3.08516011  0.68795425  3.99834546]
 [-4.58459526 -2.74118343 -1.33621998  4.2908392   3.31473435 -0.1405517 ]
 [-4.47040522  0.33348573  1.82017001  0.84033664  1.83375095 -3.50599392]
 [ 0.27404909  4.9328338  -3.92929916  4.09121286  2.8288075  -0.34799803]
 [-1.29475463 -1.05511443  4.99303095  2.69834518  1.13650062  2.46912265]
 [-0.7024308   4.5650442   4.6331882   1.8492648   3.10491455  4.79196331]
 [ 3.88975968 -0.87945957  4.58654402  4.0210728   3.2646611  -3.15262035]
 [-4.55702831 -0.79599183 -1.00376024 -3.90431923  4.2945108  -0.11523596]
 [-0.04135536 -2.69895107  4.05499609 -1.65747152 -4.41572178 -4.32910655]
 [-4.89971095 -3.26102892  3.95236977  4.16981688 -1.80381848  1.70581626]
 [-2.38626965 -1.06377345 -0.12963351 -2.53611545 -2.76908458 -0.55654728]
 [-4.19255169 -2.88033764  4.07126773  2.82594361 -4.40297413 -1.68535592]
 [ 4.42766685  2.66031385 -4.48614385  2.154128   -4.65232563  4.64475015]
 [ 3.95441416 -0.33488891  0.48787987 -4.98305834 -1.47557607  1.03183121]
 [ 0.53347709 -1.9119072   0.83028169 -3.97657823  2.30298311 -1.85873978]
 [-1.1557116   0.93180499 -4.29340439 -3.50591165 -4.99757471  2.35247775]
 [-2.30571554 -0.98981081 -2.05820367  0.68211981  3.52845592 -4.42800104]
 [ 1.67080374 -0.29772247  3.24555065  0.92636599  0.96592127 -2.09325243]
 [ 4.72006252 -1.06463744 -2.3961469   3.21188984  3.77777502 -3.80777324]
 [-4.86208572 -3.42568482 -0.54186612 -1.27443601 -4.18008994  0.28966319]
 [ 3.46465112 -2.09484942 -4.41710837  1.16435884  3.00389925 -1.01935347]
 [ 4.60367976 -1.6265816  -3.70156469 -1.44402882  2.06626744 -2.92232163]
 [-2.86712893  0.33738228  3.16310077 -4.42365602 -3.54122115 -0.97125967]
 [ 1.18043955  2.87817985  0.76252395  4.02814287  3.29193249  1.49373251]
 [ 4.17173868  2.58328178 -1.75377358 -0.19602791 -2.19051302 -3.7021229 ]
 [ 3.60389711  1.79609222 -1.18638013  1.91893553  1.14532425 -3.7634902 ]
 [-0.57902398  2.10123968  1.96194622  3.2271179  -0.45229069 -1.18886475]
 [-3.35176836 -4.64209519 -1.16795147  4.41099924 -0.40517508  4.04761466]
 [ 3.15856836  2.36721003  0.97032239  2.33008129  0.06160694  3.36221611]
 [-1.38357062  4.95009396  1.90804144 -1.12621798  0.92163119 -4.50971625]
 [ 0.09842468 -1.17931772  4.05142274 -3.8901914  -1.18268491  3.51521467]]
