[[ 4.28242366 -3.71431408 -3.81801017 -1.66437331 -0.53380293  0.63923468]
 [ 1.73035272 -4.03836058  2.65807404 -1.4211585   0.47927194 -4.68411237]
 [ 1.27306898  3.85862487  3.40852084  2.69957322  1.57205755 -3.19485238]
 [ 2.4444751   0.59473876  4.94549587 -2.1436475  -3.81613512  2.19223078]
 [ 1.80796859  2.93360162  4.60729496 -0.93432444  2.02056892  3.82099836]
 [-0.12466006 -3.1610017  -2.18510708 -0.24119175  4.93245105  2.80295139]
 [ 4.49497447 -3.57840875  4.23406999  1.61934384 -1.65802196  0.90150137]
 [ 0.06838386 -4.64467686 -0.25186663 -4.51009116  2.52774572 -0.08551105]
 [ 2.25921176 -1.79416342  0.5149122   1.02109678 -3.53044421 -3.62500312]
 [-3.75279822 -4.83388139 -0.38953868 -0.11191588  2.12389099 -1.82174989]
 [ 1.09168999 -2.95386673 -0.45344253  4.86308876 -2.66264254  2.96401435]
 [-1.59012892 -0.19686515  3.62294463  3.38858629 -4.59093529 -3.11888556]
 [-4.17450606  4.02785696 -1.50402933  0.41460665 -0.36024516 -4.5441577 ]
 [ 0.34389831 -0.11122095  1.09604002 -4.81002263  0.25613722 -3.97956214]
 [ 1.33891013 -3.88230092 -2.39207737 -0.85720331  3.69859059 -3.47558446]
 [-3.82820084  1.88290467  2.25558503 -1.38704697 -4.48520612 -0.51456005]
 [ 3.27559544  4.2475805  -2.75650117  0.28751183 -4.8247908  -1.19694388]
 [-1.35173479 -4.33072745 -3.46942261  0.77748627 -2.56647842  4.5390912 ]
 [-4.85354812  0.38109054 -2.56124985  2.84957746  0.401862    1.23047902]
 [ 4.10788572  1.28085946 -4.25700145 -2.37294029 -1.0476603  -1.60662406]
 [-1.90469453  1.72557296  4.41356181 -4.16664885  3.49419299  1.4454561 ]
 [ 2.93181888 -4.15621905 -4.0099547   3.21493232 -0.68812575 -2.95962246]
 [ 1.45149609 -4.91107105  0.72140077 -1.94901371 -1.88242892  3.30457679]
 [-2.69248186 -3.30543235  0.14556405  4.38147595  4.39746383  0.01383101]
 [ 3.61311252 -4.60517266 -0.93730668  2.47426659  1.73382841  2.48600054]
 [ 2.65356951  3.5607968  -3.21875417  3.47330701 -2.42468791  3.59586372]
 [-3.13398198  4.66845272  0.009612   -0.55370136  4.00057854 -0.27336804]
 [-4.39797665 -3.41884058 -0.1832675   1.48143014 -3.18969858 -0.32360099]
 [-1.21855339  2.74637496 -0.7278629   1.98005439  1.88707358  4.81753719]
 [-1.76599636  2.16476188  1.68551502 -1.68557669  4.68315955 -4.79194821]
 [-3.23828051 -2.02376616  4.84158996 -2.76084744  2.38058635 -2.23606659]
 [ 0.8842864  -0.56009105 -2.00917169 -3.92853882 -4.02363018 -0.61658492]
 [ 3.05085928  1.64835455  4.08870538  3.93856698 -2.33509145  2.03084025]
 [ 2.36201276 -0.4385222   2.01786538  3.65021296  3.82128455 -4.98860017]
 [-0.55289817 -2.06825659  3.81417907 -0.03901109  4.62745894  1.55579843]
 [-4.9485158  -1.09389372 -1.10806539 -2.25518836  2.90826289  2.40623108]
 [-0.75432004 -1.32773649 -4.26445808  2.11744498 -4.98188199  0.39482188]
 [-0.20435377  2.80106627 -2.52736957 -4.31689317  4.07884287  4.15527532]
 [-3.50132391 -0.33216164 -3.52535867 -1.05866568  3.62024813 -3.35198786]
 [ 2.67412286  4.982653    0.63233572  1.0592131   4.34705216  0.79059777]
 [ 3.76886214 -0.80876342  4.37108759 -3.71429886  2.89996935 -1.72916423]
 [ 0.23167658 -1.56432335 -4.53077228  3.57145294  1.19271252  1.07180406]
 [ 0.70352715  3.35918361  0.99000144 -4.50135126 -0.66233591  1.40859698]
 [-2.52840986 -0.74247029  3.21125203 -3.87077425 -1.96793618  3.65596814]
 [-4.10117975  2.32657993  3.32901253  3.02809951  3.29894231  2.73983676]
 [ 4.86899833  0.83582818 -1.84344439 -4.08050697  1.17071816  3.12886919]
 [-3.97681786 -2.28164848 -2.78906973 -3.15248888 -3.40401129  1.7928803 ]
 [-2.64617282 -2.56105394 -2.09182219  4.40412718 -0.21004894 -4.16689313]
 [ 2.13906259  3.44797763  3.06139894 -0.73462371 -4.29729912 -2.63897889]
 [-2.791859    4.75690728  1.36944591  2.54758369 -1.14033373  0.98342097]
 [ 4.69551276  4.43220663  1.2578288  -0.31603611 -1.26415863  1.74742436]
 [-3.30236888  3.6516527  -3.28601159 -1.28808192 -3.09776089  0.48281622]
 [ 4.2532338  -1.71835075  2.59585505  1.33484813  4.75645521  0.26272546]
 [ 0.99660352 -2.6546515   3.98804486  4.2487993  -0.1316449  -2.14551315]
 [-0.02280928  0.73169148 -4.49567355  0.6086725  -1.76051262 -4.09955381]
 [-2.21468763  1.32407901 -4.99998588 -0.66341611  0.67577803  3.48108648]
 [-0.95863383 -4.39572757  2.51868005 -3.31806516 -4.13717764 -2.03548692]
 [ 3.94791019 -1.27034889 -0.80862023  0.48776221 -3.75926501  2.53410106]
 [-2.03153681 -3.99629277 -3.67970368 -1.88848232 -1.4115636  -4.3437635 ]
 [ 3.40512024  3.24072325  0.25984149  4.96175653 -2.98436483 -2.28770423]
 [ 1.5738313   4.53880216 -4.74970524  2.25083069  2.19255536 -1.37406368]
 [-2.91316302  2.42506245 -1.6473097   4.54451694 -3.98621875 -2.78648923]
 [-4.37057446 -1.4729813   0.83362552 -2.50046777 -1.47163639 -4.39776018]
 [-3.56002535  3.12328447 -3.09260344 -4.96267499  1.50970193 -1.02044913]
 [ 3.19518718  0.11360416  2.83233386  4.01362522  2.57477842  4.48303834]
 [-4.7278454   0.04850478  2.3822949   2.95765127 -2.184308    4.34960499]
 [-0.63026227 -2.30345298 -4.82755957 -4.67031265  0.86761909  0.18231594]
 [-0.41592632  2.02134844  0.40123725  1.74343287 -4.70156731  4.01271827]
 [-4.61229791  0.47193593  2.99384845  3.85764673  0.78765411 -3.80249897]
 [-0.84978045  0.30540538  1.81753693  0.17513602  0.06177803 -0.68904525]
 [ 0.60512094  2.59828035 -3.024337   -2.54036734 -2.89928133  4.95411223]
 [-2.33915778  4.33611061  3.6442386  -2.82427653  0.03554682 -2.69175084]
 [ 1.953625    1.01643735 -0.65753634 -3.56956111  4.15377262 -1.16469616]
 [ 4.91678887 -0.9540521   2.04922758 -3.49810442 -2.15309658 -1.49627887]
 [ 0.53882462  3.94740789 -1.33713174 -3.07674202 -0.8128881  -3.69927205]
 [-1.46835439  2.14248339 -1.20336351  4.67488354  2.76078349 -0.84672022]
 [ 4.52429535  1.05780362 -1.6703679   2.3390304   1.40942044 -2.46434184]
 [ 3.65968186  1.43344337 -4.12305852  1.24314746  3.26659683  3.24740258]
 [-2.05388372 -3.03092725  1.59454922  1.85424097  0.99615531  4.69287564]
 [ 2.86307928 -2.52762827  1.44357565 -2.94850063  3.09795462  3.89346433]
 [-1.14895873 -2.85712719  4.74207072  0.90801209 -3.30235279  2.11237541]]
