[[-1.74995879  4.83267878  4.94901603 -1.9045306   1.78596033 -1.63854632]
 [-4.95818653 -3.14178721 -0.65422084  1.52738285 -4.75574117  4.87920204]
 [ 1.16793287  2.74654647 -4.76680801  1.94678755  4.59968572  2.79007332]
 [ 2.96951283 -1.28327796 -1.47595099  2.03033268 -1.73601578 -4.29698222]
 [-3.88976498 -3.35219337 -1.12413559 -3.31138365 -3.25358713 -0.7217139 ]
 [ 0.08062074 -0.89770195  2.33164785 -1.19344746 -4.4576865  -2.86220931]
 [ 3.2853086  -4.06260131  4.59117457 -4.13579771 -4.20625077 -3.31379112]
 [ 1.40877074  4.29303134  4.09266858  3.9240936   0.40485524  3.40491041]
 [ 4.87270697 -4.20242007  4.07211106  4.04506936  3.38827556 -3.43111602]
 [-2.65095619  2.13054607  1.64687516 -3.11795106 -2.08954216  3.86674567]
 [ 4.1120066   3.34048558 -1.93563542  0.28277792  1.92377749 -3.40125917]
 [ 0.09363095  2.78727212  0.94794903  3.39366733 -1.53170706  0.93348881]
 [-2.45345846  3.33073778 -0.25908312 -3.29330819  2.41499719 -0.78422643]
 [ 4.11983499 -4.37983019  2.4843479  -4.7012558   3.86886734 -0.31514581]
 [-1.88791758  1.09418079  2.51590129 -3.66484617  1.1724939  -0.71824788]
 [-3.33568576  0.05337044 -4.27312086  1.66646094  1.24336525  1.37092112]
 [ 0.56850724  1.49570258  2.23514642  1.49561189 -0.63074533 -1.06140939]
 [-2.59014373  4.0925171  -2.60146535 -4.66423662 -0.70150673 -0.28294518]
 [ 2.8276524   1.10107681  2.88985422  2.07925915  2.87178664 -2.16282429]
 [ 2.88325076  2.76003401  1.56224806 -1.81268856  2.59902395  4.53761501]]
