[[ 4.40535463 -0.11885627 -1.18043842 -0.85560592  1.79553072 -1.74887129]
 [-4.98789954 -0.06238954  4.45273304  1.11976505 -4.19520867 -3.8743324 ]
 [ 1.18659128 -4.65825031  3.95199357  1.52550376  3.10565582  1.80248628]
 [ 1.72837319 -3.2718136  -3.58821196  2.80773576  4.9091449   0.54182081]
 [ 1.45319485  0.26716385  1.07253354  0.37800207  4.91413591 -4.50083292]
 [ 3.50268552 -2.93542591 -2.57923798 -4.39032147 -2.58781974 -3.86031683]
 [ 1.37516801  4.85488806  1.53861257 -0.55954482  2.20496396 -3.02825035]
 [ 3.34418824 -2.62528727  0.03561404 -1.7757381   2.62137722 -3.12567987]
 [-1.10750864 -2.45493688 -1.12549558  4.70648431 -0.26613355  4.37869269]
 [-2.90939592  1.47246924  1.54094465 -0.39929926  4.72937952  4.23060468]
 [-0.67622211 -2.41013102  2.48342813 -4.66504727 -4.26439089  2.38833751]
 [-3.18277617 -4.49603841 -0.18166406  1.40424994 -4.3353211  -3.97337629]
 [ 1.55665554  1.59518197  4.5259682  -2.40484368  4.32498316  3.47473156]
 [-2.39310591 -1.46932573 -0.54802679  1.06909115 -0.97375471  2.66280494]
 [ 1.34009668  1.4056286   4.52567175  1.43143753  0.19999401 -4.64670543]
 [ 2.94360426 -1.01166973 -4.3718428  -4.58164741  3.82983572  0.15674533]
 [ 4.55790858 -2.16090749  2.51735002  1.99442292 -2.19774674 -0.78805578]
 [ 4.33780426  4.75829141 -2.1819724   3.35528154  3.15201779  1.06288892]
 [ 2.14532512 -3.68120132 -0.0586776   1.58773911 -0.49605429  2.59341692]
 [ 3.46807465  0.127875   -3.63844829  0.90200281 -3.27024969 -2.33740213]
 [-0.7941344   2.57807643  2.15128722  2.99197691  4.86179851 -4.97978351]]
