[[-4.66671714 -4.82712585  0.58205693  0.95823237  2.71845829  3.73468525]
 [ 4.61261926 -0.58943609 -4.97237054  4.97572888  0.55672911 -0.08698061]
 [-0.42082658  3.3266655   2.3797466   2.55482855  1.60064393 -1.98314984]
 [ 3.27910998 -4.85507877 -2.61055112 -3.13835161 -1.79006502 -0.1545506 ]
 [-3.34445124  2.88343263  2.08433521  0.02182921 -3.22409496 -4.45327637]
 [ 0.64939306  0.57054071 -0.48686467 -1.43046843 -2.04369483  2.76777902]
 [ 3.63847149 -1.12991096  4.69770593 -3.8257984   0.55737383 -4.01404914]
 [ 4.66363521  4.54768152  4.48932186  2.46037472  0.91574229 -1.16062388]
 [ 2.36652309  4.74598856 -2.32185509 -2.36680207  1.33709537 -2.95064099]
 [ 3.15963196 -4.13255834 -2.01626778  3.60131365 -0.22908345  2.89137814]
 [ 0.35041302 -4.59443885 -2.91915955  4.80866993  3.37094296 -0.32143001]
 [-1.38687279  3.63453428 -3.97450028  4.48091224 -2.23137611  4.71049545]
 [-2.89317791  1.12756812  4.64294418 -2.95524795  1.24972926  0.68966875]
 [-1.61486465 -0.37300012 -3.53466342 -4.6576278   4.82126462  0.11564409]
 [ 1.97151902 -3.14004127  2.81819623 -0.79589762  3.83848876 -1.76922066]
 [-3.90654802 -4.92262685 -1.6138418  -3.7575408  -3.55600407 -1.52847403]
 [ 4.64888518  3.00705589 -2.37726282 -3.80772852  4.05316099  0.62263787]
 [ 1.60534757 -3.82189413 -2.34586614  0.93361644 -2.60232848  2.32428667]
 [ 4.97348492 -2.14410793 -0.67057855 -3.06135829  2.23827514  0.99354898]
 [-4.3445163  -1.78822642 -0.87418902  0.99064961  0.67418756 -2.6309762 ]
 [ 0.73331747 -2.18770259  1.30782858  1.45943494 -3.60735776  0.08427281]
 [-1.00389118  1.83453374 -0.31290117 -4.14129274 -0.43300066  4.75574168]
 [-2.07944147 -0.97329641 -4.31403896  0.12660523 -4.80212061 -0.92285036]
 [ 3.78991701  2.85407981 -3.23445606  4.13832889  1.71707252 -0.24023053]
 [ 2.82944643 -1.84869638 -4.13199212  2.38135545 -3.96484165 -3.61862294]
 [ 2.55227184 -2.10263419 -0.29367188  0.25083636 -3.72006032 -4.19071635]
 [-0.55372877 -4.59383912 -2.5673167   2.08831168  1.86480698  3.37844449]
 [ 1.43507727  3.72752446 -0.7840912   2.68387984 -0.11423202 -0.87124271]
 [-3.30894216 -2.16541369  1.68929165  4.88197893  1.35449869 -1.73974425]
 [ 1.54040586 -3.2399824  -2.37377778 -3.95437837 -0.35098984  0.2290219 ]
 [-1.34242448  4.5028359  -2.74055909  2.77040623 -4.10726062 -3.34365013]
 [ 1.41440871  0.7207019   3.85041815 -4.99846562 -0.35557369  2.16784736]
 [-4.37552912 -1.21457282  1.72211038  1.38979204 -3.97764448 -2.00969256]
 [-2.0660411  -1.54857986  1.75002782  0.47887078 -1.23870044 -3.05908495]
 [ 2.68929349  3.20360305 -4.68291569 -0.44729751 -2.25792291  0.99120416]
 [ 1.89265682 -0.70004066 -1.75013435 -4.83243894  4.96265642  2.15845557]
 [ 3.33516987 -0.01206285 -2.59234102  0.38677756  2.38558241  0.90598667]
 [ 4.03946201 -4.82450445  2.92563812 -2.53463163  4.68633396 -3.15058133]
 [ 2.07016044  4.65849032  3.26401854 -0.84791434 -1.21138745  2.90340059]
 [ 3.19696786 -2.22471561 -4.24637448 -0.34498774  4.21347462  0.88634331]
 [-1.42737034  4.13472416 -3.79211114  3.69856806 -0.73346308  1.20932776]
 [ 1.47080806 -2.91447588 -0.84097917 -0.89778725  3.98359816 -3.54837179]
 [-1.04108235  3.00645232 -3.87357971  1.90675092  1.91218853  0.50896125]
 [-0.35046705  4.0239148   4.551326   -3.47080508 -0.96280576  1.14840948]
 [-0.08612804 -2.78318035  1.24323134  3.29572397  2.36195992 -2.50288012]
 [ 1.35092892 -4.49072297 -4.37866869  4.4414894  -3.78766441 -4.80859096]
 [ 2.85425222 -0.86034965 -4.67766572 -3.58679268  3.12955174 -4.20290984]
 [-0.84855177  2.86634083 -2.31089414  2.90104925 -1.61023574 -2.14371926]
 [-0.34750562  4.5789485   3.94263542 -4.06214957  1.98096282  0.90398819]
 [ 1.7439371   3.86280845 -4.8853467   4.59091828  3.88124015  1.52355026]
 [ 4.76499033 -4.98242414 -3.60030677  4.7905614  -2.01791912 -4.36449293]
 [-4.78110961 -3.78246543  3.38160935  1.34600772 -0.20912124  3.94703023]
 [ 3.02489414  3.04623803 -2.77655037 -2.46447397 -0.63249337  2.77363797]
 [-4.86644093  0.14851055  3.78941052  4.04654101  3.84722561 -2.89247467]
 [-1.9817186   4.8317244  -3.15311011 -4.58479176 -2.77472653 -1.09786774]
 [ 2.43202585 -3.97618515  0.51380077 -4.19261953  3.39037248 -0.78147707]
 [-4.63684622  0.78371637  0.90889677 -4.03939529  3.43089119 -1.94105894]
 [ 2.12700264 -3.14888994  3.73854808 -4.00477429 -3.53463202  0.75059337]
 [-4.92540033 -3.26680085  3.39516771  4.76522977 -2.73382483  2.08709716]
 [-0.59342237  0.97707087  2.39218766  0.78449637 -0.71607801 -4.45983544]
 [ 3.61526165  4.98113737  0.32486489 -0.15664564 -1.32175241 -2.10012071]
 [ 4.36427767 -2.48265587  2.16510836  1.98410822 -1.35578179  3.77220911]
 [ 0.50781629 -3.88696778  0.28836106 -1.85139982  0.87153327 -1.50262747]
 [-1.53573295  1.0473738   3.58662905 -1.76020944  0.20865807 -0.58005745]
 [ 1.89649797 -1.96076678  3.23967682  2.94900784  0.54767248  2.67956097]
 [-2.0645286  -4.9574181  -1.37435363 -4.25928562  0.95611965 -2.13814926]
 [ 1.86333454 -2.62474306 -2.50516039 -1.48874366 -4.17967396  1.70251726]
 [-2.63399713 -4.62820853 -4.24179279  3.14039056 -1.19162958  1.84562345]
 [ 3.52032217  4.11305771  2.39720198 -3.61420581  0.02282997 -4.01256549]
 [ 3.74278284 -0.00521249 -2.71798757  0.59456608 -0.26589211 -2.31681013]
 [ 3.60241297  3.42990157  2.97175658  4.2408152  -2.52125397  1.96524677]
 [ 4.60723918  3.33310791  0.38145298 -3.0615657  -0.94505666 -2.38515805]
 [ 3.98108179 -3.14847819  1.0140186   1.44101977 -2.81406943 -3.44023217]
 [ 4.26520374  2.03199156 -4.26863258 -1.7789372  -1.2244077  -2.45253875]
 [-0.95426466  2.07082907 -3.13093357  0.99278227 -1.98322268 -1.47104015]
 [ 0.31157354  1.75223017  3.28865654  3.92632214  1.3237078  -4.33698726]
 [-4.27090504 -2.57423353  4.24626284 -3.7155854  -2.27492806 -4.33565408]
 [ 4.71781917  0.17999857 -4.60789941 -4.03195178 -1.05723063 -0.06197555]
 [ 2.16284747  4.78515713 -2.31153832 -3.67261014 -4.1654641   0.03674897]
 [ 4.17071128  0.29370466 -2.6449152  -4.78952962  3.21703049  1.05841905]
 [-0.22865897 -0.91727886  4.7508311   2.70633985  4.49501296 -2.7598778 ]
 [-0.13537214 -0.08107029 -3.00690527  1.07910867  2.38355185 -0.7279534 ]
 [-0.60238657  1.43172604 -4.30665948  1.63316917  1.09032954 -2.55579446]
 [ 0.45539667  3.99802868 -2.35384099 -1.67835979  3.69321156  4.61150653]
 [-0.22408202  2.75382211  4.70550361  3.50081094  1.80903423 -4.9064538 ]
 [ 1.64038764  3.21705771 -3.84138735  0.30991109  3.8275837   4.74194947]
 [-3.87847995  4.71213776  4.66043926 -1.15776597 -3.95923181  3.69657897]
 [ 0.2526808   0.54550111 -2.74593851  0.75349291 -3.27038963 -2.93519883]
 [ 2.29897336  2.53461913 -1.81018703 -4.9473345  -2.88825078  4.72618944]
 [-4.47884537 -1.60452221 -1.02167092 -0.65331649  3.72740657 -1.85626272]
 [ 0.33006224 -4.74427169 -2.30098385  2.72393773 -3.01634741 -0.80866581]
 [ 3.94796925  0.7343957  -4.97535513  3.2454236   1.65332708  0.62680293]
 [ 0.13038794 -1.20651354 -1.11073482  2.71697755 -3.93971592 -1.88222171]
 [ 0.0053557  -1.31678101 -4.78454712 -1.21821048  0.8159204   4.85895332]
 [-4.39126412 -4.32590042 -3.86408944 -0.81796558 -2.60911298 -1.32114287]
 [ 4.61048637  2.76429502  4.14739421 -4.21257027 -1.621678    3.80799145]
 [-0.26432537  3.43563904  1.33238326 -2.39507519 -2.76375135 -1.12525677]
 [ 1.34100674  4.92290343  0.30923882  4.42909594  3.71570399 -4.82653548]
 [ 4.44427724 -0.18536498  1.70982104  3.70370758  2.64997521 -4.69216588]
 [-4.57331062  2.39459616  0.55728744  1.75325292 -2.58194642  0.70633627]]
