[[-2.79243475  0.54824962  2.17932653 -1.18122024 -0.0567022   0.34777468]
 [-3.06046909  1.1961422   2.48341061  4.42605211  4.10481748  0.87860412]
 [-3.43835661 -1.00262796  1.78551626  1.62349557 -0.37143643  2.82572853]
 [-4.4136663  -0.20489186 -2.42567555 -4.58751258 -4.23921631 -1.39074908]
 [ 3.01793755  0.31242582 -3.68830173 -0.53145795  0.42671462 -0.57845921]
 [-1.16801065 -1.96900041  4.54690507 -4.17011364 -3.14527108 -0.63552859]
 [-2.33869468  2.8057367   2.58134762 -3.87300093  0.07759817  3.7106535 ]
 [ 4.85293049 -4.42224732 -1.14512975  4.59205692 -2.75197914  4.4046485 ]
 [ 0.20796874 -3.16348793  3.13133067  2.81064017 -3.58891687 -4.75681793]
 [-3.21199672  3.53845507  1.26880446  4.47153284  4.22302204  3.12521924]
 [-3.1886072  -4.7516574  -4.96980652 -0.6018815   1.51747829 -1.4851174 ]
 [ 1.52336863 -0.3296909  -4.17430911  1.90669564 -3.36042821  0.79417783]
 [-1.63167951  4.68354924  1.98923712 -4.09324783  0.30222322  2.41101733]
 [ 2.73879309  4.10468584  4.47401379  3.39119544  3.41834107 -4.09883853]
 [-0.95465685  4.48749559  0.01197718  4.75518523  1.14654048  1.75704955]
 [-2.13824039 -1.83040041 -0.48530925  0.02747108 -0.01802733  3.15036374]
 [-0.18267776  3.93045734  2.94232393 -3.76433861  4.53534271  3.90177035]
 [-0.26813595  2.43712504  2.27543494  4.57260463  2.09769817 -2.10966558]
 [-0.59100347 -2.60988526 -1.49375638 -3.08861598  2.2085912   2.28934133]
 [ 0.38015113  1.12742542  2.35141585  3.22305923  4.55167546 -0.15583125]]
