[[ 0.48702159 -0.56185066  0.35503598  4.86941825  4.68922663  3.64455599]
 [-3.58934143  0.34057833  1.06086651 -2.1952808  -1.17171086 -3.02673218]
 [ 3.59210492 -4.82803599 -2.81999965 -0.67864266  0.09035529 -4.96081555]
 [-1.64872801 -1.48929682  4.29546314  1.42097943  2.89730449  1.4625314 ]
 [-1.0423977  -1.73118081  2.45818821 -1.34025583  1.67712667  2.91830996]
 [ 0.58917756  3.15625875 -3.09455151  2.58878825  1.5991245   2.40483907]
 [ 1.17489171  4.61899175 -3.6090995   1.42070337 -3.02405633 -2.10104575]
 [-4.07152466 -0.1873936  -0.19180217 -0.79064418 -0.25581416 -4.72282784]
 [ 0.12174811  3.11018192 -1.34043312 -2.94875253 -0.50636297 -0.38323914]
 [-4.03586841 -1.48938902 -0.86256478  4.89095397  3.55353421  2.17071459]
 [-3.43465006 -3.20982413 -3.04341243  3.29649437 -1.7672233   2.27898013]
 [-2.49038721 -2.81175828 -1.65826955 -0.296174   -4.81091322 -4.9375983 ]
 [-2.14807498  1.90564405 -2.21212039 -3.98176665  1.64048813  0.37350101]
 [ 0.6148215  -2.37610537 -3.94887074 -2.1759205   1.27704247 -2.02297231]
 [ 4.65690603  2.59126101  0.46937711  2.26263115  1.45087046 -2.34253427]
 [ 2.48021123  1.01955825 -1.38949299  4.14851971  4.84447576  4.2768697 ]
 [-2.86288016 -4.34200983 -3.99956913  0.98324585  2.95383905 -2.19525798]
 [ 2.07771731  2.00984304 -4.43112505 -1.92254421  4.12388823 -0.70164897]
 [ 3.13004547  0.51573572  4.95106467 -4.86720923 -3.64725925  3.00688376]
 [-0.42421459  1.71964529 -3.15545039 -3.05995969  4.27583443  0.03875088]]
