[[-3.56188285  4.57403588  1.62879118 -4.39874825  0.48124186 -0.69997861]
 [-3.89690243 -0.97252137 -0.34049158 -3.24446136 -4.6337417   1.36011502]
 [ 2.22162421 -0.42270091  1.31501043 -3.97725086  2.98917965  2.10664272]
 [-2.83788971  1.27578692 -2.28658558  4.44947623 -0.59600987  0.73921697]
 [-1.58166209  4.11257664  3.09331041  4.76620838  2.10303004 -2.69135955]
 [ 0.88556583 -1.69060138 -3.7849444   3.89874676  2.35891788  4.08946542]
 [-1.03099553  0.72871071  4.39854541 -4.76684595 -2.52626592  2.91033249]
 [ 4.13640126  3.44720118  1.45526002 -2.73259999 -0.41510377 -2.97743965]
 [-4.26115316 -1.40195127  0.14396608  1.48921906  4.23859703  3.62875848]
 [-0.35913371 -2.74304754  3.61283479 -1.18131921 -4.78497053 -2.78459156]
 [ 1.7976484  -0.67138615  4.81063218  0.74850113  3.74295712 -2.2834186 ]
 [ 2.9177452  -0.49313115  1.76830133 -4.16164162  3.82722703 -3.97755066]
 [ 1.10837042 -2.48883644 -2.24661507 -2.25194913 -4.97776426 -1.8880559 ]
 [-1.20121602 -4.25839293  3.65132476 -0.90627633 -4.36820751  2.86509629]
 [-3.46934327  2.76136969  2.3513654  -2.63963794  4.52459792  3.82682868]
 [ 3.35523417  4.73669289 -4.08813814 -0.01030726  0.29184567  3.04575262]
 [ 4.03519747 -1.06556419  4.89353506 -2.48225077 -1.72943041 -0.54998724]
 [-2.1112121  -2.00674802 -3.54937612 -1.93239226  3.45231758 -4.61231972]
 [ 1.22028928 -3.76817749 -0.88533464  1.7349809   4.69541693  0.097207  ]
 [-2.91654362 -3.81980616 -1.32943798  2.25074211 -4.13759438 -2.49590029]
 [-1.35688608 -1.66384132  0.32938722  4.00699185  2.57315411 -3.74764445]
 [ 0.62590861  4.32516224  0.57986598  3.73504611 -3.04128658  3.33671673]
 [-4.5241838   0.2251501   4.22747098 -0.60778543  1.45071386 -1.49676614]
 [-1.96668483 -4.89085993  2.68006261 -0.44446417  1.17998928 -3.89490695]
 [ 2.69876647 -3.96445066  0.65829343  4.26294362  0.13872823  3.2809299 ]
 [-2.29000877  2.03434864 -0.0139673   0.08434139  4.93839886 -1.67127337]
 [ 4.73450499  0.89475641 -1.79936768  4.85266758  0.8785763  -0.11600574]
 [ 0.98337175  3.79311685 -2.57532268  2.09055133 -3.54707492 -2.10238319]
 [ 3.76157682  2.70832752 -1.12604538 -3.87153128 -4.49796603  0.50485812]
 [ 2.35946796  0.14379035 -4.42412961  1.64519907 -2.77826644  2.24275168]
 [-0.27372208 -4.17862006  3.36697714 -0.56592128  1.96572759  3.72882437]
 [ 4.39301712 -4.5639216  -0.50466168 -1.25560773 -1.544378    2.64649697]
 [-1.73442091 -3.25531983 -1.54535869  2.38952787 -2.66543382  4.49889056]
 [-2.70988697 -3.6282784   1.14816018 -3.61413203  4.29631897 -0.2930362 ]
 [-3.9868938   2.89558959  3.20495025  3.56643039 -3.19645426  0.29071719]
 [ 2.77957152  0.9998652   0.82725459 -1.49447648 -2.42184527  4.77401761]
 [-4.8202636  -3.05948617 -3.92375364  2.77458634  1.21218212 -1.36173394]
 [ 1.55842065  4.50691473 -0.91363333  3.412023    4.70559537  1.62091776]
 [ 3.25997834  1.71555773 -4.78836856 -0.16290788  3.06570699 -1.09942033]
 [-2.16804592  3.15934422 -3.37963634 -1.63136753 -3.75581392  1.03141826]
 [-3.74427646  2.38380947 -3.19021292 -3.68502492  1.62955791 -3.31250383]
 [ 0.21060723  3.99171174 -1.96540811 -4.59538371  2.60014719  1.72891081]
 [ 0.36285994 -2.37011064  4.32218575  4.63357233 -1.17389004 -0.98579247]
 [ 1.87901206  1.86627029 -4.09728947 -2.93580724 -1.50607308 -4.2608875 ]
 [ 4.65014275 -0.03451848  2.02171913  2.43630698 -3.80172795  1.45879942]
 [-0.66570766  4.96948549  2.90802466 -0.93229867 -3.94108165  0.37964578]
 [ 2.47616499  2.43457717  2.81704725  2.95448245 -2.91652387 -3.53033964]
 [-4.66599208 -2.92030334  2.48150366  2.66204461 -0.89848149  0.80086649]
 [-3.23275839 -4.79612716 -1.43087269 -2.32979392 -0.66973557 -0.33261294]
 [ 3.06788387  3.25411227  0.24307735  1.3513033   3.26424396 -4.9860093 ]
 [-3.1607157   1.60406566  1.91241203  0.23477999 -1.27883076  4.57634943]
 [ 4.41824169 -1.96572561 -2.00698846  3.12374016 -3.47727978 -3.12912638]
 [-0.5225836  -0.78348774  0.91144444 -4.95419203 -1.02426549 -2.16714876]
 [-4.93681485 -0.20614229 -3.12156412 -3.15676452  0.69424457  1.92087892]
 [ 3.53399431 -3.42211273  2.1594495   0.84035558 -0.26313685 -4.44055718]
 [ 0.45780679 -1.34734937 -4.99998267 -1.98135992  4.05799234  2.34328938]
 [ 4.88060002  0.5981773  -0.2235348   1.08848639  2.8661069   4.1873643 ]
 [ 0.09345127 -2.12161775 -2.65910422 -4.388022   -1.8393897   4.24639675]
 [-0.81515822  0.44897917  4.06008919  4.17296354  3.61615277  2.45175952]
 [-0.04014152  1.51117932 -4.38105391  3.27603125  0.97479945 -4.19461884]
 [ 3.90903262 -2.58341072 -2.81392558 -3.42209405  0.32349684 -1.6078999 ]
 [-1.38431184  2.16215277  4.61240974 -1.77588126 -2.01340534 -4.74466371]
 [-4.22752321  1.19589223 -0.70949054  0.45682106 -2.13142493 -3.40365206]
 [-2.43888189  3.61710945 -2.89646877  0.99901233  2.20116889  4.97633946]
 [ 1.99978332  3.76577507  3.90458163  0.32217114  1.72456102  1.15333806]
 [ 1.42069399 -4.51543917 -4.69282006  1.8833708  -0.14940128 -0.83540226]]
