[[-3.45341915  3.37826541 -3.50740224  4.17232366  2.40688046  2.83138823]
 [-1.84860867  4.98021837 -4.48901803  0.53696816  3.32626756 -4.14515722]
 [ 1.57453374  1.61052999 -2.29593422  4.65487727  0.43382838 -3.4352996 ]
 [-1.38742398 -0.18660039  4.34988137 -4.89881567 -1.27704131  3.11322556]
 [-4.83150215  2.74295756 -4.0941821   0.8574151  -1.31280963  1.36151041]
 [ 1.26644699  3.48081015 -2.45611374  4.78975575  0.84927507  3.73290638]
 [ 4.77733413 -1.01072725  3.76029138 -2.44785712  3.33199377 -0.16728144]
 [-4.71536888 -2.8461695  -3.79656431  2.07108613 -2.58047493  3.73499881]
 [ 4.97924411  3.43564486 -4.14595321 -0.0160475   4.93360695 -0.99349516]
 [ 3.58301637 -3.97608465 -4.27637441 -3.06210151 -2.6794588   3.64633342]
 [-3.16252928  2.71631393 -3.23882154 -0.89604726 -1.50729864  2.40314871]
 [ 4.27741775 -2.58582037  1.55506327  3.89021373 -1.50036892 -0.76936265]
 [ 3.21052974  3.34603483 -3.82986307 -0.60514709 -2.07005868  2.85883256]
 [ 4.40348672  1.35468744  3.67047637 -2.89813498  0.06704784 -1.06699016]
 [ 3.49499317  2.80431558  0.17917981  3.10958937  1.0093896  -0.19718751]
 [ 2.98195963 -3.31768517  2.63766676 -3.86883455  4.68341834  3.381321  ]
 [ 4.25456448  4.19866303 -0.02619122 -0.47376558  0.77120032 -0.35852913]
 [-3.74215976  1.24613399  3.40760106 -3.41326799 -1.71034489  2.20412871]
 [-0.67448043 -2.36231561 -0.93812292 -3.91992412 -1.17612349 -2.65913918]
 [-1.85453634 -4.03015405 -0.40760443  2.81513559  2.70692701 -1.38808046]]
