[[-4.84312729 -3.46510296  2.67823061 -2.01014556 -3.14844398  0.62754901]
 [-3.23854983 -0.37906121 -4.39899285  0.72615891  4.96313185  1.28005656]
 [ 0.65430968  2.79324053  2.9626208   2.36151785 -4.31745892  0.14476106]
 [ 4.75482992 -2.40723694 -4.07001469 -4.70898383 -3.27756884 -1.30523235]
 [ 1.65234826 -0.36351617 -4.59742462 -4.71988823  1.98988685 -0.73758924]
 [-2.09577906  2.26641482 -4.09249227  4.90012167  1.2619109  -2.677945  ]
 [ 1.7326077   2.4236758  -4.8049942   4.36909756  2.41687142  0.23445923]
 [ 4.56544421 -1.35960662  2.51971911 -1.19274094 -1.17460377 -1.81395167]
 [-1.57959228  2.34882148 -4.21106837  0.51943548 -2.87582967 -2.80122593]
 [-4.49927633  3.50629271 -0.31835379  1.64456002  4.04580797  2.85293821]
 [-2.58639172  2.68875142  2.21307418  4.95786702  1.9961965   1.57744322]
 [ 2.93489725  0.30759549 -4.34191203  1.79931974  3.74545374  3.41733255]
 [-3.31379192  0.07468294  3.27130308  3.15010558  3.75021506 -4.31765343]
 [-4.46527682  3.78519504 -1.4461122  -0.87958551 -2.7822635  -3.41112509]
 [-4.73857441  4.60462634  2.39727847  0.35238384  0.66410387 -0.37077895]
 [-3.43780756 -4.67369574  2.93566875  2.01929125 -4.99337867 -4.5136918 ]
 [-1.8440661   4.95787415 -0.435912    2.60193203 -0.73958306  2.975551  ]
 [ 4.32332167 -3.54305871  2.42208326 -2.63664566 -3.96098982 -3.31310876]
 [ 3.79672116 -4.38463743  4.31455337 -0.63254437 -3.64623165 -1.27749013]
 [ 1.91388316  2.09873241  1.60174247 -0.02634001  1.75874764 -4.08380045]
 [-0.832873    1.14816502  2.93931265 -2.42344531 -2.29417115 -2.7484676 ]
 [ 4.39852965  2.31820396 -0.19185859 -1.17037047  1.81535271 -1.3562705 ]
 [ 1.24788347  2.89011142 -0.03697411 -3.24849543  0.52356702 -4.03902856]
 [-2.42361724 -4.59357391 -4.38414187  1.61102531 -1.21366547  4.14029809]
 [-0.54733945 -2.00373088  0.90047291 -3.88018623  3.56411911 -4.897448  ]
 [-4.31343475  1.04316404  3.33010016  2.65548617  0.15920792 -1.50377759]
 [-3.37755299  1.96581718 -2.65333437  2.5387501   0.79659807  1.48912646]
 [ 3.99331276  4.53658608  3.17257449  3.7713599   0.4060991   4.1107179 ]
 [ 1.09306817  4.14382675 -3.7587787  -4.57316132 -3.18054808  4.46629955]
 [-3.25858843 -4.26553468 -1.96974687 -1.3749991  -3.56253209 -0.11539788]
 [-3.6178955   4.60144655  3.83494588 -4.95909479  1.18078895 -0.64088892]
 [-4.61841942  2.44060693  1.43257014  0.22767385 -1.97633112 -3.60901141]
 [-2.07067427  4.09466425  4.32124363  0.95767825 -3.92037669 -2.49408724]
 [-2.76661112  3.61096463  0.633712    0.53982261  3.66332972 -1.46640696]
 [-4.86674494  4.96170736  4.92117599 -4.28640887 -4.83409024 -1.95164074]
 [-4.22890623  2.25253682 -3.31101007  3.1392873   2.2541137  -3.74780257]
 [ 4.33270979  4.78126122 -1.26335964 -1.82188568 -4.02601092  2.25532691]
 [-2.89889361 -1.47313748  4.79736541 -0.01888758 -1.21324593 -0.29687681]
 [ 2.95641589  4.92921945 -0.13993491  2.88559958  0.80496763  0.00523343]
 [ 1.21109534 -3.07622339 -1.84145237  4.63918592 -3.55211075  3.97649389]
 [-2.55039453  0.12112754  2.43071354 -1.7113267   4.43897326 -0.52770056]
 [ 2.5307226   2.2334494  -4.96667581  4.94073555 -0.49482786  0.08904098]
 [-2.18124537 -1.01986337 -3.2396446   0.46532871 -3.1424727  -0.03236303]
 [-1.97712788  1.04831119  2.70664776  2.13177726  2.7125408  -0.88777475]
 [-0.50256267 -0.34564215 -2.83644222 -4.43945882 -1.8092984  -0.53081955]
 [ 2.82676419 -3.41006247 -2.18320493  2.53773888  3.93463792  4.97262329]
 [ 1.96091767 -2.7134556  -4.52693312  3.39975641  2.63545553 -2.2319407 ]
 [ 3.8562233   0.56702517  2.0799217   0.28305717  0.56130325  0.78063022]
 [-1.28521642  0.35925522 -2.8635745  -2.1318577  -2.93816054  0.05703348]]
