[[-2.23458762e+00 -2.04460915e+00  4.70827366e+00  1.93660264e+00
  -4.39261900e-01 -2.85287263e+00]
 [ 1.02224287e+00  5.56306670e-01 -1.94549599e+00 -1.33875520e+00
   4.49392951e+00  2.06993569e+00]
 [ 2.36269943e+00 -3.08583920e+00  1.88708080e+00 -5.12031963e-01
   6.94137756e-01  1.43007824e-02]
 [-1.79533666e-02  4.27758547e+00  2.39355644e-01  1.58761751e+00
   3.33576581e+00 -1.68219558e+00]
 [-1.42687117e-01 -1.97788818e+00  1.03291251e+00 -2.82960695e+00
   7.95137894e-04  6.05171500e-01]
 [ 4.13729946e+00 -3.23575777e+00  3.49318875e+00 -2.92197999e+00
   2.84222104e+00  3.80112323e+00]
 [ 4.67647547e+00  4.06339148e+00  3.93615173e+00  3.74879418e+00
  -4.67158301e+00 -6.04511353e-01]
 [ 7.66127268e-01 -8.43652992e-01 -3.30906360e+00  3.90926467e+00
   3.16075833e+00 -4.52498677e+00]
 [-3.67565844e+00  1.07757914e+00  2.02245054e+00  6.19553653e-01
  -4.13512481e+00 -6.88576540e-01]
 [-1.14401619e+00 -9.95393680e-01  3.01346530e+00 -2.00989116e+00
   4.36881184e+00  4.27552094e+00]
 [ 4.77720626e+00  3.90475895e+00  1.07288682e+00 -1.78403802e+00
  -3.36437055e+00  8.85721402e-01]
 [-2.09225826e+00  1.79054116e+00  3.58434775e+00  2.27030955e+00
   2.97145228e-01 -1.47747578e+00]
 [-9.16018321e-01 -4.06630969e+00 -5.26120185e-02 -1.07317477e+00
  -7.79173555e-01 -3.99304727e+00]
 [-4.33716958e+00  4.34017575e+00 -3.71961092e+00  4.74340880e+00
   1.53502086e+00 -2.35881482e+00]
 [ 4.70264865e+00 -7.03485427e-02  1.82110529e+00  4.82130677e+00
   1.48382394e-01  4.84562024e+00]
 [-5.93848005e-01 -4.39107025e+00 -2.76148180e+00  3.95311581e+00
  -3.70004781e+00  3.84199695e+00]
 [-5.30445932e-02  8.36324720e-01 -2.81461321e+00  4.23358186e+00
   2.16503702e+00  1.56360774e+00]
 [ 3.28318162e-01 -8.04045383e-01 -4.96036779e+00  2.09286701e-01
  -3.58864615e-01  4.44960137e+00]
 [-9.15742401e-01  4.07982646e+00 -4.72807395e+00  2.41546579e-01
   4.45400821e+00 -3.93221989e+00]
 [-4.90315513e+00  4.69879982e+00  7.23451241e-01 -5.98531169e-01
   1.85831125e+00 -3.15331806e+00]]
