[[ 4.30846294 -0.97399738  3.4939834  -2.96827602  0.54241084  2.82343852]
 [ 2.89730049  2.25568371 -0.38319499  0.19672729 -2.10218642 -4.25549841]
 [ 2.15934651 -0.42441577 -3.37229491 -1.01252115  4.55823589 -4.73680051]
 [-4.58601013  2.65812964 -1.40514161  0.40200501  0.31842361  0.68235477]
 [ 2.73732071  1.23535722 -1.72718271 -0.55507366 -1.32564922 -1.29625382]
 [ 1.97695358  2.42671608  4.76525666  1.32829614  3.08181912  3.17004439]
 [ 2.01806941 -4.7661858   4.793518   -4.14506688 -1.26342419 -0.75867356]
 [ 4.03016635  1.68670608 -0.39873156  1.92985991 -0.28737904 -0.70486681]
 [-0.38006215  4.58374318  4.45512622 -3.30263378  1.43452371  2.43763769]
 [ 4.55798509 -2.13043793 -0.1949025   2.20369183  4.17323183 -1.7594924 ]
 [-4.60993443  2.59646352  0.65476393 -2.04099637 -2.45057674  1.05669745]
 [-3.35522135 -1.75082372  0.52705069  1.08034777  2.09892421 -2.93220422]
 [-3.61394977 -3.4205271  -1.27595204 -2.68995558 -4.1001449  -0.84239587]
 [ 0.44653003  1.95033837  4.63076937  3.633562    1.08453129  0.04419366]
 [ 0.9684447   0.29879209  1.79401494  1.45240606  0.24804573  1.44736608]
 [ 0.54053725 -3.40470299  3.2775552  -0.82648522  4.91923706 -0.69564546]
 [-2.87278464  3.9689515   3.92919535 -1.73043299 -4.85237684  4.37564134]
 [-4.0222887   3.96835245 -4.35369335  3.42456982 -4.53316803  4.73672301]
 [ 3.96384684 -0.29710809 -0.33123943  4.69734626  0.32013311  4.39637117]
 [ 3.97391482 -0.27495792  1.81462591 -3.00124903  1.71504064  4.43098066]]
