[[ 3.10795845  0.21131753 -3.91181238 -0.68862292  3.26872188 -0.64498532]
 [-0.08738037  0.52792649 -1.84416936  3.50688371 -4.23784031  3.01575665]
 [-2.36712642  0.76928809  2.64101244 -4.95103593  0.5807537   2.37183502]
 [-3.06672642 -0.36437353 -4.75082373  1.00357118 -4.93700917  1.83809568]
 [ 2.62623994  1.24385242 -2.95302848 -1.9800229   3.01406286  0.98793504]
 [ 2.10587736 -4.35404636 -2.4704655   2.40107591  1.22828783  2.58936174]
 [-3.8032343  -2.0844793  -1.38833914 -3.65677819  3.51262718  3.20108772]
 [-4.70041856  4.89435179  3.32028372 -4.54834667  2.68201347 -2.74549479]
 [-4.10566119 -4.00531776  1.87586723  1.79763265  2.35464718  1.77007503]
 [ 3.27063561  3.49259008  0.12578251 -2.25557261 -1.68395047  1.87538614]
 [ 4.64791238  4.18906245  4.27015096  2.04202569  4.76378888  1.76742687]
 [ 2.40586104 -0.72098016  2.84253615  1.56982137 -3.26347157 -1.78446684]
 [ 0.31470834  1.75366004  0.60586829  4.01005514  0.59388939 -2.24526154]
 [ 0.08350728  0.94049901  4.26306681  1.23394515  2.87953148  4.32618932]
 [-2.59203531 -2.33012695  0.76895562  0.06287904 -3.77785734 -0.401468  ]
 [ 3.5508362  -1.54735056 -2.39022463  3.25512853  4.68343899  0.49865162]
 [-2.11795236 -2.8673848  -4.56673653 -1.37806585  0.12152898 -0.845703  ]
 [-2.19657227 -3.14083495 -1.94295274  0.52510241  1.20037974  0.47140518]
 [-1.27504534  0.05392302  2.52397541 -1.09939678  2.00833161 -1.53514429]
 [ 2.46293762  2.52019751  1.90772767  3.05539669  2.82455291  1.88585354]
 [ 3.87285821  2.35855977 -4.21641227  2.46903026  1.28613984  2.74546823]
 [-1.58479721 -0.48668917  1.43613055  4.94203863 -4.57357398 -1.1366135 ]
 [ 1.29728307 -2.20314179  0.95277253  0.64434042  2.83071248 -4.39854333]
 [ 3.92418246 -4.73887264  0.59458416 -4.68405778 -0.99876519 -0.63175175]
 [ 3.2904018   3.78431666  2.67037505  2.75923165 -2.22716849  3.50646409]
 [-2.81566745  3.53812159  1.75549215 -4.60893122 -4.92326882  0.30255612]
 [-1.54924006  3.1694073  -2.00006503  1.45462469  1.97930414  2.28336139]
 [ 1.8345305   3.32965485 -1.38992886 -4.68426614 -3.43228227 -0.63360221]
 [-4.63609775 -0.64650853  2.05323833 -2.70173394 -0.36320878  2.81357159]
 [ 0.6013897   0.099892    2.45200725 -2.1502382   1.07692811  0.19124759]
 [-3.26329164 -4.63572232  0.10640319  4.57452922 -4.71448102  0.01076431]
 [ 3.9883889   2.28289569  1.8169672  -0.9464201  -2.0861642   1.08776832]
 [ 2.44382205 -4.80786843 -3.00093827  3.22047732  0.12668334  4.07994979]
 [ 4.05474731 -3.37666513 -3.73544705  1.64363802  2.59277051 -2.40999866]
 [ 4.50485176  1.08420679 -0.14614032 -1.01776108 -1.78052862  3.90299946]
 [-3.23205859  0.28137499 -1.75131058  2.92321292 -0.7429226  -2.84689482]
 [-3.8669488  -3.16082004 -3.1663684   3.24824848  2.16126636  3.18518118]
 [ 0.05959577 -3.32970379 -3.63723251 -3.65199686  3.18068344 -4.08712042]
 [ 2.22113624 -1.43529528  1.83375648 -0.52024223  4.15651197  4.4517576 ]
 [-3.4173613   3.45258206 -4.42801807  3.49409835 -0.38916804 -4.19232245]
 [-4.96830516 -4.56108293 -0.4762848  -1.23241478 -4.85632699  3.61140585]
 [ 0.56124815 -2.91555098 -3.65448162 -4.25388622 -0.86243195  3.61304517]
 [ 4.98174939  1.79856979  0.18128882  3.87473733  4.07289328  4.99570595]
 [-3.45958368  3.61955752 -0.94952812 -0.5337024  -0.67922262  1.74714503]
 [-2.47349107 -2.08555184  4.96859156  3.06193214 -3.92144705 -0.74563846]
 [ 1.93641133 -2.2207976  -1.51909628 -3.87115356 -2.72251481  2.59172467]
 [-2.97181091  3.77798247 -2.06558167 -1.54598686 -2.7027133   4.35958483]
 [-4.86962335  3.18245193  1.44810269  3.3070363   0.25098777 -1.16686796]
 [-2.5840787  -1.36897649  4.12729453 -2.38020939 -4.00424088  0.4574543 ]
 [-1.47796247 -4.06656096  4.43756706 -2.28870778 -3.31139521  3.6149577 ]
 [ 1.17586054  3.0948919   1.1339845   2.62400144 -3.41087888 -1.05201917]
 [ 1.21032233  1.42244569  1.34635818  4.35090861 -4.23756433  4.89044744]
 [ 0.12230694  3.91264404  1.65059967 -0.66461718  1.03276477 -0.84795755]
 [-2.192437    2.67046071 -3.50562032  1.15525504  0.6052756  -3.44978147]
 [-4.40573069 -1.50771272  1.99932095  0.35619048 -1.3871226  -0.24631145]
 [-0.22437455  4.49579062  2.80601861 -1.26139298 -1.09467213 -3.71042723]
 [-0.16312534  0.57426173  4.30280113 -0.77157697 -0.73197557  1.70985746]
 [ 4.13479368 -1.89305931  2.64243108 -0.27225479  4.39295568  0.69347505]
 [ 1.84355754 -0.65118433 -4.27917198  4.18204577 -0.65688264  4.77965101]
 [-0.73263055 -4.51296503 -2.956983   -4.14213647  4.59673166  2.01462473]
 [-3.68791779 -3.70181165 -3.00566001 -4.07564438 -0.85585133  3.52106436]
 [-2.65734531  0.19573852 -0.44555987  3.78064902 -3.47431046 -4.87901388]
 [ 4.62483568  3.2119519   1.62801083 -4.02933294  2.90175616  0.0780858 ]
 [ 4.21016993 -3.26612863  2.66005704 -1.22438758  2.75464145 -3.70052935]
 [ 2.55726768 -3.44387676 -3.94254634 -4.13582689 -0.15699789  3.54893973]
 [-1.01549429 -0.3688519   3.19110483 -3.31993326 -1.42039995  1.30482217]
 [-1.88633865 -4.49314071 -3.46508941  4.65710335  2.89146868 -1.32878338]
 [-4.36360731 -0.86109478 -0.14880064  1.18793065  1.13307593 -1.38580782]
 [-1.0647412  -0.53426574 -4.13421963 -2.08885078  0.90935397 -1.87639613]
 [-0.52368019 -3.77838499  2.88978625  4.06360087  3.40837086 -4.66709421]
 [ 2.00770508  1.85731239 -3.05833885 -4.03890206  3.29574777  1.33381135]
 [-3.11320458 -2.64378763 -3.24337337  3.86349969 -1.66218167 -1.51399248]
 [-1.35212911  1.39334197 -0.81899156 -3.84828711 -0.43652409 -1.74606663]
 [-2.22975233 -4.5774292  -2.39600816 -0.3635602  -1.15556736  4.74359011]
 [-1.6749139   0.58492555  3.58546173 -2.26173275 -0.37569689 -1.19510258]
 [-4.08055993 -4.41455565 -1.41093688 -4.67359734  4.1467869   4.251208  ]
 [ 3.50085638  1.77139581  2.18949134  0.32391242  0.34602036 -0.55294472]
 [ 0.14872881 -2.23651531 -0.25498312 -1.68898576  2.66531205 -2.88230851]
 [-3.68713613 -0.52052155  2.66285283  0.45425571  4.59052222  2.62573852]
 [ 0.47987155 -4.05458761 -4.7201104   4.64930032 -3.4721175   1.95739201]
 [-4.64937369 -2.04271093 -2.91413637  2.71144796 -3.65087063 -0.55354193]
 [ 2.6815398   0.49592428  3.3368187  -2.93176363  3.02744836  1.68271252]
 [ 0.27938165 -1.79980402  4.88390295  1.68562845  3.17243582  4.78643685]
 [-0.78069133 -2.35000731  1.11918939 -0.13785384  1.53097544 -2.39530219]
 [ 0.45393943 -2.97521133 -4.17649068  2.57041236 -0.93874316  2.16152686]
 [ 2.44222603  3.98115173  2.79019528 -1.27479623  3.35422004  3.41394848]
 [ 0.23848486 -2.9284136  -4.86985129 -1.78315917 -4.77959958  1.26503637]
 [-0.04368526  3.54792357  1.42908577 -1.32993358 -0.42877753 -1.38517677]
 [ 0.36673557  3.24698444  0.0998962   2.07376113  3.28502266 -4.01012539]
 [ 0.32948763  3.04519356  4.50957807 -1.38191643 -3.93632583 -2.8774932 ]
 [-3.56824179 -3.08402825 -1.67534307  1.71970009  1.47515064 -4.54399571]
 [ 1.62026787  4.0879643   2.48934168 -2.93640266  1.21376544 -2.56721003]
 [ 0.94449141 -0.12026551  1.75965544 -2.94160879  3.42363299  0.72684342]
 [ 1.382901    3.49306615  4.65902053 -0.89713325 -4.56373271  0.28325325]
 [-2.66225666  1.33501787  4.67559395  2.45007456  3.53292084  4.87888126]
 [-4.45532608 -4.74093122 -2.10904441 -3.59755715  3.78961014  4.60348574]
 [ 4.18359871  4.66094191 -2.09287289 -3.77284855  0.61575015  1.67772662]
 [-2.32854309 -4.17314097 -0.12874344 -4.08301846 -1.58400408  1.0365553 ]
 [ 2.00051655 -1.31202805  0.42656603  2.62333053 -0.59810187 -3.92688214]
 [-4.06078761  0.23885466 -2.01469976 -4.63552258  0.82308336 -1.73519884]]
