[[-0.81803575 -2.07975048  3.88022371 -2.99946756  3.54035258  2.525251  ]
 [-0.61339225  4.61064325  3.56413208 -3.13465397  3.96190633  1.2774721 ]
 [ 2.82161066 -1.71844414  2.31115755  4.12196069  1.32741202  2.83832003]
 [ 3.16056703  4.89808892  3.16041806 -2.95485899  2.18618124 -2.66815696]
 [ 2.24975519  4.69877729 -2.17066734 -0.26181075 -2.90351603  1.85633397]
 [ 3.99272737  2.07717086 -0.53065379  4.20149495 -2.57529831 -3.09391657]
 [-0.61315659  4.4632311  -3.68900671  1.76910926 -2.37376139 -3.01904835]
 [-0.67240006  0.55113536 -3.08338897  0.24848012  3.79961238  2.24332759]
 [ 3.086409    4.31433405 -3.33076206 -4.29809981 -3.99892723 -1.80226266]
 [ 2.863133    3.97378225  0.31716554 -2.0473606   1.48688057 -3.79740711]
 [ 1.6914403  -0.08541394 -0.12305751  2.0799514   2.97255553  4.73479797]
 [ 3.46477184 -3.13887839  0.2182538  -4.56553785  0.83697177  4.16763347]
 [-0.91690439 -1.93141284 -4.77086385 -3.30046226 -1.09547132 -4.50206992]
 [-2.93066506  2.69524258 -2.74428383 -3.45620112 -1.44556007 -0.35476137]
 [-2.28034758  2.93977797 -1.1973335  -4.08031492  0.95258536 -1.79624725]
 [ 0.3632516   1.98422681  2.52153797  4.74207929 -2.56488484 -4.87161449]
 [-3.44988925 -0.17476833  1.02787642 -2.1637168  -1.32063807  0.21751971]
 [ 1.44276081 -3.85767661  4.7923174  -0.00558023 -4.78865455  1.60467339]
 [ 2.65722446 -4.16779994  4.67555494 -2.67682834 -2.70559322 -2.78873724]
 [ 4.29978177 -1.91048331 -4.09580707  4.98151217  1.64636491 -2.33786914]]
