[[ 4.8545499  -2.54622449 -3.04613148 -0.92397461  4.04882387 -0.07646136]
 [-4.41090363 -1.27410698 -3.62117692  0.22677161  0.90653517  3.6855466 ]
 [ 4.60939142 -0.15197817 -3.58599057 -3.82614221 -1.9522207  -2.67520333]
 [-2.07237311 -0.71667438  0.94183406  1.51044062 -0.0475311  -0.74715309]
 [-0.395738   -3.13268613 -1.45795137 -4.5362526  -4.87285725 -0.08176693]
 [ 1.06307625 -0.94072451 -4.47303375 -2.90059652  1.33706367  0.8508627 ]
 [-2.03544804  4.60584533  4.0926197  -1.47475807  3.13702471 -4.32236353]
 [-2.24431527 -2.83903167 -4.75394555  1.49905124  2.01989796 -0.41142391]
 [-2.23377337  1.6916844   4.03376423 -3.0595238   0.82999326  2.62427873]
 [ 3.64152828 -2.89518317 -4.63088716 -1.90693191 -0.47102281 -1.03039999]
 [-2.36737764 -0.05011462  0.60943933  3.88623056  4.95233928 -2.78674254]
 [ 0.70441845 -2.32343915  2.96129442  2.18064127 -4.51623399  4.11318462]
 [ 2.8044921   0.94204686 -3.16756678  2.76621535  2.3069308   2.76852144]
 [-0.3273883  -4.0639349  -2.03710247  1.95256553  2.86400027  3.49085907]
 [-3.24869142 -0.28043206  2.31696015  3.46055945  0.63722796 -2.32085923]
 [ 4.72934752 -0.69552157  1.01702447 -4.35391271 -0.19648285  0.84100508]
 [ 3.93965709  1.44907993 -2.80221226 -1.32485729 -3.5236016  -2.21006725]
 [ 4.76140672  1.55733481  4.15200976  4.7084281  -2.62640015 -1.37741361]
 [-3.2820561   0.37050864  1.23957542  0.5114667  -3.53003649 -0.99648417]
 [-3.88460196  0.43784918  4.71965944 -4.81951488 -4.06156097 -2.35976819]]
