[[-4.18431936  0.46728023  2.65258872  1.9022275   2.02437209  1.08895786]
 [-0.28694173 -3.25592345 -4.32640049 -3.95168679 -2.75765387  1.8763538 ]
 [-2.26330197 -1.4897649   4.86058762  1.67854631  4.86973538  3.80867923]
 [ 0.71574116  3.6611699   3.66705932 -0.9679687   4.74013981  0.65456826]
 [-2.80516476  1.75812806  1.23274504 -3.28373898  4.24709697 -2.23342067]
 [ 4.24123532  4.50319874  1.24758451  2.66900415 -3.85547686 -0.75624987]
 [-0.66611951  2.73366526 -3.73159324  1.11409362 -4.62223729 -0.84839525]
 [-4.6162761  -3.40842277  1.47138147  3.18384654  3.8191523   1.27001904]
 [ 0.4042134   3.09537334 -4.9439775  -0.3064692  -2.15678293 -0.15504441]
 [-4.28486154  4.16050123 -1.62736701  2.29156431  3.50038632 -1.63614092]
 [-3.6919205  -1.82438387 -4.50134778 -3.67203945 -3.76087331 -0.89457026]
 [-3.98098123 -3.22255374 -4.31165808 -3.2605482   2.25535212 -4.2136795 ]
 [ 3.72209826  3.92115598  4.39153456 -2.07781041  0.48766463  0.78715476]
 [-2.24117429  3.69979195 -3.70022076  2.65058163 -3.56767589 -1.16770849]
 [-3.46577818 -4.76285968  1.5949239   3.81462886 -0.11270919  1.00300387]
 [-1.06830614 -3.55465241  0.66996305 -2.4645293  -2.100124   -4.53075298]
 [-1.56276864 -1.24344507  4.01371215 -2.72674262 -4.03377536 -1.54681734]
 [-4.44130018 -2.8909296  -3.2920021   4.3579278   3.96508231  4.47052913]
 [ 4.83103868 -1.68610471 -3.58327612  4.44151562 -4.52583394  3.88580752]
 [-3.99590855 -2.17531671 -1.65961584  2.10456733  3.50762979 -0.3703169 ]
 [ 1.49360235 -3.5255447   4.24008869 -2.34987681 -1.36569148  2.21999896]
 [-0.28091265  2.52513826 -2.67749546 -2.17248021 -0.8509005  -1.17488343]
 [ 4.05732289  4.74788061  1.62476804 -1.84670187 -0.067391    4.17846015]
 [ 1.10307248  1.49452467  2.48540968 -2.28418385 -0.44237739  0.40793193]
 [-3.64965166 -4.29767949  4.0094457  -3.42241027  2.18420227  2.49179739]
 [ 1.39391031 -4.25072205 -1.39839336 -4.78869221 -0.1390158   3.23157532]
 [-4.88389747 -1.55729367  4.94358882 -1.18525177 -3.22920875 -0.58058823]
 [-2.14740966 -4.88962054  2.5991916   4.80080754 -2.0706279  -4.03141268]
 [-4.79284053  4.06883426 -1.39919093  3.77917626  3.3879117   1.04228078]
 [-4.4505399   4.86867431  2.77800964 -1.52920746  3.65282467 -3.93202582]
 [ 3.38931479  3.32279867 -4.30604424  3.4684524   1.74419238  1.6103958 ]
 [-4.37861274 -3.41467121 -4.49832654  1.96596201 -2.45787007 -1.73825402]
 [-2.58525211 -0.28909048 -3.15615791  1.67819548  1.54004634 -2.85408392]
 [ 4.30100752  4.44593497 -2.14153931 -4.63683148  2.78053141  3.00896498]
 [-1.38753242 -0.68203562  2.22355848  3.62419265 -4.29903144 -2.05927433]
 [ 2.08071178  0.6263097   2.99617779 -0.06211915  4.31374746 -1.46983024]
 [ 0.80135995  0.2088663  -3.10583643 -0.95959916  2.53666978 -0.17364507]
 [ 2.97775784  2.60136948  4.0419181   2.35568705  3.27096596  2.81463888]
 [ 1.53985666 -4.19261097  3.10672673  1.64462339  2.44132772  2.25948761]
 [-0.58482394 -0.72914099 -3.24995975 -1.04878908  0.43084934  0.97987705]
 [-2.07667035  1.81709846  3.44908324 -0.03486058 -2.43869194  2.89072064]
 [-1.49404344 -0.55787651 -1.60629239  4.34222617  0.93891792  2.70160272]]
