[[-13725.28444689]
 [ 13559.67199517]
 [-38132.03183858]
 [-31710.21721987]
 [-35255.67847057]
 [ 22842.1062281 ]
 [-27115.97591648]
 [ 31800.90009856]
 [-21168.69820556]
 [ 12727.82734287]
 [ 16164.72203588]
 [ 21404.04456554]
 [-20217.4741327 ]
 [ -1961.45849001]
 [ 50541.06166928]
 [-20399.12705079]
 [-28493.96950696]
 [ 43714.83292811]
 [ 81968.58451957]
 [ -6518.47331796]
 [-28844.27832572]
 [-31727.50538634]
 [ 15076.95761885]
 [-40411.8260503 ]
 [ 17457.51269002]
 [ 51378.83453175]
 [ 23752.7999075 ]
 [ 73947.07503009]
 [ 36245.26193445]
 [ 22689.41718153]
 [ -2823.71494724]
 [ 37532.87335895]
 [-37551.14383998]
 [ 59200.25949691]
 [-12242.1881044 ]
 [-39731.0925813 ]
 [-42356.27792382]
 [-38444.42360284]
 [-18355.68467183]
 [-42033.24077228]
 [-42408.91984199]
 [-10376.05848869]
 [ 43640.33960557]]
