[[-4.62063278 -2.54123907  2.78714137 -2.97984425  1.50774386  3.76282767]
 [ 2.52926246  1.37221753  1.69606805  0.88259111  0.74204702 -3.5421502 ]
 [-1.15667526 -3.77025415  1.57557051  2.33394593 -1.62611392  1.50118725]
 [-0.60575174 -1.06352826 -4.71320443  2.79290008 -3.82931923  0.78298868]
 [-2.09285545  1.7532292   1.09598065 -2.76204897  3.60621249 -3.28858519]
 [-0.34800281  0.12715731  4.45557894  0.26405833 -4.13620929  0.89039969]
 [-2.18138022 -4.22226178  4.47900799  2.08342177  0.49282843 -1.46736364]
 [ 3.96115494 -1.69328281  0.08779257 -1.86509509  1.165768    3.06892172]
 [-2.55349254 -0.93822841 -2.70423298 -4.52804402  2.95459253  2.48610878]
 [ 3.66480039 -1.39065642 -3.73915576  3.38510202  0.06641074 -4.505631  ]
 [-4.85596567 -4.1515572  -4.49791896 -2.46818167 -1.0913215  -3.54622353]
 [ 1.84416668 -2.74722997  0.48416467  4.96987928 -2.89286672  0.36016942]
 [-2.91829964 -1.31031172 -1.03256342  2.78016782  2.70703364  2.76045541]
 [ 1.34498806  0.21627624  0.68583843  2.20994806 -2.753545   -2.34499044]
 [-3.63897995 -1.23668709 -1.99188633  3.98357878  3.27351674  1.40746071]
 [-1.54949399  2.46184567  2.90483428 -3.47316944 -1.59651927 -2.9735203 ]
 [ 4.79567757 -4.51426351  1.15699496 -0.43478697 -2.56443961 -0.72519759]
 [-4.30448219  0.33982955 -0.31556826  4.08315652 -1.08133649 -3.48062046]
 [-2.76513618  0.98778431 -3.52048035  3.48078433 -2.37547138 -3.8426431 ]
 [ 4.8093509  -1.56158659 -4.94370987  4.06826974  2.0773197  -1.23634329]]
