[[-2.97291317  0.60657365 -0.20347215  4.80865054  0.61331062  2.59876126]
 [-2.51064317  0.58887135  1.17252385  4.66839031  2.45825061 -1.64176315]
 [ 2.89044292 -4.45472084 -0.41248391  0.4239809   2.94175327 -3.88845161]
 [-1.45667796  0.92593897 -1.27261705 -2.7962655  -0.95020166 -1.31846848]
 [-4.73122341  2.08974784  2.93047873 -2.19509661 -0.35885189  3.48097814]
 [-2.91533451 -4.92288281  3.934677    2.40408561  4.7979348  -1.81509888]
 [ 2.6780983   1.47952288 -3.69646471 -3.86241522  3.90779137 -4.80702835]
 [-0.03116469 -2.45293813 -0.62748385  4.9268329   2.73119359  4.14254843]
 [ 0.00585667  1.35483622  0.63656313 -3.6064596  -4.98862697 -2.90482483]
 [-0.49193343 -0.58409707  3.84497577  0.32211494 -0.31191097 -4.49353617]
 [ 1.04197748  0.64194532  2.43510481  4.04094418  2.51474913 -1.26639609]
 [-2.25968172  4.83592189  2.82704343 -4.51614991 -4.48760143 -1.82398504]
 [ 1.70684346  3.71054067  4.96310872  4.69999779  1.12222997 -4.24416831]
 [ 2.05063137 -4.19191846  2.86459233  2.75851813 -2.61224584  3.79058963]
 [-0.43384565 -1.78277733  2.43068112  3.23465268 -4.52125891 -2.94948664]
 [-4.80222853  4.77733222  2.46918016  3.52087153  3.28671999  3.58018217]
 [-2.27902504  2.1173409  -1.53013317 -0.59694202  0.21210991  3.10046933]
 [ 1.75174089 -2.34970955 -1.26440849  3.52879887 -1.04984693  1.50339547]
 [-2.56188918  1.72243577  4.02051241  2.12703721  3.08528767 -2.21341748]
 [-1.53626247 -3.26589023  1.34357848 -0.24744659 -4.24206695 -0.66440146]
 [ 0.89880075 -3.83280761 -3.72501051 -4.83427216 -3.79987497  4.66620378]
 [-4.8938387  -0.84684596 -3.45761427  1.58783819  3.37922758  4.05014302]
 [ 1.43521657  2.60627078  4.92016916 -3.7873637   4.94770319  2.70103305]
 [-0.25393711 -1.95371336  4.59365781 -2.19273372 -3.07942463 -4.30118393]
 [-1.08971972 -3.42293968  0.79425411 -4.60523022  1.62063652 -0.77699533]
 [-3.61110163  0.51924596  3.12931461  2.06103112  1.3018557   0.86368769]
 [ 4.31077411 -2.63190166  0.0520098   0.05603732  3.00151594 -2.89613308]
 [ 1.65839919  2.2854115   4.76058184 -0.17571606 -1.67919874 -0.18187089]
 [-0.46980646 -0.03824844 -0.96648296  3.23084128 -3.99795435 -3.87666847]
 [ 1.42193124  1.31952487  4.04957439  2.03778181  4.76620316  4.45116181]
 [-1.40509685  1.48282999  4.3337008  -4.43204738  2.84833402  2.86929632]
 [ 1.27117003 -4.59290206 -0.7437552   2.85260266  4.4040515   0.95596283]
 [ 3.85400736  1.43718244 -0.01070503  4.15554969 -4.97659187 -3.49109523]
 [ 0.58676819 -2.98223418 -1.52315115 -4.40752538  2.33567728 -0.48196782]
 [-3.32400278 -1.84459992 -4.56370659 -3.65892685  4.12054014 -0.72524415]
 [ 4.88591707  1.50387857  3.78673648 -1.2572454  -1.78304847  2.76253264]
 [-4.46261724 -3.82215389 -1.25344994  1.73566018 -3.57553529 -0.86379415]
 [-3.8350213  -0.37021532  4.00372588  2.72346847 -0.74936138  0.66442075]
 [ 4.43842177  2.39305459 -0.28316219  3.23271987 -4.76993556  0.3322228 ]
 [ 4.57378764 -1.34924062  3.40387554 -2.45372065 -1.69362887  3.61122889]
 [ 3.37698469 -1.6274357   4.65314317 -1.61118964  3.45937865 -4.71383855]
 [ 1.66642417  2.14417318 -2.48539985  0.95754005  4.4261334   4.86469978]
 [-4.61844661  4.17858231 -2.32961438 -4.05226986  4.29322314 -4.30613218]
 [-4.97981152  3.1544478  -2.88509774  4.33100109  4.65540197 -1.23149324]
 [ 1.89675362  2.66721865 -0.04412404  2.6908533  -4.30775229  1.94646705]
 [-4.72761043  1.41584356  2.36030854 -1.014856   -4.77819193  2.90068033]
 [ 2.07137964  3.20752068 -0.80285911 -1.05229037 -3.42443343 -2.65445107]
 [ 1.51601596 -0.56860835 -0.72699626 -1.44263616  0.40993501 -0.75044873]
 [-4.44993453 -3.58127918  0.70356218  1.33244105  4.90293734  2.16724638]
 [-2.88729637  0.50172147  2.37312926 -3.12734987  3.89633149  1.08363876]
 [-1.41329695 -1.915441   -4.54065159 -2.41747225  0.79910245  3.76140207]
 [ 3.14914975  1.17411057 -4.11809891  0.07609176 -4.97321737 -2.19644913]
 [ 3.96215109 -4.54926806  4.96305087 -3.61077014 -3.52649037  1.49775925]
 [-2.83813386 -4.87632241  1.54897602 -0.03398776 -4.04731705 -0.683278  ]
 [ 2.94106455 -3.33815381  3.51140936 -3.59094717  1.47369497  4.21699624]
 [-4.69605092  4.0917844   4.22815409  1.04152464  0.46273978  4.00990821]
 [-2.13401172  4.72019604  1.72803045  0.56052078 -1.86734081  0.29844073]
 [ 4.50267232  0.49616205 -0.21225421 -3.22986485  1.23932669 -2.71088916]
 [ 3.69295559  3.45331733  1.18204881  0.6944611   0.59666723 -1.79692986]
 [ 2.45931246  0.33803165  2.48998744  1.00641284  0.44540462  1.64784888]
 [ 0.92922408  2.42253238 -3.70072057 -1.45093845  4.49947038  4.89003461]
 [ 0.34504029  0.88302771  4.46526803  3.46147692  2.48730989  0.28563418]
 [ 4.36201678  2.68047501  4.71032415  2.52238096 -1.66220065 -0.60842707]
 [-1.47177641 -0.38999582 -3.41612826 -0.65774239 -4.51341065  3.68719014]
 [ 2.29228901  4.41263513 -3.29392445 -1.8921675   2.23019248  0.50469156]
 [ 3.20972456 -2.92465214 -0.16409596 -3.98348392  2.13802634 -0.51845561]
 [-2.92880619  1.62250888  1.98871591  2.94848287 -1.97221146  0.2239658 ]
 [ 1.85027983  2.18368187 -4.63275712  3.81128328 -0.96618115 -4.0811833 ]
 [-4.88193296 -1.50395612 -0.67284983 -3.89220219 -4.97881468  0.58561228]
 [-3.779214   -4.42473098 -1.6684265   4.26653893  2.89725315  2.37744262]
 [ 4.28239581  3.36430069  3.53132336 -3.30395378 -1.33371389 -3.95478575]
 [-3.02950785 -3.31186968  2.98586653 -3.08795864  2.73130312  3.97634426]
 [ 3.64897984  1.47991234  1.3597318   2.58733473 -1.77085925  4.27059594]
 [ 2.18244512 -4.89743405  4.91007175  0.18850831 -1.75638086  4.18961774]
 [-0.63634605  1.65966636 -3.60439188 -3.23406983 -4.43576355  3.21353076]
 [ 2.65100242  3.25819393 -4.218771    4.78557629  0.47142233 -4.33116112]
 [ 1.14275175 -4.64459621  3.61078996  2.77114641  2.07014292 -2.16230114]
 [ 1.43619588  1.86210174  1.36416075  0.93721365 -2.76509649 -4.50221818]
 [ 2.81705773  2.1955902  -0.3626888  -1.18807901 -1.28985938 -1.22224854]
 [-0.18139317  2.73064749  0.54377008  1.47661241 -3.41037544 -0.01531575]
 [ 1.16281342  3.08194414  0.44791163 -2.82809185 -4.29016299 -1.95751957]
 [-0.06038663  4.96736574 -0.76011353  3.34989163  2.63992476  4.98537486]
 [ 3.78312079 -3.32597038  2.39392639 -0.98675366  0.69583978  4.3760062 ]
 [-1.96101293  1.03305549  2.67196008  1.93573154 -0.51219451 -0.78382556]
 [ 2.67059054  2.02327927  4.39947027  1.85434689  0.28707445  2.91711838]
 [ 3.38475936  1.18446713 -0.51004557 -4.79285638 -0.73439446 -3.01401358]
 [-2.84663158 -0.15315139 -0.54618715 -2.17186588  1.87812543 -4.23024924]
 [ 0.63385213  1.30567943  0.83086771  3.96002119 -2.64972767 -1.32496771]
 [-0.92655087 -3.02419209  2.69447861  4.80069161  2.64548445  0.55399528]
 [-1.26836978  3.84074142 -2.87738714  2.17238901  4.5811328  -0.08971508]
 [-1.64972969 -1.2679009   3.72554206 -0.98816516  3.2371072   4.74230914]
 [-1.12915533  3.44948005  3.23956214  3.62889876  1.52782847 -4.88352627]
 [ 4.84186352  3.37291267 -4.28648188  4.14989193  2.97200499  2.86486657]
 [ 4.41000355 -0.40097186 -3.82727856 -4.23221822 -1.0082521  -3.50058687]
 [ 2.13324534 -2.22255604  1.31017957 -3.10461572  4.20983947  4.03176402]
 [ 4.00323145  0.17311084 -4.93227438 -1.74232105  2.06932909 -4.54772225]
 [-4.34641643  0.14812969  2.40612313 -3.74514939  1.91282016 -1.68477072]
 [ 1.31353274 -3.86257019 -4.77088197 -2.2085006   4.16221813  2.06452462]
 [-2.36564572  3.72648417 -3.47807016 -4.83096131  2.30154945  1.96795591]
 [-2.23031661  3.46559438  4.56753087 -3.19988115 -4.20598592 -1.34029092]]
