[[ 0.41619523 -4.14558623 -1.77123481 -4.77245234  0.88931515 -1.70600918]
 [ 1.93622598 -4.99609312 -3.52552685 -4.63431959 -0.31970861 -1.17258556]
 [ 3.94074909 -3.45422039  0.86885491  2.16278417  2.39325363 -2.82411065]
 [-2.63404542 -4.33685491  1.20604025  1.45966887 -0.35231368 -1.38249107]
 [ 2.56783732  3.43202283  2.60025832  0.73905574 -1.58346579 -0.743702  ]
 [-0.93277981  3.9525464  -1.03336442 -4.94169313  0.90017402  2.90506155]
 [ 0.24953637  2.92328355 -4.79259     4.60362923  1.72272596 -3.60390266]
 [ 2.20800826  0.98418989  1.1706933   4.78403619 -3.08910097 -2.61018012]
 [-0.3782873   0.59905234 -3.67355842  1.21731323  3.75446569 -0.36575893]
 [-1.02312117 -1.80224994  2.47507036  3.59563693 -3.20962236  0.02885559]
 [-4.38370263  4.31277828 -2.90074374 -1.47384361  0.49328124 -0.69652669]
 [-1.51485975 -3.74341453 -1.91748487  4.32952869 -3.92433683  3.06277547]
 [-2.16280858 -1.0187648  -0.11131109 -2.5334859   0.7733252   3.30470641]
 [ 2.81289281 -4.03451946 -0.45281748  0.65644514  2.30364864 -2.868391  ]
 [ 4.86360963 -0.41738149  2.65717094  3.33001191 -1.29899852 -0.44483536]
 [ 0.79900025  0.33712501 -2.91571849  1.12756996  3.72655397 -3.25794446]
 [-0.89000845 -4.8758991   2.53942612  2.03233137 -0.96952808 -2.86031624]
 [ 1.59717987  1.69321135  0.95448378 -2.38061736  4.29685606 -3.58216277]
 [-3.03049971  0.67512207 -0.25043238 -3.1879181   2.11814096 -1.07067573]
 [-1.915698   -1.4482803  -0.91514562 -3.2866691   4.28489708 -2.890029  ]
 [ 0.39652669  0.59976133  0.47830523  1.47697004 -2.09405557  3.37512511]
 [-4.35046992  4.01431595 -2.30978285  3.03244955 -4.27714526  2.5505967 ]
 [-2.24948797  0.25056895 -4.63985234  0.183995   -0.18259721 -0.20484465]
 [ 1.0850683  -1.35973526  2.46132648 -2.5593464  -3.95155073  0.76218584]
 [ 4.29270571  3.57231193 -2.32775003 -1.88599167 -0.04253601  2.17312873]
 [ 1.08897848 -1.38873524 -0.51920745  4.96944357 -1.90305133  0.95441815]
 [-1.93622605 -0.20990543  2.31964896  0.95372942  0.90837307 -3.78588805]
 [-4.17966489  0.87038838 -2.69289218 -4.01182263  1.49214887 -3.97897548]
 [ 4.97121163  0.82533303 -3.11738792  1.4584859   1.23172488  1.11940962]
 [-3.2711241  -2.87468305 -4.96425236  4.5261962  -4.03504233  1.12809369]
 [ 3.72714377 -0.33356958 -1.66426086  0.11634976 -2.90741227  4.25916069]
 [-2.81968368 -4.66372635  0.40218674  4.49892825 -0.05575571  3.79345745]
 [ 2.02273516 -2.08513978 -1.99435989  0.17817009  1.69269592  4.49188754]
 [ 2.02194396  4.73891357 -3.32312136  3.91721343 -3.02488289  4.4334504 ]
 [-4.58085694  0.9725684  -2.33885571 -3.2682593  -2.91644144  1.23184203]
 [-1.55402459  2.02441147 -4.13803174  4.86009661 -0.92577373  2.4776393 ]
 [ 4.42420528  2.17763354  1.28412268  4.64625005  0.07537205 -1.15736356]
 [ 0.35884217  4.75918565  1.42862389  2.65662916 -2.83777653  3.86320199]
 [ 4.65101664  3.57677708  1.72430392  3.01024779 -2.80009689 -1.64647342]
 [-4.50485035  4.40143606  1.80666814  2.5489182  -4.93526602 -4.88314201]
 [-3.39433579 -4.83594531 -1.33169512 -1.37696465  0.37357783  2.32643242]
 [ 2.26452011  2.80489734 -1.77138286  4.17206559  3.09633643 -1.98486892]
 [ 3.10358468 -1.98875234  4.68884372  4.39850588 -3.9461821  -0.87633947]
 [-0.46500812 -2.42191454  1.90391703 -1.46195667 -1.84698682  1.38610012]
 [ 0.37570273 -1.2444748   0.07590464 -2.49502243  0.22487023 -4.17009014]
 [-4.64944373  4.07861798  3.08075218 -3.68518099  3.47916289  1.75655409]
 [-1.10069584 -4.52923991 -4.34949505  0.08483129 -0.73398947 -4.41546311]
 [-1.91296697  4.20013292 -4.84658588  0.34932267  3.54594125 -0.38998735]
 [ 4.63970811 -0.56950472  0.86872911 -1.73616671  1.22681355 -2.36458399]
 [ 0.84840673  0.57385923  3.47512915 -3.94237478 -3.51156028 -4.76379846]
 [ 1.73063871 -4.0546241  -4.75627378  1.08078529  3.01007936 -3.44903898]
 [-4.78114286 -1.53942279  2.14703074  4.31619263 -3.40591013  3.81325967]
 [-4.78037273  3.67683299  0.17872862 -3.64791527  1.31615948  4.87710906]
 [-1.87897023 -0.5814897   0.96284999  2.85935838  0.8348298  -0.60802515]
 [-2.27639981 -0.35081755 -2.3088645  -0.52036479 -0.0322902   0.17824652]
 [ 1.7991075  -2.89606542 -1.02636545  4.29427684  2.69001713  0.28784397]
 [ 3.06455913  2.35488419  3.62184766  2.5847442   3.19144534 -3.36059157]
 [ 4.09695146  3.4141201  -0.48905954 -2.61515538 -3.59266148 -4.16849331]
 [ 0.01963644 -1.75822873  3.63528843  1.98263494 -2.51949565 -2.75396345]
 [-4.92155599  4.30696082  4.10422592 -4.84709056 -0.08136978  4.6873604 ]
 [ 0.42891466  0.93806393  4.35156535  2.81350572  1.58200498  3.10144792]
 [ 0.33455759 -2.85476    -1.8214904   3.93356034  2.28779951  0.24909758]
 [-4.59312992 -0.55580389 -1.19938203 -1.17987359 -1.40553051 -3.71534021]
 [-1.59660891 -0.53290319 -0.9310429  -4.59215439  4.05168071  0.69869056]
 [ 4.52461505  2.02999288 -3.47813502 -4.43854575 -4.32587506 -4.70303639]
 [-1.98474237  0.67071271 -1.84062039  0.15955243 -2.83520822  0.25805714]
 [ 3.47920652 -2.88984559  3.51034424  4.10176869 -1.10058914  0.64398016]
 [-0.64815787 -0.08428325  3.40236952  3.37547595 -3.79507635  4.62103634]
 [-0.25150859  1.49370423 -4.33179799 -1.45433932  2.55553648  3.0163366 ]
 [ 4.50367778 -1.74271856  1.8107889   3.58842316 -2.7736205  -4.63240732]
 [-4.27800611 -2.80037094  4.06324309  0.89821937 -3.8443573   1.43865454]
 [ 1.70730666 -0.45444848  4.88541837 -4.42780552 -3.69179972 -0.55057442]
 [-3.47830113  2.94073821 -1.59711578  0.84883773 -4.16630254  1.88336291]
 [-2.53010489 -0.78078767  2.81979217 -3.71200609 -0.7556359  -0.52284512]
 [ 4.92150457 -1.02820171 -2.38150907 -1.36210914 -4.09620511 -3.06725625]
 [ 4.25301835 -3.00928951  3.841158    4.74202351 -3.51917528  4.51193593]
 [-3.46876401 -2.04185332  2.33880223  3.66532093 -1.8108676   0.36079067]
 [ 1.93302006  4.00286794  3.96244821  1.31123487 -2.77732599  4.71219279]
 [ 3.0414482  -1.54261199  0.11465661  1.52484358 -0.97704183  3.46297468]
 [ 0.72315506  2.58686066  1.38228668  0.31137527  0.32600025 -3.36693083]
 [-0.21803086  1.57928372 -4.74298252 -3.07422467  0.13942174  1.68723515]
 [ 0.28319818 -4.83958884  2.44796204 -0.9596988  -1.76052425  3.95746964]
 [-4.58617671 -0.06966381 -3.67716363 -0.05320499  1.30155794  2.26575912]
 [ 0.01451132 -0.5034222   0.01257136  2.85646506  3.609819   -2.10017223]
 [ 2.28324579  2.85274636  3.79447759 -1.86860571 -4.39421435 -1.11467731]
 [ 3.69932597  1.95271412 -1.90449523 -4.18339717 -1.90992774 -0.24303362]
 [ 1.2711688  -0.98540425 -3.23371516 -4.85945118  4.47911616 -3.07158046]
 [ 0.59108823  2.73173413 -0.71259027 -4.69034844 -2.39602523 -2.68354773]
 [-4.2960051   1.22942907 -1.7932632  -3.90470832 -4.3894917   3.78917205]
 [-2.12173664 -2.39103466 -2.78094465 -0.9967132   4.2251045  -1.31285547]
 [ 4.2351004   3.09829452  4.52270937  2.05728506  2.38165871 -1.60243088]
 [-4.07690111 -4.62539305  3.81348237  3.00760559  0.99956613  1.73157579]
 [ 2.2747229  -4.20161665 -4.74041804 -1.286982   -0.63988434 -2.59685454]
 [ 0.48527248 -3.52239115 -4.43090335  4.46354526 -1.34679143  0.99785848]
 [-4.44964393 -0.97473276 -0.43742416  0.17840167  2.52473479 -3.70758407]
 [ 1.02994211  3.17605507  4.0184002   4.76081084 -3.49738287  4.85398791]]
