[[-3.24016559  0.71322121 -3.40107924 -1.68071714  1.2527366   4.96776431]
 [-0.73434509 -2.86158658  4.93894653  0.10165332  3.74468857 -2.62298966]
 [-0.50369383  0.87392096  2.69043334 -4.18406623 -2.59975077 -0.59557884]
 [ 4.71363834  4.12024907 -1.29613346 -0.92772226  4.84180125 -1.03361053]
 [-3.927821   -3.77412724  0.8415983   3.10891358  1.4549126   4.96529089]
 [ 1.67469669 -0.04735564  1.01862898 -3.35712576 -3.85186317 -0.49738823]
 [ 2.59754224  4.37669578 -4.24688292 -4.26784983 -2.04428936  2.08664987]
 [ 1.88298589 -4.44478853  1.65822165 -3.9875186   0.84854318 -3.06445623]
 [-0.25352222  4.00140647  4.01994954  1.40172286 -0.77236618  2.46088793]
 [-2.69428718 -0.85639415 -3.21549364 -4.33604361  0.39675692  4.82172812]
 [-2.00783756 -2.60413228 -3.31953538  1.85986075  4.9550693  -2.12468073]
 [ 4.09659185  4.52819908  1.03265069  3.67241179 -3.30556166  1.55497035]
 [-0.92308782  0.49014115 -0.96338519  4.42274744 -1.12585524  3.04069679]
 [ 1.07049149  3.09067944 -4.99372863 -2.73521797 -4.76031635 -4.28590575]
 [ 0.07838247 -0.25126783  2.53398183 -4.91094751 -1.09911037 -0.73139725]
 [-1.38386753  2.10236373  3.38170626 -1.92224672  1.41483299  2.49332725]
 [ 0.57854494  2.28961267  3.31175444 -4.15849344 -4.46970158 -1.1213754 ]
 [-2.5100634  -0.29211777 -0.99978505  3.48563409  4.49572491  1.04896055]
 [ 0.86642477 -4.4699107   2.85977752 -2.14375515 -0.39886487 -3.16563239]
 [ 2.06542864 -0.20482041 -4.94515452  4.15392523 -3.45640684 -3.00191319]]
