[[-0.64869132  0.88693618 -3.37263791  2.61455631 -0.05378292 -2.05429732]
 [-2.34047601  2.89451631 -4.97127888 -0.38598818  2.22239442  1.50313324]
 [ 1.30396828  2.42113173 -0.80949292 -3.23434325 -4.98213548  4.06545805]
 [ 1.17996898  0.64391879  3.07793183 -2.81456446  2.23809931  4.7803418 ]
 [ 2.68845412 -0.89147961 -1.64020083 -2.08595269  1.99773719  2.05148613]
 [-1.89036629  4.67304314 -1.68116158  0.82877562 -4.71313311  2.24909362]
 [ 3.7281719  -1.32612145  2.17838692  0.87130052 -4.21448002 -1.38369717]
 [-3.48654441 -4.52826564  4.23719765 -2.1961512   0.11016921 -2.16260644]
 [ 1.77600641 -0.88395778  4.05413029 -3.42030349 -3.66329864  3.26735956]
 [ 4.560056   -2.51286406  3.15375243 -4.20594574 -2.89448096  1.16773129]
 [ 1.15478585  0.97680436 -4.93186679 -1.88545871  3.06911989  1.92345829]
 [ 0.22581561  0.52751794  1.51341012  3.70497113  1.11725709 -3.10595017]
 [ 1.86911803  1.0349243  -2.72692514 -0.88947403  3.51884237 -4.86482246]
 [-3.03735897  2.31406541 -3.05071394  4.97597723 -3.56501459  2.72522492]
 [ 2.39466266  0.02328635  2.44016451 -3.80416506 -4.88797125  2.69521747]
 [-4.3991331   2.62612004  4.47990923 -4.30216813  0.04180682 -3.75806343]
 [ 3.81389001  2.10952623  2.18971369 -3.33527408  4.07834591  4.40961672]
 [ 4.85700961  1.44857315 -3.91630323 -4.14637956 -0.66177479  0.5444271 ]
 [ 1.6383132   4.79429267  1.39206855 -2.27346164 -1.06311653 -1.91792212]
 [-2.49161783  3.02760408  4.29941212  4.35572623 -3.85882239  1.23456084]
 [-0.50600108  2.38097104 -0.00973873  1.04071332 -2.86299241  3.35775067]
 [-3.71687388 -0.45850358  1.66994707  3.87490647 -4.96299186  3.02689773]
 [-4.13108992  0.50041346  0.22914071  3.44369934 -3.54003985 -4.23244211]
 [ 3.34598025 -1.6485251   1.5661595   4.41443544  3.80658916 -0.48996056]
 [ 3.34124981 -2.02422987  0.68182935 -0.65852558  3.51773811 -3.80112993]
 [ 4.53292366 -0.58616937 -2.6728499   1.16321458  2.187025   -4.46076281]
 [ 2.3597301   4.89252202 -4.13600028 -3.46525262 -2.86859629 -1.33287343]
 [-0.63598268 -3.18138361 -4.31369756  3.35820017  2.30784679  1.47435115]
 [ 2.95841331 -0.78359612  1.23850951  4.05574914  2.62474291  2.90847162]
 [-0.55295125 -4.74402219 -4.29528664  3.7133502   3.83786764 -3.6417434 ]
 [-0.37816198 -3.87344602 -2.59692122  2.54360308 -3.15974316  1.66873348]
 [ 3.55997883 -4.44583765  4.22154139 -1.08108987  4.00371233 -4.20368134]
 [ 3.91532112 -1.56792943 -4.80643342  1.9436719  -0.83409793 -2.18121863]
 [-0.03765497  2.4597099  -2.73482926 -4.56914271  3.23191764  2.09960928]
 [-2.5629503  -0.46834558  0.99883229 -0.27887372 -2.59742554 -4.15226655]
 [ 2.39895281  4.56443822 -3.27897228  0.00746574  3.31571028 -3.51200377]
 [ 2.81941328  4.66986657  2.90906018  4.94673029 -0.55006285  4.61428694]
 [-3.46932012  2.70566457 -2.13594139  1.76028988 -4.1464884  -2.01032519]
 [-1.4270793  -0.46664939  2.8045736  -2.97438728 -1.48444325 -4.66897604]
 [-2.10662207 -4.58860272 -0.03583736 -4.77633555  2.11121024  3.77736528]
 [ 3.95804133 -3.44119501 -2.01830729 -2.7382294   3.39370507 -4.80915497]
 [-3.6300558  -4.60417935 -1.7457341  -0.74892881  4.90679174 -0.91298651]
 [-0.12965536  4.80122711  0.73159916  3.06128646 -0.01888509  3.17602594]
 [ 2.18307722 -0.03932107 -4.70282172  0.97793921  0.18290328 -1.97630583]
 [-1.13083842  2.07105491  1.73478585 -4.16284065  3.34696674  0.45562583]
 [-2.56682512  3.57921028 -0.07197748 -0.85460361 -0.58511353  0.60424282]
 [ 3.24353466  1.18369161  4.00214844  4.71340509 -4.23948181  2.18925108]
 [ 1.42462212  4.26637478 -0.13762763 -4.18589774 -0.78346577 -1.90239394]
 [-3.8772363  -3.04776767  4.90257178  4.10579745  3.5848762   3.64664335]
 [-3.31638405 -3.04490437  3.01349535 -2.34739662  2.46118264  1.50989695]
 [-1.60341399 -2.73915532 -1.63933326  1.48936232 -4.27663745 -2.72522168]
 [-2.79410667 -0.93651295  2.45123868  2.16920593 -0.5014543  -1.86654352]
 [-2.88953954 -0.45165956 -3.74825235 -2.43367028  4.6469807   1.21286886]
 [ 0.21530251 -1.22285449 -1.32599067  2.96005183  2.66719256  3.45779419]
 [ 1.10242758 -3.15517554  0.36634703 -3.9393422   3.89982463 -4.54004432]
 [-3.50127628 -0.89836532  0.73495812  1.86818534 -4.48462975 -2.2360375 ]
 [-1.57716449 -4.94739767 -0.49392437 -4.27794711  2.79532474 -3.43905836]
 [-2.93460345  2.6362361   4.43053252 -0.13700142 -3.872688    3.60588817]
 [-0.38131258 -2.76367695  4.06449054  2.5637595  -1.66201262  1.80329799]
 [ 3.82232023 -4.30881697 -0.24849342 -4.87348048 -4.39431491  2.96015413]
 [-1.44183238  4.75451339 -0.36815399  0.63637652  3.1581537   2.47275636]
 [ 1.5906003  -0.80011593 -0.43764574  1.30369173 -3.60717282  3.2509106 ]
 [-2.47833943 -0.97038199  4.8693358  -0.79298555 -3.83220383  3.08863502]
 [ 0.086091   -4.88751365  2.37205241  3.60583048  2.53779896 -2.81248397]
 [ 0.74236312  3.65952861 -4.07784139  0.46945859  2.05869804 -0.80552728]
 [ 1.08958757 -1.86914778  0.04447974 -2.81850408 -0.67118192 -2.04953675]
 [ 0.6780214   1.14615043  0.55508161 -2.42455335 -2.08873016  2.22718986]
 [-3.73575054  3.84772223 -0.77503479 -3.19223343 -1.41391482 -0.04558573]
 [ 2.60894688 -4.97762038 -2.59567263 -1.67502959  2.18329002  0.79027423]
 [ 0.35770212  2.79145564 -1.91923639 -3.85924034  4.08504602 -3.23265676]
 [-4.15513235  1.05069951 -3.64226954  0.61458812 -3.80515629 -2.10554183]
 [-3.24621389 -2.11920318 -4.59898899  3.98016016 -3.8601655   0.07881275]
 [ 3.91534137  1.9021996   3.39157429  3.0662402  -0.26436865 -1.11423089]
 [-1.20191038 -3.72210837 -1.41098807 -4.45607755 -2.2615867   4.06066326]
 [ 1.07648454  2.92110645 -2.12133001 -3.10135447 -0.92361123  0.37297866]
 [ 1.59301303 -4.30274319  1.93696354  3.01369604  3.90932073  2.42657148]
 [-4.29055953  3.31115893  1.7980562  -2.38408728 -4.10207029  3.36820889]
 [-2.16113384  2.41920387  4.12859747 -0.07743147 -2.67439693 -0.42525051]
 [-1.03250135  0.46773268 -3.64686496 -2.22159978  4.87847568  4.5754851 ]
 [ 3.12033554 -0.50662223  1.847442    0.925907   -2.0296878  -4.76323133]
 [-3.89357223  4.15552767  2.10583895 -3.25530441  1.99469243 -1.41938674]
 [-1.22211888 -4.57974375 -3.913941   -1.74390563 -3.03171113  1.23704813]
 [-2.06484717 -4.27648429  1.83673728  3.3771371  -2.6369773  -2.76420402]
 [-1.61801895 -3.47316012 -0.99776962 -0.32849896  3.22410266  2.74075054]
 [ 0.39962687 -2.47800166  3.27880752 -1.00793093  3.67215766 -3.26071725]
 [-0.93809321  3.76047188 -0.84160969 -4.87085065 -3.29773708  1.84037757]
 [-2.50166045 -2.87435402 -0.62948742 -4.55900302 -1.30476141 -2.29207408]
 [ 1.9573727  -2.56090515  4.96833698 -3.52816262 -4.31793133 -2.29156288]
 [ 3.63403749 -2.71699791  2.32975408  2.07419006  4.19108235 -4.47253139]
 [ 3.66720819 -1.88398969 -0.30818602 -3.02234356 -0.9211655  -3.78026229]
 [ 2.71471411 -3.47116923 -3.45629281 -2.36681793  0.78599409 -1.21865666]
 [-4.10410418  1.85722858  4.57966677  0.311718   -0.06997255 -0.18330517]
 [ 0.03698089  2.20554388 -1.34329472 -2.00148345 -0.6086717  -4.22343887]
 [-2.68833481  3.03832347  0.64082064  0.33565667  4.01030291 -4.62971239]
 [ 0.88687878 -4.76324354  2.03314227  2.87174525 -2.74079121 -0.47275449]
 [-2.82897557 -0.53705632  4.47547529 -4.87555689 -2.59983911  3.24035397]
 [ 4.15051437  3.66897151 -0.85966009  0.80262693 -0.23239539 -4.71988463]
 [ 1.99683545 -2.86120497 -4.37009027 -2.41072272 -3.11636583 -0.14191735]
 [-3.17796391  1.47694588 -2.9738084   1.34489996  0.66643258 -3.38812545]
 [ 4.609884    1.61709837 -0.64955787 -2.85802351  1.38112682  2.90778353]]
