[[1.00000000e+00 2.40119303e-43 1.45266590e-39 3.18430482e-90
  1.44664769e-59 3.93596519e-65 2.29943812e-54 1.05602006e-09
  1.01814749e-71 2.53909642e-58 2.63114573e-42 5.93768969e-41
  2.33270318e-32 1.33529495e-31 1.63594315e-57 1.05034367e-28
  4.48339884e-80 1.36924095e-32 3.22676589e-71 2.30256683e-25
  1.00000000e+00]
 [2.40119303e-43 1.00000000e+00 7.43980438e-25 3.72583048e-57
  6.36987025e-20 8.23821683e-68 2.38117880e-28 2.87985839e-34
  4.51040678e-53 1.86487984e-80 3.26746462e-25 3.62284079e-62
  8.86849347e-28 2.51191356e-36 3.23091786e-44 1.97717735e-77
  6.39025158e-58 1.19718724e-14 6.06575033e-61 8.50192603e-88
  1.00000000e+00]
 [1.45266590e-39 7.43980438e-25 1.00000000e+00 7.55506619e-38
  2.65771502e-09 2.35355449e-80 1.05475073e-13 4.17394927e-38
  2.10883632e-39 1.21652217e-48 6.52295207e-11 1.23834002e-22
  5.76606868e-46 8.88628788e-37 1.93946276e-44 4.18835563e-33
  1.38617366e-32 9.44917372e-41 6.95639349e-40 5.78036596e-45
  1.00000000e+00]
 [3.18430482e-90 3.72583048e-57 7.55506619e-38 1.00000000e+00
  2.55807486e-26 4.11524425e-65 1.97720419e-20 1.92033063e-61
  1.70955537e-17 2.86252710e-34 8.81529409e-52 4.83886857e-37
  8.06823595e-41 6.20110320e-45 7.35481335e-41 2.06447238e-55
  1.09277612e-29 1.19176474e-61 1.36705677e-12 3.88465644e-68
  1.00000000e+00]
 [1.44664769e-59 6.36987025e-20 2.65771502e-09 2.55807486e-26
  1.00000000e+00 3.71477907e-74 2.35279771e-08 9.05125458e-43
  5.97715379e-37 6.73638203e-56 4.25906444e-12 3.83450032e-30
  8.60587461e-43 2.54422609e-28 1.38743165e-46 1.19319276e-53
  1.33175531e-16 8.83479518e-36 6.02770971e-26 2.78275158e-66
  1.00000000e+00]
 [3.93596519e-65 8.23821683e-68 2.35355449e-80 4.11524425e-65
  3.71477907e-74 1.00000000e+00 1.03354878e-42 7.11857836e-33
  2.26673066e-26 4.18907031e-42 1.86125677e-90 2.33182470e-49
  1.12035579e-53 1.25412001e-37 7.58362401e-14 3.98627029e-63
  2.00714814e-63 1.28467421e-47 5.49269153e-48 2.81114051e-69
  1.00000000e+00]
 [2.29943812e-54 2.38117880e-28 1.05475073e-13 1.97720419e-20
  2.35279771e-08 1.03354878e-42 1.00000000e+00 2.07130341e-33
  2.56242661e-14 7.10488843e-28 7.09885748e-27 2.97071215e-15
  1.44678461e-43 7.30861540e-26 2.67961925e-21 1.37359314e-40
  8.92775050e-14 1.88041288e-40 3.10739623e-18 6.73821574e-49
  1.00000000e+00]
 [1.05602006e-09 2.87985839e-34 4.17394927e-38 1.92033063e-61
  9.05125458e-43 7.11857836e-33 2.07130341e-33 1.00000000e+00
  1.85161730e-45 1.61950368e-40 9.51459406e-38 3.82862449e-28
  6.21733820e-20 1.58743943e-10 5.28844480e-36 2.22466227e-28
  6.18333950e-49 9.02114071e-20 2.64446246e-39 1.93500472e-26
  1.00000000e+00]
 [1.01814749e-71 4.51040678e-53 2.10883632e-39 1.70955537e-17
  5.97715379e-37 2.26673066e-26 2.56242661e-14 1.85161730e-45
  1.00000000e+00 2.07551675e-16 5.37838968e-64 8.44025054e-27
  4.53912870e-47 8.24890996e-45 6.89173078e-08 2.57713961e-46
  1.56897822e-38 7.73328483e-57 1.03076524e-24 1.88824534e-55
  1.00000000e+00]
 [2.53909642e-58 1.86487984e-80 1.21652217e-48 2.86252710e-34
  6.73638203e-56 4.18907031e-42 7.10488843e-28 1.61950368e-40
  2.07551675e-16 1.00000000e+00 2.17309737e-80 3.42232285e-16
  2.97863939e-57 2.27899307e-50 5.58119884e-28 3.89061346e-32
  2.35893686e-47 1.92508783e-83 3.87560054e-31 7.91142280e-24
  1.00000000e+00]
 [2.63114573e-42 3.26746462e-25 6.52295207e-11 8.81529409e-52
  4.25906444e-12 1.86125677e-90 7.09885748e-27 9.51459406e-38
  5.37838968e-64 2.17309737e-80 1.00000000e+00 2.95552048e-37
  8.34827053e-44 2.31484611e-25 2.65271073e-66 9.27736301e-42
  4.98933024e-32 2.46652384e-27 1.02512763e-41 7.62240669e-61
  1.00000000e+00]
 [5.93768969e-41 3.62284079e-62 1.23834002e-22 4.83886857e-37
  3.83450032e-30 2.33182470e-49 2.97071215e-15 3.82862449e-28
  8.44025054e-27 3.42232285e-16 2.95552048e-37 1.00000000e+00
  8.40782674e-57 9.33188116e-27 2.00685775e-35 3.59615511e-13
  3.34697765e-20 2.30101394e-61 8.26402619e-21 4.17651050e-15
  1.00000000e+00]
 [2.33270318e-32 8.86849347e-28 5.76606868e-46 8.06823595e-41
  8.60587461e-43 1.12035579e-53 1.44678461e-43 6.21733820e-20
  4.53912870e-47 2.97863939e-57 8.34827053e-44 8.40782674e-57
  1.00000000e+00 5.53696829e-24 9.16991059e-47 8.54773566e-53
  8.57093627e-66 1.38458785e-15 4.85255050e-40 1.90872427e-57
  1.00000000e+00]
 [1.33529495e-31 2.51191356e-36 8.88628788e-37 6.20110320e-45
  2.54422609e-28 1.25412001e-37 7.30861540e-26 1.58743943e-10
  8.24890996e-45 2.27899307e-50 2.31484611e-25 9.33188116e-27
  5.53696829e-24 1.00000000e+00 3.57491063e-44 6.30587283e-34
  1.03624222e-23 3.00181818e-18 5.17219620e-19 8.65045789e-41
  1.00000000e+00]
 [1.63594315e-57 3.23091786e-44 1.93946276e-44 7.35481335e-41
  1.38743165e-46 7.58362401e-14 2.67961925e-21 5.28844480e-36
  6.89173078e-08 5.58119884e-28 2.65271073e-66 2.00685775e-35
  9.16991059e-47 3.57491063e-44 1.00000000e+00 3.02438639e-50
  1.46821748e-54 6.89525427e-44 2.60968030e-43 2.05362483e-60
  1.00000000e+00]
 [1.05034367e-28 1.97717735e-77 4.18835563e-33 2.06447238e-55
  1.19319276e-53 3.98627029e-63 1.37359314e-40 2.22466227e-28
  2.57713961e-46 3.89061346e-32 9.27736301e-42 3.59615511e-13
  8.54773566e-53 6.30587283e-34 3.02438639e-50 1.00000000e+00
  5.36433273e-50 4.57093816e-60 2.73404001e-38 1.03643682e-08
  1.00000000e+00]
 [4.48339884e-80 6.39025158e-58 1.38617366e-32 1.09277612e-29
  1.33175531e-16 2.00714814e-63 8.92775050e-14 6.18333950e-49
  1.56897822e-38 2.35893686e-47 4.98933024e-32 3.34697765e-20
  8.57093627e-66 1.03624222e-23 1.46821748e-54 5.36433273e-50
  1.00000000e+00 4.79029145e-60 4.70434399e-11 1.13131820e-59
  1.00000000e+00]
 [1.36924095e-32 1.19718724e-14 9.44917372e-41 1.19176474e-61
  8.83479518e-36 1.28467421e-47 1.88041288e-40 9.02114071e-20
  7.73328483e-57 1.92508783e-83 2.46652384e-27 2.30101394e-61
  1.38458785e-15 3.00181818e-18 6.89525427e-44 4.57093816e-60
  4.79029145e-60 1.00000000e+00 2.22696770e-51 2.93028324e-76
  1.00000000e+00]
 [3.22676589e-71 6.06575033e-61 6.95639349e-40 1.36705677e-12
  6.02770971e-26 5.49269153e-48 3.10739623e-18 2.64446246e-39
  1.03076524e-24 3.87560054e-31 1.02512763e-41 8.26402619e-21
  4.85255050e-40 5.17219620e-19 2.60968030e-43 2.73404001e-38
  4.70434399e-11 2.22696770e-51 1.00000000e+00 3.68920498e-47
  1.00000000e+00]
 [2.30256683e-25 8.50192603e-88 5.78036596e-45 3.88465644e-68
  2.78275158e-66 2.81114051e-69 6.73821574e-49 1.93500472e-26
  1.88824534e-55 7.91142280e-24 7.62240669e-61 4.17651050e-15
  1.90872427e-57 8.65045789e-41 2.05362483e-60 1.03643682e-08
  1.13131820e-59 2.93028324e-76 3.68920498e-47 1.00000000e+00
  1.00000000e+00]
 [1.00000000e+00 1.00000000e+00 1.00000000e+00 1.00000000e+00
  1.00000000e+00 1.00000000e+00 1.00000000e+00 1.00000000e+00
  1.00000000e+00 1.00000000e+00 1.00000000e+00 1.00000000e+00
  1.00000000e+00 1.00000000e+00 1.00000000e+00 1.00000000e+00
  1.00000000e+00 1.00000000e+00 1.00000000e+00 1.00000000e+00
  0.00000000e+00]]
