[[ 3.01330086 -4.72706809  4.87305753 -2.07936882 -4.6240792  -4.50798232]
 [ 1.21800298  3.78351736 -1.15344183  1.29634577 -1.67146369 -1.0463824 ]
 [-1.73199857  0.62156635 -0.9686141   3.34274999  0.45986998 -3.055573  ]
 [ 2.16980313  0.21552228 -0.90947903  3.86371817  4.20050113  1.76508056]
 [ 4.30070099  2.57475434  2.30655527  1.28090374 -4.10889878  4.20320621]
 [ 1.90293365 -3.63457369  3.19820523  4.79361391  0.18739759  1.86720828]
 [-0.60642512 -2.43470001  4.53649436  3.98871494  3.02822751 -1.10558173]
 [ 4.05432017  3.61846668  4.36544202 -0.26781137  3.47845115  2.29011623]
 [-2.90773631  1.9001287  -3.39632619  0.62608058 -1.2741733   2.95200502]
 [-1.98015143 -0.77215985  0.7530788   2.12740865 -3.98383877 -4.51417827]
 [ 4.24485225  4.7167691  -2.58245627  2.70522418  1.23259218 -1.88650379]
 [ 4.04609513  4.98113924  1.99737155  0.60066637  4.52110689 -1.07138696]
 [-1.94039196 -1.99827997  2.38286883 -0.08012923 -2.80814113  0.54760691]
 [-3.02426305 -4.51223072 -3.33722829  1.73871993 -2.89206876  3.05531378]
 [-1.62535432 -3.84021589 -0.46378937  4.35040103  0.87273036  1.0754438 ]
 [ 1.58340562 -2.83105505 -4.53591291  2.85448745 -4.55669346  1.55485431]
 [-1.59767936  1.90107842  3.19285922 -4.70851009 -2.46210726 -2.89183773]
 [-1.55101072 -2.476602    3.44651982  4.29962868  0.49363041  0.4364282 ]
 [ 4.37704851  0.5659294  -2.66636908 -2.81968066 -0.92718299 -0.873094  ]
 [-4.35571563 -0.10353378 -0.286394   -1.27929469  2.80046876 -3.50220244]]
