[[ 0.73226926  4.01885044 -2.49849289 -2.04215825  0.98918742 -0.35313381]
 [-3.27674115  3.0009301  -3.6396453   3.74563715  3.17214347  0.01485761]
 [ 1.14131457 -0.19757633 -1.74808323  2.71534938 -1.73539713 -0.27750494]
 [ 3.62174316  0.9088675   3.26222028  1.82238261 -4.15802758  4.76642506]
 [ 4.91311672  0.7073023   1.44206231  3.15333173 -2.98331665  3.5339159 ]
 [-2.09151648 -1.95331818  0.14886917 -4.10629327  2.0119044   3.87930263]
 [ 3.27574643 -1.77425255  4.31493422  0.0636869  -4.30208492 -1.3433834 ]
 [ 0.25106664 -4.05824699  3.8805565  -2.50652231 -0.39500499 -0.1549196 ]
 [ 4.83794086 -4.02594516  0.76831377  1.71257598 -4.5543621   0.687076  ]
 [-3.8097175   2.59876869  1.41132372  1.11373765 -2.02555235 -4.7613166 ]
 [-4.03649452  4.10525693  4.30906703  1.4747396  -4.01071531 -2.37358818]
 [ 2.37219314 -2.42527065  1.87909624  2.56333594 -3.93797938 -2.48965181]
 [ 3.04529263 -4.72917031 -1.09216955  0.77093246 -4.29822645 -0.03935723]
 [ 2.94613718 -0.13754536  3.85796563  1.38711376  0.71019382  3.84026238]
 [ 4.68678317 -0.78405077 -4.7911996   2.45225123 -2.91372237 -0.59753684]
 [-3.24189014  2.00477549  2.67097556  2.18299458 -4.49167182  4.69470406]
 [-3.11085761 -3.1554254  -1.74911105 -0.3443823  -0.17501983 -4.59003396]
 [ 2.07253525 -4.58396452  2.08877092  0.16376034 -2.30123955 -0.64449437]
 [-0.74674494 -0.6448798  -1.65669856 -4.92665221  4.41507246 -4.96879594]
 [ 1.91450393 -3.61087717 -4.16993616  2.48718788  4.08307232  0.60679572]]
