[[1.00000000e+00 7.44572678e-05 1.07102810e-04 ... 2.97095748e-40
  3.42218925e-13 1.00000000e+00]
 [7.44572678e-05 1.00000000e+00 4.36895503e-11 ... 2.52130074e-35
  1.65657368e-09 1.00000000e+00]
 [1.07102810e-04 4.36895503e-11 1.00000000e+00 ... 9.61565565e-44
  8.73834552e-22 1.00000000e+00]
 ...
 [2.97095748e-40 2.52130074e-35 9.61565565e-44 ... 1.00000000e+00
  1.07648333e-31 1.00000000e+00]
 [3.42218925e-13 1.65657368e-09 8.73834552e-22 ... 1.07648333e-31
  1.00000000e+00 1.00000000e+00]
 [1.00000000e+00 1.00000000e+00 1.00000000e+00 ... 1.00000000e+00
  1.00000000e+00 0.00000000e+00]]
