[[-0.20906065  0.1659784  -1.80226507  1.60281389 -2.0748212  -2.35948863]
 [ 0.81701869  0.78547976 -2.96424767  2.59633397  0.31706353 -2.25816674]
 [ 0.11253446 -0.43017135 -3.80474102  0.61116548 -3.74772014 -1.41554156]
 [ 4.62340429  2.25092855  2.42291855 -4.14088133  4.5064559  -1.22178812]
 [-4.27345634 -3.37430917  0.14645655  0.09860923 -0.53680043 -3.54738864]
 [-1.79513617 -0.67503629 -0.0943385  -4.89673205  2.84066326 -0.01569366]
 [-1.04546246  4.0463786   4.13977797 -2.8948016   4.66349981 -1.33126577]
 [-4.61364025  4.09658312 -1.25058693 -0.52293714 -3.3577069  -3.09465967]
 [-0.87168993  3.66283287 -4.12165939 -3.81636846 -0.28579686  2.96656018]
 [-2.57648449 -2.4748231   1.83456768 -2.46576305  1.03756435  2.55718928]
 [-0.45882723  3.48151308  1.9982653  -4.49920703  1.01191944  3.95126252]
 [-0.20543647  3.46226184  1.53068024  4.41531796 -0.75248528  4.58815294]
 [ 2.72080213 -2.32215281 -4.56668599 -4.52479465  4.97233574 -1.212861  ]
 [ 1.28548161  1.48569482 -4.63843763  1.61998573 -0.5616816   4.38356282]
 [ 3.41593173  0.99822198 -0.67457156  3.62582919  2.0959315   0.38828442]
 [ 1.70130461 -4.77510352 -4.40356596  1.75929165 -1.56190169 -2.90423805]
 [ 4.25319779 -1.92287624  2.89529289  4.75092867 -4.46817291  4.62859886]
 [-4.42661738 -2.32902688 -1.87921173 -2.89598205 -4.42302389 -4.15973969]
 [ 1.43956647 -4.12772262 -3.23569907 -1.87027535 -2.43585353 -1.5690757 ]
 [-4.41095767  0.35397464  4.99499184 -4.09239736 -3.60218829 -4.95207789]
 [ 3.90054169  3.24401598 -2.6388367  -4.11169973  0.11178236  2.28678966]
 [-3.7543137  -1.50281907  3.36101746 -3.13785832  2.28121372 -2.96269328]
 [ 2.49155654 -1.75656977 -1.07773456 -2.01884673  3.2698878   3.7769967 ]
 [-3.37875518  4.76081932  0.61827159  4.50925842  2.28738164  1.01176391]
 [ 2.78574034  3.12343931  2.72825147 -4.15435297  3.28694954 -4.86795504]
 [-3.24852668 -3.40025076 -1.56044557 -3.08031448  1.81696693 -0.92676431]
 [-0.99601224 -4.19199028  3.32123877  3.99929449  3.70668473  3.9796726 ]
 [ 0.51882656  4.61624047 -2.01817877 -2.94817739  3.72439996  4.62660185]
 [-4.45230155  1.57398475 -1.35979838  0.36861429  4.46940462 -0.05460802]
 [ 0.18242128 -2.69661108  3.43515009  3.32274764  3.42408305 -1.82490659]
 [-4.98096265  3.5863688  -1.54498194  0.60081216 -4.14346504 -3.05493824]
 [-1.87849786  2.61606941 -3.90363887  2.73707197  1.8459266  -0.8814687 ]
 [ 3.805339    3.62655174 -1.628059    2.12667869 -4.08086373  2.24912009]
 [-0.48155602  4.18968095  1.56759247  2.66662335  3.79512305 -1.51397749]
 [ 3.16009798 -4.39206068  3.31923595  2.96645552 -2.63919821 -2.03080378]
 [-0.12076617 -0.70631122 -3.97713368 -4.69764126 -3.83836832 -0.53970685]
 [-4.71974222 -1.30357062  2.44939353  1.85103353  4.0268775   1.86127366]
 [-3.12649458 -4.0893014   2.43645231 -2.59554762 -3.72114229  0.55546277]
 [ 1.66770471  0.18564176  0.70097956  0.0602902   1.19270528 -4.91138212]
 [ 1.38669853  3.8355923   2.86310541 -4.49470418  2.62057209 -1.7025274 ]
 [-2.07607109  2.33355665  4.64445189  3.60428745 -0.92546559 -2.31280436]
 [-0.50199712  2.46850282  3.18355683  3.73542949  3.96701359 -2.2329023 ]
 [-4.89643357  0.48331756  4.56018213 -3.24115564  4.10229964 -2.96701092]
 [ 4.76545929 -1.28854566  1.29652745  4.87649223 -3.30290575  3.93917272]
 [-4.89643764 -3.20928038  4.23187336 -1.88655206  4.61632489  0.86119954]
 [-3.58495804  0.06672889  1.84923894 -2.37751376  2.15618542 -0.31253148]
 [ 0.60324903 -2.92427449  3.97835545 -1.68547491  0.9024895  -4.7270678 ]
 [-0.85526029 -4.15215863  2.88309139 -1.68867896  0.20807268  3.99780748]
 [ 3.8707543  -3.23464718 -4.32362996 -2.28371228  4.82416501 -0.10285541]
 [ 1.11354521  0.58294082 -1.34397795  3.61199714 -1.70052438  2.1889097 ]
 [-3.20990571 -0.0285433  -3.50975234 -0.61183451  2.13845926 -2.92100721]
 [-3.19110352 -2.58496125 -3.03470723 -0.46486624 -3.62750054  3.691264  ]
 [-2.29312387  4.52943509 -3.4436548  -1.5295777  -0.59321431 -2.2340969 ]
 [-1.26285854 -1.64566635  3.63319222 -4.21779187  4.95007686 -2.39974835]
 [ 1.34534872 -1.87028325 -4.63181983 -2.90031053  1.03256561 -0.45640112]
 [ 0.84837931  0.6708518  -1.39394779  0.19905158 -4.63548772  4.34947587]
 [ 1.26037095  3.67468184 -1.09495979 -1.02326344  3.16056871 -1.66129484]
 [ 2.03631786 -3.58745311  0.64489447 -4.04498626  4.63844377  0.98531759]
 [-0.91536903  1.31330532  1.00657722  2.74168365  2.09789617 -4.00256169]
 [-2.88623925  3.34645757  3.95260468 -2.60202936  1.11118074  1.08019346]
 [-4.33272886 -0.66663392 -4.54386067 -2.19786104  4.38450551  0.7440994 ]
 [-0.11683859  1.75245829 -0.93875388  2.61974867  1.07114955  1.4485243 ]]
