[[-1.05610189 -4.97325555  4.16687621 -2.00343898 -0.65674067 -0.37278954]
 [-3.76189061 -2.49971315  2.13218646  0.35378414 -3.98151383  3.45632372]
 [ 4.14398413 -4.69237562  2.42787503  2.12250627  0.79994851 -4.21073662]
 [-1.40546229 -0.25826814 -4.89263986 -0.88142921  3.85010642  3.90846846]
 [ 2.60614223 -0.74662154 -4.80333096  3.06326048 -3.31579734  1.11049647]
 [ 4.44719656  2.969047   -4.3310271   1.47648193  1.01712184  2.49738888]
 [-0.41277772  4.53950904  4.98837686 -3.46588679  1.41393101  1.97871337]
 [ 2.74075191  2.12726224  1.27923227  1.85166022  2.54991522 -0.8080628 ]
 [-0.49034646  3.9592513   3.61541272 -1.05805506  3.47219232  2.09992216]
 [ 4.92672864 -0.69952161  3.68293472  1.83291838  4.9763162  -4.17979921]
 [-4.18723653  4.51515503  1.90616744  3.90906645  1.20518577  1.20622917]
 [-1.67877475  4.95122627  4.59457575  4.48198403 -3.09448407 -0.22119251]
 [ 3.50183612 -1.5807488   1.20304431  0.53019631 -3.92254909  0.71668837]
 [-3.74355069  1.61477209 -4.60775687  2.55883806  3.47218751 -1.74391761]
 [ 1.89246746  1.54891109 -2.78944077 -3.04667208 -1.70575666 -3.13823097]
 [-3.87446509 -4.46748603 -2.45602964 -3.37301448 -1.75854227  2.66919848]
 [-2.39658153  1.55265217 -1.06698514  1.39375569  2.17804512  0.15511123]
 [-4.41720833 -3.83407666 -1.5538764   0.94204206  1.46369077  1.41828099]
 [-1.78562922 -4.20003629  1.88242256 -3.39443337 -4.19944264 -0.62825329]
 [-2.65046651  2.52271746  2.04260703 -1.06190458 -0.26387287 -3.16905492]
 [ 0.45462579  2.49973152 -3.07146303  3.61486542  4.45638428  1.90238329]
 [-2.63146928 -4.40939726  2.85384486 -0.74617869 -2.6150494   3.25906314]
 [ 3.11781655 -1.00685114 -1.94622215 -3.24700321 -0.8614886   1.22042906]
 [-3.09140286 -0.09089522  0.91752356  2.14056211 -2.40156268  0.85870535]
 [-3.9091171  -3.29412225  2.81082714 -4.21872319 -3.87905964  1.0119581 ]
 [ 2.73470034  4.39413731 -0.52578501  2.49433694  3.2142669  -3.83808822]
 [-4.44405929 -3.23265331  2.21667322  2.2829031  -0.48132614 -3.52958366]
 [-1.99622666 -1.20130834 -0.21647648 -2.14449551  2.61425605 -1.04358914]]
