[[  7959.72333479]
 [ -9131.92232817]
 [ 47327.53090906]
 [-36361.58177702]
 [-15581.23610951]
 [  5410.91031208]
 [ -2704.56099668]
 [-36240.19892926]
 [-23778.6506852 ]
 [ 23385.91212408]
 [ 30683.70730921]
 [ 53639.01259469]
 [-19162.69805398]
 [-18723.69519882]
 [-25079.08842482]
 [ 65236.09573102]
 [-37291.9420228 ]
 [ 40732.56624295]
 [ 14782.76265242]
 [-36167.25068413]
 [-23638.98138719]
 [  1143.26544279]
 [-14858.13723352]
 [-25988.66405789]
 [ 47750.43376406]
 [   936.93829411]
 [ 22612.38306736]
 [-36892.63388963]
 [ 40275.34117803]]
