[[ 2.13049149e+00 -2.39806645e+00  1.75323283e+00  3.82432989e+00
  -4.49900953e+00  4.88381181e+00]
 [ 4.80190398e+00  2.36337910e+00  4.37067920e+00 -3.57717429e+00
  -4.23201652e-01 -1.35619570e+00]
 [-1.08335254e+00  4.91997184e+00 -3.74714210e-01  4.11533909e+00
  -1.57082305e-01  4.21285382e+00]
 [ 3.52075494e+00  2.42911133e-01 -2.17824855e+00 -3.89452407e+00
  -1.43112858e+00  4.17803088e+00]
 [-3.75022249e+00  3.97836008e+00  4.50718262e+00 -4.91944472e-01
  -9.29216912e-01  3.08119376e+00]
 [ 2.33407547e+00 -1.19277239e+00 -5.13071464e-01  4.35122965e+00
  -9.82399845e-01 -3.95072257e+00]
 [-3.19201282e-01 -6.37466742e-01  1.97927174e+00  4.14595273e-01
  -1.35917303e+00  2.45331510e+00]
 [-1.61141042e+00 -1.45049564e+00 -4.93148965e+00  3.62387160e+00
   2.25230493e+00  4.96333252e+00]
 [-4.32808583e+00 -4.64371262e+00 -2.51878830e+00  3.63677931e-01
   1.43599262e+00  3.88639329e+00]
 [ 3.69171018e+00  2.70079996e+00  2.39663594e+00 -1.50611166e+00
  -1.94865436e+00 -3.01771398e+00]
 [ 3.73068393e+00  4.18784437e+00 -4.07024747e+00 -2.30568291e+00
  -1.15223114e+00  3.22367840e+00]
 [ 3.19234999e+00 -3.85610758e-01 -1.26084933e+00 -2.04556559e+00
  -2.89798165e+00 -2.99625976e+00]
 [-1.18408085e+00 -4.13858082e+00 -1.66339749e+00  3.82776188e-01
  -3.73837679e+00 -2.52342859e+00]
 [ 2.34953516e+00  4.17893905e+00 -2.26757565e+00 -1.42061632e+00
  -3.66663693e+00 -3.51398785e+00]
 [ 3.64813958e+00 -4.73103278e+00 -1.50014178e+00 -2.95591178e+00
   4.21001744e+00  3.48712873e+00]
 [ 3.95457634e+00 -3.77945244e+00 -9.32076107e-01  4.20106715e+00
   3.00101775e+00  2.87322315e+00]
 [-3.85754701e+00  4.83185727e+00  8.38851834e-01  3.07337384e+00
  -4.23862302e+00 -1.25191476e+00]
 [-9.83732158e-01 -3.18903181e+00  3.26873544e+00  3.03823910e+00
  -2.63754458e+00  1.94201089e+00]
 [ 3.70314860e+00  9.23174338e-01  1.42532697e+00  2.26923947e+00
  -4.59406597e+00 -7.24849592e-01]
 [ 5.81908542e-01  2.53160337e+00  2.01014061e+00 -4.03997842e+00
  -1.08146173e+00  1.35081184e-03]]
