[[ 2.36731492e+00  2.08615304e+00  3.25619349e+00 -4.44016660e+00
   2.47634881e+00  2.73977328e+00]
 [ 3.78791664e+00 -4.87452928e-01  2.89523965e-01 -2.60265220e+00
  -3.42058774e+00 -2.11920037e+00]
 [-4.70947434e+00  6.20111154e-01 -3.42480960e+00 -1.10622005e+00
  -2.25189275e+00  1.90390557e+00]
 [ 7.04195899e-01 -3.53637223e+00 -4.51164515e+00  3.21628227e+00
  -1.91267617e+00  2.15666149e+00]
 [ 2.21009846e+00  2.22914962e+00  3.15514826e+00 -9.16815909e-01
   1.97880345e+00 -3.11149855e+00]
 [ 3.27707439e+00 -3.39960282e+00 -1.17421048e+00  2.00761550e-01
   4.44016362e+00  2.66412200e+00]
 [ 6.51153801e-01  1.63385763e-01 -5.33372196e-01  2.48669013e+00
   1.62892057e+00 -4.81393648e+00]
 [-3.52363790e+00  2.60423632e+00 -2.57091224e+00  2.67413494e+00
   3.44325600e+00 -3.85192258e+00]
 [-2.68160508e-01 -4.18743209e+00 -9.94035361e-01 -1.45360909e+00
  -4.89002859e+00  3.10571141e+00]
 [ 3.55594862e+00  2.59596693e+00  2.53878051e+00 -1.51179631e+00
   5.62158765e-01  3.18860159e+00]
 [-3.27714546e+00 -1.89477740e+00  1.33703733e+00 -2.00081616e+00
   2.76482944e+00  1.29652269e+00]
 [-1.71674399e+00  4.50571028e+00 -2.28643183e+00  3.23783423e+00
   2.63750585e+00  1.58511474e-01]
 [ 2.15055282e+00 -3.30256975e-01  4.61209928e+00  2.56166855e+00
  -4.48624166e-01  3.35950529e+00]
 [-7.81283091e-01  1.98567351e-01  3.24532924e-01  1.00063792e-03
   3.76938971e+00  4.72379277e+00]
 [ 3.32310296e+00  3.76189802e+00 -2.84913323e+00 -4.07023729e+00
   5.71398270e-02 -3.19198033e+00]
 [ 1.38001154e-01  2.80216849e+00 -2.25082208e+00 -3.64740275e+00
   3.99046325e+00 -2.38452611e+00]
 [ 1.00491283e+00 -2.84774511e-01 -4.67139531e+00 -2.27485450e+00
  -1.24701666e+00 -1.41361974e-01]
 [ 2.48835954e+00  1.59554189e+00  1.82492505e+00  3.71602455e+00
  -4.27512496e+00  1.38775827e+00]
 [ 3.12040294e+00  9.19704683e-01 -3.14638210e-01  1.59373481e+00
  -4.27778996e+00  4.30395274e+00]
 [ 6.77128760e-01  4.65090556e+00 -4.59404425e+00 -2.19643338e+00
  -4.67430554e+00  3.99216391e+00]
 [-3.86176044e+00  3.05065554e+00 -3.13282521e+00  1.64028597e+00
   2.18914537e+00  2.51456915e-01]
 [-2.69456257e+00 -4.82136706e+00  4.79985849e+00 -2.91516639e+00
  -5.31511390e-01 -5.70201464e-01]
 [ 2.88824284e+00 -5.23039693e-01 -2.92687472e+00 -4.91143191e+00
  -3.32253235e-01  3.25595466e+00]
 [ 3.12382761e+00 -3.12890857e+00  1.23480595e+00 -4.62477751e+00
  -4.41221744e-01  1.50818733e+00]
 [ 4.40908774e+00  2.40318597e+00  4.03361382e+00 -9.94660569e-01
  -4.03108245e+00  6.09625295e-01]
 [ 2.93297933e+00  3.13278689e+00  3.12620685e+00  3.14455934e+00
   2.34169315e+00 -1.62635243e+00]
 [ 2.84609943e-01 -1.95967524e+00 -4.87904389e+00 -3.01168983e+00
   3.42206090e+00  2.49631675e+00]
 [ 3.16396142e+00  2.33459000e+00 -1.87963844e+00  2.62075880e+00
   1.38246423e+00 -4.65287110e+00]
 [-1.29819545e+00  2.04254897e+00  4.94287578e+00 -2.78564425e+00
   2.50860750e+00  2.15776049e+00]
 [-2.58200343e+00 -4.15887134e+00  3.01368043e+00 -1.19091649e+00
  -1.38106103e+00  1.80699667e+00]
 [-7.55719206e-01 -9.09531128e-01  4.61289784e+00  2.52156916e+00
  -1.91824922e+00 -1.94268921e+00]
 [-3.86154928e+00  7.78913694e-01  3.25064927e+00 -2.41877915e+00
  -1.96575168e+00  3.02774319e-01]
 [-4.79494010e+00 -1.40932959e+00  8.02724316e-01  2.03529219e-01
   9.20884978e-01  7.07722115e-01]
 [-7.51413001e-01  3.36310564e+00 -3.90832067e+00 -2.73143928e+00
   1.86643534e+00 -2.63956091e+00]
 [-1.90333973e+00 -3.53673033e+00  2.72706917e-01 -5.79379535e-01
  -4.07822972e+00 -7.38409320e-01]
 [-1.58893168e+00 -4.21866883e+00 -4.10602314e+00 -2.50155419e+00
  -2.52547487e+00 -3.78150645e+00]]
