[[1.00000000e+00 3.77187110e-53 3.73603885e-26 2.23146646e-35
  4.84440929e-29 6.02084674e-32 6.68486493e-52 9.50827090e-52
  2.47934172e-06 9.27086825e-52 8.63122095e-24 4.20722071e-21
  4.39833048e-40 8.01457078e-75 7.68585747e-64 3.95352272e-58
  1.29042945e-67 7.28059962e-44 4.84781425e-48 1.14840886e-71
  1.00000000e+00]
 [3.77187110e-53 1.00000000e+00 1.55081406e-85 1.21370542e-93
  9.58276763e-37 7.47973267e-31 5.28052049e-43 8.73608691e-43
  3.49217521e-70 7.05771973e-50 1.03930751e-31 1.76176802e-45
  1.35201522e-79 5.67696492e-68 3.73710601e-57 6.31238209e-74
  3.24267124e-78 8.88113863e-82 1.37162333e-30 1.16796436e-90
  1.00000000e+00]
 [3.73603885e-26 1.55081406e-85 1.00000000e+00 2.91981835e-48
  5.25914991e-26 8.35787989e-41 2.40070762e-86 2.64858226e-86
  3.00176572e-14 2.55252901e-96 5.43692094e-32 3.83068960e-56
  2.00877767e-53 2.09338233e-76 3.89477842e-79 8.03136768e-62
  3.89781547e-61 6.31951815e-61 5.71344880e-35 7.06647297e-92
  1.00000000e+00]
 [2.23146646e-35 1.21370542e-93 2.91981835e-48 1.00000000e+00
  1.70018753e-37 1.87989898e-28 8.98178464e-81 3.00576061e-28
  7.57834894e-22 1.45179698e-47 6.60619200e-67 8.80017858e-63
  3.22424742e-08 1.39953449e-34 3.56841369e-79 3.01548294e-47
  4.34649603e-44 2.64905304e-44 8.33134142e-59 1.67107908e-29
  1.00000000e+00]
 [4.84440929e-29 9.58276763e-37 5.25914991e-26 1.70018753e-37
  1.00000000e+00 1.06686903e-09 3.45347687e-33 1.31876212e-31
  7.49907481e-26 9.01982161e-37 4.60760937e-20 1.35356330e-31
  4.30991928e-35 1.30748643e-29 3.07986286e-25 2.50006600e-18
  1.37501935e-30 2.29514355e-41 7.99675698e-20 2.02454031e-50
  1.00000000e+00]
 [6.02084674e-32 7.47973267e-31 8.35787989e-41 1.87989898e-28
  1.06686903e-09 1.00000000e+00 6.66523606e-31 2.13400722e-21
  1.93346376e-27 1.09878632e-21 1.11337515e-35 6.13205378e-48
  2.42875178e-26 1.47674633e-13 7.30562470e-40 6.73000937e-31
  3.20816696e-28 2.69329539e-25 5.45271153e-14 2.71105014e-30
  1.00000000e+00]
 [6.68486493e-52 5.28052049e-43 2.40070762e-86 8.98178464e-81
  3.45347687e-33 6.66523606e-31 1.00000000e+00 2.58846015e-51
  5.45957919e-61 1.41698321e-14 3.96743338e-49 9.01387703e-42
  3.79602565e-70 7.44782228e-48 9.90130262e-17 1.55460115e-30
  9.39045337e-48 2.31897624e-28 2.52754368e-62 7.55384460e-52
  1.00000000e+00]
 [9.50827090e-52 8.73608691e-43 2.64858226e-86 3.00576061e-28
  1.31876212e-31 2.13400722e-21 2.58846015e-51 1.00000000e+00
  3.56578459e-53 1.94108733e-24 2.77711131e-52 9.82535318e-45
  3.05912652e-20 5.03250699e-27 5.81894274e-47 1.48896785e-35
  1.39989447e-40 7.73152694e-62 8.15792998e-52 5.40142372e-29
  1.00000000e+00]
 [2.47934172e-06 3.49217521e-70 3.00176572e-14 7.57834894e-22
  7.49907481e-26 1.93346376e-27 5.45957919e-61 3.56578459e-53
  1.00000000e+00 8.23444933e-57 2.95592504e-30 3.17931855e-35
  9.57707437e-27 2.71000715e-59 4.72126543e-67 3.74836160e-51
  4.22671376e-50 1.06626810e-34 4.53885560e-41 3.37603353e-56
  1.00000000e+00]
 [9.27086825e-52 7.05771973e-50 2.55252901e-96 1.45179698e-47
  9.01982161e-37 1.09878632e-21 1.41698321e-14 1.94108733e-24
  8.23444933e-57 1.00000000e+00 1.64191663e-68 2.33583898e-53
  4.90138882e-45 6.08555159e-27 2.01458990e-34 9.60181866e-34
  5.74839403e-47 1.34419394e-24 2.26702148e-64 5.70911323e-28
  1.00000000e+00]
 [8.63122095e-24 1.03930751e-31 5.43692094e-32 6.60619200e-67
  4.60760937e-20 1.11337515e-35 3.96743338e-49 2.77711131e-52
  2.95592504e-30 1.64191663e-68 1.00000000e+00 2.74301309e-13
  1.08628192e-51 5.32597215e-77 1.81499262e-37 1.34713431e-43
  7.55773188e-50 2.17029380e-72 1.96307202e-34 9.12567899e-83
  1.00000000e+00]
 [4.20722071e-21 1.76176802e-45 3.83068960e-56 8.80017858e-63
  1.35356330e-31 6.13205378e-48 9.01387703e-42 9.82535318e-45
  3.17931855e-35 2.33583898e-53 2.74301309e-13 1.00000000e+00
  4.61595796e-52 8.49912326e-89 3.74265157e-32 2.72711103e-39
  9.29002156e-64 4.25469002e-74 3.15005691e-70 8.78383322e-81
  1.00000000e+00]
 [4.39833048e-40 1.35201522e-79 2.00877767e-53 3.22424742e-08
  4.30991928e-35 2.42875178e-26 3.79602565e-70 3.05912652e-20
  9.57707437e-27 4.90138882e-45 1.08628192e-51 4.61595796e-52
  1.00000000e+00 3.98201433e-29 5.51342379e-61 4.00681315e-36
  1.51451498e-22 9.37326018e-45 5.35744102e-52 1.89002023e-16
  1.00000000e+00]
 [8.01457078e-75 5.67696492e-68 2.09338233e-76 1.39953449e-34
  1.30748643e-29 1.47674633e-13 7.44782228e-48 5.03250699e-27
  2.71000715e-59 6.08555159e-27 5.32597215e-77 8.49912326e-89
  3.98201433e-29 1.00000000e+00 2.60684560e-50 9.10816574e-32
  3.48104152e-21 5.58657123e-32 5.01702205e-37 2.33101541e-15
  1.00000000e+00]
 [7.68585747e-64 3.73710601e-57 3.89477842e-79 3.56841369e-79
  3.07986286e-25 7.30562470e-40 9.90130262e-17 5.81894274e-47
  4.72126543e-67 2.01458990e-34 1.81499262e-37 3.74265157e-32
  5.51342379e-61 2.60684560e-50 1.00000000e+00 8.93069158e-09
  1.26244284e-31 6.28628578e-55 2.17450294e-68 2.66625139e-54
  1.00000000e+00]
 [3.95352272e-58 6.31238209e-74 8.03136768e-62 3.01548294e-47
  2.50006600e-18 6.73000937e-31 1.55460115e-30 1.48896785e-35
  3.74836160e-51 9.60181866e-34 1.34713431e-43 2.72711103e-39
  4.00681315e-36 9.10816574e-32 8.93069158e-09 1.00000000e+00
  1.09484494e-18 5.87457989e-46 2.82081221e-62 3.54976675e-35
  1.00000000e+00]
 [1.29042945e-67 3.24267124e-78 3.89781547e-61 4.34649603e-44
  1.37501935e-30 3.20816696e-28 9.39045337e-48 1.39989447e-40
  4.22671376e-50 5.74839403e-47 7.55773188e-50 9.29002156e-64
  1.51451498e-22 3.48104152e-21 1.26244284e-31 1.09484494e-18
  1.00000000e+00 4.11057530e-38 1.03623766e-45 3.14155637e-16
  1.00000000e+00]
 [7.28059962e-44 8.88113863e-82 6.31951815e-61 2.64905304e-44
  2.29514355e-41 2.69329539e-25 2.31897624e-28 7.73152694e-62
  1.06626810e-34 1.34419394e-24 2.17029380e-72 4.25469002e-74
  9.37326018e-45 5.58657123e-32 6.28628578e-55 5.87457989e-46
  4.11057530e-38 1.00000000e+00 2.64213550e-55 2.31697565e-28
  1.00000000e+00]
 [4.84781425e-48 1.37162333e-30 5.71344880e-35 8.33134142e-59
  7.99675698e-20 5.45271153e-14 2.52754368e-62 8.15792998e-52
  4.53885560e-41 2.26702148e-64 1.96307202e-34 3.15005691e-70
  5.35744102e-52 5.01702205e-37 2.17450294e-68 2.82081221e-62
  1.03623766e-45 2.64213550e-55 1.00000000e+00 5.72693728e-67
  1.00000000e+00]
 [1.14840886e-71 1.16796436e-90 7.06647297e-92 1.67107908e-29
  2.02454031e-50 2.71105014e-30 7.55384460e-52 5.40142372e-29
  3.37603353e-56 5.70911323e-28 9.12567899e-83 8.78383322e-81
  1.89002023e-16 2.33101541e-15 2.66625139e-54 3.54976675e-35
  3.14155637e-16 2.31697565e-28 5.72693728e-67 1.00000000e+00
  1.00000000e+00]
 [1.00000000e+00 1.00000000e+00 1.00000000e+00 1.00000000e+00
  1.00000000e+00 1.00000000e+00 1.00000000e+00 1.00000000e+00
  1.00000000e+00 1.00000000e+00 1.00000000e+00 1.00000000e+00
  1.00000000e+00 1.00000000e+00 1.00000000e+00 1.00000000e+00
  1.00000000e+00 1.00000000e+00 1.00000000e+00 1.00000000e+00
  0.00000000e+00]]
