[[ 4.6311238   4.01785063 -0.22265413 -1.80229092 -2.90494995 -0.04040649]
 [ 2.8666709   1.65784232 -0.05545059  2.06076034  1.53401202  4.22073466]
 [ 0.22421582  2.55282332 -2.43230861  3.77864601  2.17762234  0.38731056]
 [ 4.31038718 -0.99842374  2.59085659 -1.30308892  0.48046137  3.29142745]
 [-3.811298   -1.53212812  3.35090859  4.68331748  1.78623827 -2.11268103]
 [-0.80460215  0.2157251   4.08403689 -0.76370349 -3.58237165  2.73474282]
 [ 0.27233716 -4.92757536 -3.16510659  4.4819074   2.22631671 -1.63368879]
 [-0.91107956 -4.37499245  1.93621335 -2.84503927 -3.34932155  3.45414642]
 [ 1.51485287 -2.29169095 -4.95346603 -2.81285332 -1.47408839 -1.75458445]
 [ 4.4614253   1.07074225 -4.27695074  1.91615734  0.05982432 -4.220872  ]
 [ 0.10037268  0.45575772 -0.15173836 -4.30584009  1.54128243 -0.37807581]
 [-2.89337663 -1.37980175  1.56033423  1.45781122 -2.48468302  4.79596163]
 [-3.74405661  3.27509814 -4.4959982   0.1615502  -0.97770021  3.06186359]
 [ 4.34206062 -4.8571347  -4.37270849  4.68608795  0.02425533 -2.76391728]
 [ 2.32058022  2.196525    2.92853434 -3.69536077  0.54771768  0.2208961 ]
 [ 3.49745446  3.95240749  1.93462406 -1.99358437 -0.20823736 -2.88368912]
 [ 0.02754947 -4.0943638   4.08935307  1.46427419 -3.16775228  3.35656949]
 [ 2.9165984  -3.68676771 -4.39213268 -0.97288007 -0.47739196  1.32208161]
 [ 1.35087946  3.76858902 -1.69295637  2.08134754 -2.5216333  -2.41834292]
 [ 4.01005511  4.11877955 -4.01295747  4.92852605  1.80286534  2.95110213]]
