[[-1.82382359  1.96299743 -2.93761728  0.31362654  2.19473932 -0.83529716]
 [ 3.31290815 -3.32099925  1.06079696  4.97854128  1.94388576 -3.81293014]
 [-3.06385867 -2.21366827  0.26438775  1.99571366  2.43999242  3.57752264]
 [-0.09380384  4.589563    2.09763911  4.29146617 -0.78977242  0.09259793]
 [ 1.18974084 -3.34599748  4.82289287 -1.8166778   2.4167389  -1.94725585]
 [-0.92700539  2.1218303   2.77672301  0.34458628 -2.39529923 -3.5420006 ]
 [ 4.74868639 -1.7303506   0.29124088 -4.3875041  -0.71385923 -0.22249735]
 [-3.92149231  3.6254411   4.44037484 -1.62020174 -4.7828067  -4.35185436]
 [ 3.12106317  0.54419782 -0.78678437 -2.68903252 -1.73840378  4.45585356]
 [ 1.55604831 -2.52446084  1.942427   -2.87570376  0.08942088 -0.75021862]
 [-0.93747499  1.80574202  0.37313173 -0.51095469 -2.66551695 -1.57053008]
 [ 3.32674826 -4.42030317  3.22863086 -1.75499676  3.60823151  3.36822634]
 [ 3.78336769  4.17522555  2.25967536 -4.65434634 -4.79195655  3.91197314]
 [ 0.32442637  1.40779566  0.34123844 -1.69045001  1.72861613 -1.96704243]
 [-3.44812495 -1.13844235 -1.45326605  1.33276296  0.3586252  -1.70352712]
 [-2.87948715 -4.22940554  0.0147755   0.46493016  3.6919626   1.11455702]
 [ 1.2782101  -3.29906704 -0.94729318  0.52811029 -0.05685704  4.19750667]
 [-2.68400263  3.56866315 -2.01719507 -3.15817827 -0.63088581  2.94179464]
 [ 3.00807602  4.35884391 -0.82355713  2.43845589 -3.9392834   3.21877286]
 [-0.68789027  4.28335407  0.41999155 -3.95679974 -0.39345215 -3.51776408]
 [-2.48582426  0.34048364 -4.11530669 -2.55866879 -4.33522084  4.27149658]
 [ 4.40576795  1.99863212 -3.72773736 -0.24755257 -2.85814599 -1.65917311]
 [ 1.03337107 -0.46246879 -3.60161093 -4.04276803 -3.09825393  0.8964338 ]
 [-3.39311229  3.97274357  0.91565197  1.77358244  0.70471821  3.92099947]
 [ 0.75764713  4.03341526 -0.13875541 -1.44825001  2.43842561  4.23542852]
 [-1.71417011  2.90364019  3.89445713  0.52908031  0.54327663 -4.04261321]
 [ 4.94342796  1.69989662  2.22111924  0.77815214 -2.65440459 -2.24061066]
 [-4.01177199  0.70651315 -1.90585125 -1.7443226   2.364821   -1.37454125]
 [-2.31154117 -4.25137476 -4.13002878  0.18039426  0.1560843  -4.83919604]
 [-1.21191929 -4.51170588 -1.85735769  3.08553827  2.29509332  2.85201915]
 [ 2.2921741  -4.99500427 -0.92970097  1.05039529 -1.1355277   2.21055331]
 [-2.2037517  -2.98271913 -2.9135807   4.05983495 -1.85670574  3.67396861]
 [ 4.004208   -2.53628538 -2.07470788  4.28622945  0.53226629 -0.94378117]
 [ 3.1461137  -1.66621982 -4.55667826  0.9364941   4.14434447  2.37013076]
 [-2.32448146  4.93627032 -4.83150505  1.54152859 -2.88057579  1.77925999]
 [-3.80094073  3.89536035  2.41285301  2.69352092  2.95842315 -1.89022197]
 [ 0.96177636  4.66706096  2.03323495 -2.4597153  -1.65194702 -0.29861862]
 [ 4.04600564 -0.74966999 -0.13856795  4.77830097 -1.64818959 -4.47763411]
 [-1.06363127  3.2568885   0.81844505 -0.54334626  1.50367367  4.05351852]
 [-1.63645095 -3.96255543  2.77916518 -3.40348068 -3.51829961  4.92273023]
 [ 1.57551268  2.95841108  1.40108427 -1.31366169 -1.64669381  1.42310159]
 [ 4.34509882  2.42411344  3.24179925  3.97094825 -4.83088013  2.96790862]
 [-4.17905796 -2.95086068 -0.8090317  -2.26498981 -4.94507791 -0.73626028]
 [-3.73572811 -3.96235872  3.38417648  3.14777045 -3.26803999 -2.30249625]]
