[[-35806.03320103]
 [ 41538.06364488]
 [-25179.44564555]
 [ 33932.06987367]
 [-34619.22830591]
 [-39956.60471912]
 [ 58538.47836435]
 [-14139.47005001]
 [-24413.98768371]
 [-29924.2396771 ]
 [-39268.66833527]
 [  9607.20908289]
 [ 62284.06060563]
 [-40478.43230268]
 [-23098.38220942]
 [  7820.15576315]
 [-24595.03853886]
 [ -6683.33115907]
 [ 10231.55198792]
 [ 18334.8783561 ]
 [-23985.99742336]
 [ -3904.46450823]
 [ -1535.02002741]
 [-12639.12501081]
 [-12865.79187744]
 [-38975.74152042]
 [ 11770.67017457]
 [-16716.83673712]
 [ 17496.49846212]
 [ 17125.39576554]
 [ 36969.11913902]
 [ 12708.09852412]
 [ 32526.54039606]
 [-21222.90445337]
 [ 47013.4299068 ]
 [-11753.90267775]
 [  5316.53029699]
 [ 48260.71706525]
 [-30842.54465542]
 [  2914.58236909]
 [-34481.03835682]
 [ 29175.91885322]
 [ 19886.96454738]
 [ 23635.29589711]
 [ 41052.59396724]]
