[[1.00000000e+00 2.63041909e-19 3.29989742e-63 ... 6.31699369e-32
  2.38773517e-06 1.00000000e+00]
 [2.63041909e-19 1.00000000e+00 1.51222847e-45 ... 2.55092086e-23
  2.35981516e-22 1.00000000e+00]
 [3.29989742e-63 1.51222847e-45 1.00000000e+00 ... 7.11024318e-20
  1.24364052e-44 1.00000000e+00]
 ...
 [6.31699369e-32 2.55092086e-23 7.11024318e-20 ... 1.00000000e+00
  3.67406263e-18 1.00000000e+00]
 [2.38773517e-06 2.35981516e-22 1.24364052e-44 ... 3.67406263e-18
  1.00000000e+00 1.00000000e+00]
 [1.00000000e+00 1.00000000e+00 1.00000000e+00 ... 1.00000000e+00
  1.00000000e+00 0.00000000e+00]]
