[[-0.52295425 -4.68139889  2.04546721 -3.53934172  1.83974487 -4.68467321]
 [ 1.83916726 -4.61568169  1.62629737 -0.67353568 -0.19999368  0.28009827]
 [-4.48979239 -0.31563148  2.5925392   2.91849127  4.63154024  3.01443217]
 [ 4.23226288 -2.86611219 -2.9725572   2.26520358  3.02261844 -4.74735048]
 [-1.13239603 -0.12935204 -2.68736603  1.34235772  2.48010404 -0.35997702]
 [-0.79194174 -2.6213697   1.90047658 -1.9984813   4.23347606 -1.12292901]
 [ 3.38602561  0.5488646   2.67710763 -2.97175606  0.32636882  2.39552493]
 [ 3.33316194  4.68774386  2.47710367 -2.75753287  4.49665013  0.72967902]
 [-2.34966308  0.05370774  3.43166994  3.08537238  0.55221686  1.95871782]
 [-1.5663211   2.39279317 -3.10564438  0.26560107  4.83030338 -4.68145153]
 [ 2.42767763 -4.3626999   0.89470626  4.83277475 -2.84142614  1.07405935]
 [ 0.8625789   3.91130233  0.46742146 -0.80701631  1.15248086  1.67206087]
 [-3.70482012  3.8698891   2.20805408 -2.13366231  4.95688111  1.96676103]
 [-1.43805699 -2.82028548  3.30434111 -1.78805107  4.65239658 -0.05651314]
 [ 0.42300386  0.79577763 -2.96492756  1.18118301 -0.20495912 -1.34257918]
 [-2.11836257 -4.85676208  0.47326026  1.90133915 -1.92869457 -4.51619133]
 [ 0.6783505   0.08305296  3.18325728  4.43501335 -3.97695415 -4.31472076]
 [ 2.32653023 -0.48366755 -0.41931649 -4.592541   -3.65101945  0.73908881]
 [ 0.28901183 -2.77933365 -4.59525459 -3.97202544  0.39250992  3.38166208]
 [ 2.24836111  1.35663509  3.24210557 -4.43253169 -3.37576348 -4.61650606]
 [-3.0486479   4.20641711 -4.18543432  4.98256512  2.99137115  4.87763845]
 [-1.65108254  2.48407415  1.20341867  0.99736181  4.64217563 -0.80901745]
 [ 0.34116993 -0.48422473  1.01214302  0.59736205 -4.70635383  0.91084923]
 [ 1.64462851  0.73762749  3.49562346 -3.25347168 -4.5596897   3.21776304]
 [ 2.61505085 -3.46029128  2.32490329  4.04698599 -3.72620772 -0.31356012]
 [ 4.06200816 -0.60615502  1.08044118 -0.56698702  3.99531843 -1.44359829]
 [-3.24319636  2.21189206 -1.27380968  1.15833877 -4.5566303   4.67930709]
 [ 4.07281364 -4.22718355  1.04428864  0.20430269  3.26793183 -1.85598084]
 [-1.87488145  4.51362372 -2.97256162  3.41210006  4.32333504 -3.75248777]
 [ 2.23699688  3.10251915 -1.06096284  2.33050136 -4.86575742 -1.61838283]
 [ 0.68832003  4.32741801  4.42863116 -2.98239054  2.03280726 -1.13940377]
 [ 2.71649446  2.0390831  -4.09756231  0.45797845 -2.03955763  0.323698  ]
 [-0.05716217 -1.90135153  0.83981733  3.00061219  4.73584077 -1.32582016]
 [-0.15161784 -3.17066184  3.13964094 -2.13260966  4.44453036 -3.93372088]]
