[[ 18900.74186241]
 [ 10685.11947931]
 [  9572.04541784]
 [ 21646.99954017]
 [-33530.28459334]
 [-30295.04127412]
 [-14776.8751572 ]
 [  8626.75576366]
 [-22290.61383138]
 [-24439.23210294]
 [ 77529.89721376]
 [-11477.54185141]
 [ -8440.65132983]
 [-29033.40804106]
 [-32923.49549258]
 [ 30766.36906484]
 [ 22437.59938378]
 [ 30260.54116465]
 [  5192.40534174]
 [ 20088.83070173]
 [ 63663.74107666]
 [-30700.24406185]
 [-31850.08464255]
 [-10299.92441154]
 [ 25699.1971984 ]
 [ -3836.34052115]
 [-20312.46899668]
 [ 38198.96516798]
 [ 25470.58878696]
 [-12120.56231974]
 [ -7849.4208318 ]
 [-24335.72511524]
 [-31545.05481756]
 [-28682.82777193]
 [ 34513.02996555]]
