[[-0.79003096 -1.16721932  0.64351938 -1.49059983  4.15194108 -2.48396946]
 [-2.07763559  1.85975495  1.5929257  -4.11120927 -3.66098525  0.42785146]
 [ 1.81490802 -4.0207482   4.80812957 -4.17458793 -1.91502466  0.55088672]
 [-4.06582751 -2.21243072 -1.42525061 -1.78863249  1.37241534 -4.25916054]
 [ 3.41263185  2.42280661  0.71807367  4.53770468 -3.14602193 -3.09764571]
 [ 0.82987954 -0.86352723  0.78327735  0.32529159 -4.97582865 -3.17648677]
 [ 0.279882    2.44537279  4.64904187  0.0437746   1.62293645 -4.83685491]
 [-0.33231044 -1.76677003  4.90182023  1.81309052  4.65627158 -3.31482324]
 [-4.69271411 -3.4217551  -0.89182085  4.95847443 -4.74234682  4.90318988]
 [-2.85394803  3.35542835 -1.71748327 -1.48163974  2.68349161 -3.29716634]
 [-2.43792198 -3.56252989 -2.99424758 -2.60612729  4.46008026 -3.17055726]
 [ 2.42030478  0.7433164   2.88617339 -2.26838607 -4.79804507  4.8960877 ]
 [ 2.14933707  4.20100195  1.16868889  1.50321091 -0.9034046   1.44558703]
 [ 0.90363341  1.77080709 -3.71491603 -0.44991189 -1.9506812  -1.3557667 ]
 [-4.41200665  3.98124313 -0.77066215  4.70090316 -1.2951632  -1.39144542]
 [ 0.62678882 -1.64485052  3.71533439 -2.78865291  0.24474909 -1.75255543]
 [ 3.65275456  4.49138588 -1.19856135  1.34424259  3.31951637  0.48657814]
 [ 2.82951111 -2.72050418 -0.67685678 -1.03739875  0.92499088 -2.59217059]
 [-3.5704141  -0.31888919  0.10542849  4.11448523 -2.14759379 -4.10366438]
 [-1.7521819   1.20244678 -3.31626492 -3.47159517 -3.91513756  3.48010367]]
