[[-1.40785297  1.97009045  1.30700911  0.06982955  1.74229476 -3.43748453]
 [ 0.81341034  1.82971122  1.46713269 -0.9076075   1.08785879 -3.27217199]
 [ 0.77934738 -4.35255885  0.98795556 -4.20936925 -0.98052625  0.93357809]
 [ 4.62449437  0.98332948 -2.42028866  1.30558161 -3.24740494 -2.28754402]
 [-0.86341091 -2.31952392  4.5747291   1.05287735  0.69002576  4.30828057]
 [-3.04944311 -2.14003596  1.72340748  3.96750811  4.87210871  3.02540794]
 [-3.47911639 -2.00979169  1.46555312  4.80977985  1.09430187 -3.36001649]
 [-4.54926725  4.87861224 -0.49728666  1.67020117 -4.50120527 -0.57368065]
 [-3.71548665  4.17133351 -3.85523472  3.50364409  1.32845866 -3.27756446]
 [ 3.90056727  1.53063112 -4.7948417   2.64960744  0.19296307  0.82944477]
 [ 2.48443549 -3.80201328 -0.37086827 -1.49688226  0.206429    3.13970094]
 [-0.04344428  2.4357994  -0.62101599 -4.81003009  3.19831907  0.62827771]
 [ 4.25943761  2.14246163 -3.86432901 -3.56197025 -1.5748045  -0.32730343]
 [ 0.36847342  2.90460082 -3.68343     0.7928651   0.31457963 -2.86481208]
 [-2.93703067 -4.77811072  3.04565213 -1.83986061  0.63225948 -0.18950065]
 [ 1.79920853  0.21095417  1.56144973  1.62046414 -0.32969945  4.6266527 ]
 [ 2.94592699  3.35697517  1.38998457 -0.89001417 -1.62743201 -0.42849177]
 [ 3.25321314 -4.52619397  2.03598294 -4.34529952  2.94664632 -3.30878523]
 [ 3.94499289 -4.85413337  3.52307905  0.08619856 -3.39334988  4.11582938]
 [-3.77498819  0.47181039  2.17365548  2.05634554 -3.38056171  4.92489952]]
