[[  5679.92915254]
 [ 22279.7253319 ]
 [ -4459.52163197]
 [  7664.58313083]
 [ 26482.25523347]
 [-12949.69904856]
 [ -8432.82241738]
 [ 22540.36319965]
 [-30688.91704807]
 [-16466.88157438]
 [-16126.10700492]
 [ 50688.87951599]
 [-20521.18966106]
 [ 70413.41818023]
 [-37151.44517019]
 [-14374.64398841]
 [-29784.11074693]
 [-20581.3777154 ]
 [ 18246.13113542]
 [-22101.55117136]
 [  9984.60391254]
 [ -6377.69146622]
 [  3035.53617822]
 [ 26549.28537324]
 [ 47043.88790513]
 [-21287.91403473]
 [-16233.59295594]
 [-33071.13261364]
 [ 39421.56961134]]
