[[1.00000000e+000 7.06643566e-092 3.90165041e-093 1.97888533e-024
  3.18228105e-085 1.43658074e-093 1.56382679e-046 2.29660367e-035
  2.63627811e-036 1.16188324e-084 2.26232521e-032 2.46890795e-050
  2.91455092e-024 5.68319782e-039 1.99102954e-088 1.25242279e-037
  1.14995571e-067 1.30485617e-050 1.17907423e-031 9.98127926e-074
  1.00000000e+000]
 [7.06643566e-092 1.00000000e+000 7.76508225e-021 1.09836610e-050
  1.70204457e-027 3.76035411e-025 5.48420179e-024 3.77875048e-036
  7.97855686e-049 1.34485956e-019 1.86267737e-042 2.17109835e-038
  2.35493045e-074 3.86291932e-079 1.25611119e-088 5.91674391e-035
  1.56248435e-025 2.42081778e-025 1.72994194e-071 4.64559315e-030
  1.00000000e+000]
 [3.90165041e-093 7.76508225e-021 1.00000000e+000 2.11416105e-049
  2.71973207e-014 2.32718911e-029 2.49789501e-048 1.56147705e-049
  5.84230747e-037 4.00310971e-048 2.18344592e-062 2.80231041e-041
  1.04965616e-057 1.53183332e-049 7.82717374e-045 3.30815611e-021
  5.11399211e-027 2.28260112e-027 4.09040069e-095 5.25422891e-013
  1.00000000e+000]
 [1.97888533e-024 1.09836610e-050 2.11416105e-049 1.00000000e+000
  3.41553385e-033 1.99008980e-037 7.10750256e-051 3.32115692e-018
  3.58398374e-040 8.73638561e-072 6.49967177e-016 3.38493653e-030
  5.40894926e-039 1.91532274e-012 8.17436325e-094 1.38236696e-014
  2.00618250e-046 1.07586081e-025 2.30384659e-024 2.97886131e-052
  1.00000000e+000]
 [3.18228105e-085 1.70204457e-027 2.71973207e-014 3.41553385e-033
  1.00000000e+000 6.21045273e-034 1.72305588e-064 2.18278279e-026
  8.78989722e-045 7.44645835e-075 1.79410164e-056 6.21748919e-026
  4.80047952e-057 1.52174692e-035 9.33710296e-082 2.75626589e-019
  3.19440131e-044 1.36088478e-030 3.33513188e-079 2.16851677e-020
  1.00000000e+000]
 [1.43658074e-093 3.76035411e-025 2.32718911e-029 1.99008980e-037
  6.21045273e-034 1.00000000e+000 5.33078043e-054 8.43500939e-050
  1.86330757e-056 1.54751529e-045 1.57856669e-052 3.18963775e-074
  2.71736128e-091 4.71612501e-052 6.13296027e-092 2.93415260e-025
  5.10161069e-048 1.80559021e-043 2.78002615e-052 7.86293992e-047
  1.00000000e+000]
 [1.56382679e-046 5.48420179e-024 2.49789501e-048 7.10750256e-051
  1.72305588e-064 5.33078043e-054 1.00000000e+000 1.93886645e-036
  4.98343900e-028 8.34576973e-011 7.61916591e-036 8.59976322e-047
  1.88296352e-045 5.12633513e-083 2.28924392e-067 3.15644542e-037
  3.27600164e-029 1.77638339e-032 7.69079843e-051 4.69306512e-038
  1.00000000e+000]
 [2.29660367e-035 3.77875048e-036 1.56147705e-049 3.32115692e-018
  2.18278279e-026 8.43500939e-050 1.93886645e-036 1.00000000e+000
  1.91381051e-027 6.04161926e-065 6.75915056e-032 2.82351041e-019
  1.19153361e-030 2.57482433e-040 1.85354935e-094 3.53104527e-021
  1.27546077e-045 1.30625881e-028 2.75882211e-028 2.27624871e-036
  1.00000000e+000]
 [2.63627811e-036 7.97855686e-049 5.84230747e-037 3.58398374e-040
  8.78989722e-045 1.86330757e-056 4.98343900e-028 1.91381051e-027
  1.00000000e+000 9.66676982e-057 1.10837413e-058 5.48428475e-045
  8.21431223e-012 7.34007387e-048 6.82115126e-025 2.40192185e-018
  4.90017338e-034 2.38791223e-034 1.23769661e-045 8.82571995e-021
  1.00000000e+000]
 [1.16188324e-084 1.34485956e-019 4.00310971e-048 8.73638561e-072
  7.44645835e-075 1.54751529e-045 8.34576973e-011 6.04161926e-065
  9.66676982e-057 1.00000000e+000 1.24940034e-050 3.41445778e-073
  2.12755988e-088 2.05485354e-104 1.69700074e-088 4.59680147e-051
  1.18651242e-041 6.07537385e-049 2.11918719e-079 1.38810065e-048
  1.00000000e+000]
 [2.26232521e-032 1.86267737e-042 2.18344592e-062 6.49967177e-016
  1.79410164e-056 1.57856669e-052 7.61916591e-036 6.75915056e-032
  1.10837413e-058 1.24940034e-050 1.00000000e+000 1.66692481e-027
  2.04045930e-052 2.55373019e-047 2.11350122e-114 3.77962376e-039
  3.01589778e-032 3.42101138e-017 3.65676547e-035 4.42333280e-074
  1.00000000e+000]
 [2.46890795e-050 2.17109835e-038 2.80231041e-041 3.38493653e-030
  6.21748919e-026 3.18963775e-074 8.59976322e-047 2.82351041e-019
  5.48428475e-045 3.41445778e-073 1.66692481e-027 1.00000000e+000
  4.36983260e-032 9.83649002e-050 9.64788182e-094 4.24896048e-037
  2.56649658e-030 9.44952287e-015 7.04126286e-070 1.92323281e-042
  1.00000000e+000]
 [2.91455092e-024 2.35493045e-074 1.04965616e-057 5.40894926e-039
  4.80047952e-057 2.71736128e-091 1.88296352e-045 1.19153361e-030
  8.21431223e-012 2.12755988e-088 2.04045930e-052 4.36983260e-032
  1.00000000e+000 5.98417846e-047 7.52006970e-040 4.01144139e-033
  3.82821865e-038 7.10766151e-032 1.31576642e-053 1.69444645e-042
  1.00000000e+000]
 [5.68319782e-039 3.86291932e-079 1.53183332e-049 1.91532274e-012
  1.52174692e-035 4.71612501e-052 5.12633513e-083 2.57482433e-040
  7.34007387e-048 2.05485354e-104 2.55373019e-047 9.83649002e-050
  5.98417846e-047 1.00000000e+000 9.90784078e-083 9.78779231e-015
  5.60406898e-072 5.43593412e-049 1.36620993e-056 7.44978988e-050
  1.00000000e+000]
 [1.99102954e-088 1.25611119e-088 7.82717374e-045 8.17436325e-094
  9.33710296e-082 6.13296027e-092 2.28924392e-067 1.85354935e-094
  6.82115126e-025 1.69700074e-088 2.11350122e-114 9.64788182e-094
  7.52006970e-040 9.90784078e-083 1.00000000e+000 6.99625856e-051
  1.88137196e-051 9.26018730e-066 2.42703800e-117 1.42949738e-039
  1.00000000e+000]
 [1.25242279e-037 5.91674391e-035 3.30815611e-021 1.38236696e-014
  2.75626589e-019 2.93415260e-025 3.15644542e-037 3.53104527e-021
  2.40192185e-018 4.59680147e-051 3.77962376e-039 4.24896048e-037
  4.01144139e-033 9.78779231e-015 6.99625856e-051 1.00000000e+000
  4.36333257e-041 3.23664010e-030 4.30160923e-042 4.04979811e-016
  1.00000000e+000]
 [1.14995571e-067 1.56248435e-025 5.11399211e-027 2.00618250e-046
  3.19440131e-044 5.10161069e-048 3.27600164e-029 1.27546077e-045
  4.90017338e-034 1.18651242e-041 3.01589778e-032 2.56649658e-030
  3.82821865e-038 5.60406898e-072 1.88137196e-051 4.36333257e-041
  1.00000000e+000 1.37920353e-005 1.18996268e-065 2.83936959e-045
  1.00000000e+000]
 [1.30485617e-050 2.42081778e-025 2.28260112e-027 1.07586081e-025
  1.36088478e-030 1.80559021e-043 1.77638339e-032 1.30625881e-028
  2.38791223e-034 6.07537385e-049 3.42101138e-017 9.44952287e-015
  7.10766151e-032 5.43593412e-049 9.26018730e-066 3.23664010e-030
  1.37920353e-005 1.00000000e+000 2.16269644e-051 2.51523527e-043
  1.00000000e+000]
 [1.17907423e-031 1.72994194e-071 4.09040069e-095 2.30384659e-024
  3.33513188e-079 2.78002615e-052 7.69079843e-051 2.75882211e-028
  1.23769661e-045 2.11918719e-079 3.65676547e-035 7.04126286e-070
  1.31576642e-053 1.36620993e-056 2.42703800e-117 4.30160923e-042
  1.18996268e-065 2.16269644e-051 1.00000000e+000 2.22742879e-088
  1.00000000e+000]
 [9.98127926e-074 4.64559315e-030 5.25422891e-013 2.97886131e-052
  2.16851677e-020 7.86293992e-047 4.69306512e-038 2.27624871e-036
  8.82571995e-021 1.38810065e-048 4.42333280e-074 1.92323281e-042
  1.69444645e-042 7.44978988e-050 1.42949738e-039 4.04979811e-016
  2.83936959e-045 2.51523527e-043 2.22742879e-088 1.00000000e+000
  1.00000000e+000]
 [1.00000000e+000 1.00000000e+000 1.00000000e+000 1.00000000e+000
  1.00000000e+000 1.00000000e+000 1.00000000e+000 1.00000000e+000
  1.00000000e+000 1.00000000e+000 1.00000000e+000 1.00000000e+000
  1.00000000e+000 1.00000000e+000 1.00000000e+000 1.00000000e+000
  1.00000000e+000 1.00000000e+000 1.00000000e+000 1.00000000e+000
  0.00000000e+000]]
