[[-0.31382683 -3.84077728  3.20175579 -4.52058579 -4.18413923  2.90745649]
 [-0.14611168  0.05574331 -1.95017579  4.35798869  1.25675181 -4.81890697]
 [-0.17843089  3.51522927 -1.30417955  3.32421552  4.13118848  0.13963898]
 [ 4.22621702 -0.18981787  2.97217698 -1.1639202  -2.21963971  0.57104106]
 [ 4.05953741  0.59611078  0.33051947  4.48824349  3.70423085  0.8775652 ]
 [ 4.06190061  4.41039173 -3.46909573  1.91293919 -1.47598069 -2.86530203]
 [-4.14890693 -2.68828421 -1.99845209  0.33500554 -1.92729469 -2.89973064]
 [ 3.56766281 -4.97350399  0.16033092  1.0391558  -0.21879213  0.16427478]
 [-1.03623381 -2.21002374 -3.32122763 -2.18571597  1.36030052  2.93437093]
 [-4.91575438  0.57623902 -2.72255638  2.82175198 -2.92110186 -4.96507001]
 [ 1.12326527 -0.99961505  4.7026199  -1.61234093 -2.33295586 -4.06330618]
 [ 1.03354024 -3.75140426  4.55486796  1.5081362   3.53494558 -0.91895456]
 [-0.92097399 -3.9712636   0.70432558 -4.20507848  2.67399038  3.56778054]
 [ 4.38118816  2.33692954  3.33052738 -0.56106985 -1.37321619  4.97153991]
 [-4.80075484  2.66792036 -4.29499494 -3.63057464  4.69375638  4.81343305]
 [ 1.78992877  1.0560344  -0.68380671  0.9827879  -0.84628374  2.7074087 ]
 [-1.55591375  0.50452616  0.11568704 -2.11197624  4.13598118 -4.10392084]
 [ 0.48330149 -0.25944366  2.14613041 -1.41885838  3.1127135  -3.20995148]
 [ 4.83948109 -3.31717218 -1.58685003 -4.62574984 -4.74863673 -1.68865065]
 [-1.32954852 -0.00822759 -2.63084436  4.10108618  2.44430168  3.19342324]]
