[[-3.52355977e+00 -1.24300930e-01  1.94709819e+00 -1.40990688e+00
   2.96382094e+00 -3.76580804e-01]
 [ 4.57389447e+00  4.69132844e+00  3.60418440e+00 -4.16177008e+00
   2.60460318e+00 -1.58543506e+00]
 [ 4.14720645e-01  1.22464659e+00 -3.34542589e+00  3.37291126e+00
   1.72255454e+00  8.66456796e-01]
 [ 4.92418023e+00 -2.42829345e+00 -3.30551799e+00  3.01217469e+00
   2.68117640e-01  2.35122538e+00]
 [ 3.24908291e+00 -1.85193053e+00  1.90300630e+00  4.30445974e+00
   3.47777821e+00  4.06869448e+00]
 [ 3.80818454e+00  2.89137476e+00  6.90083528e-01 -3.16939818e-01
  -4.28070201e-01 -3.16242177e+00]
 [-6.12832062e-01 -1.68598521e+00  8.41968113e-01  1.50027258e+00
   2.05064342e+00 -3.66607696e+00]
 [ 2.36434231e+00 -4.59478628e+00 -4.93323667e+00 -4.18444727e+00
  -7.59592923e-01 -1.08913148e+00]
 [ 1.75156792e+00 -3.59182811e+00  3.61572613e+00  9.21851639e-01
  -2.69472262e+00  2.58641819e+00]
 [ 4.88435948e+00 -4.35183856e+00 -3.38904885e+00  2.45653415e+00
  -2.33252469e+00  4.49701836e+00]
 [-1.40250141e+00 -6.28860724e-01  2.73162813e+00 -1.32454919e+00
  -4.16633651e+00  8.72360069e-01]
 [-3.53747501e+00  1.21157484e+00 -4.72802587e+00  4.30492882e+00
  -4.36751642e+00  2.93459448e+00]
 [ 7.13016486e-01 -6.15377765e-01 -3.54759779e+00  1.88353454e+00
  -4.75319945e+00 -2.41621807e+00]
 [ 1.79508666e+00  4.75051725e+00 -4.28910203e+00 -6.81546008e-01
   3.11973973e+00  2.58480201e+00]
 [ 3.77303200e+00 -4.21715173e+00 -5.10293715e-01 -3.16494097e+00
  -2.22958101e+00 -2.78763210e+00]
 [ 9.80655568e-01  3.44911370e+00 -4.52193989e+00  3.92301511e+00
   1.19695162e-01 -3.68984020e+00]
 [-4.19328346e+00  3.76917315e-01 -1.42632952e+00 -4.71919390e+00
  -2.10782678e+00 -1.57457466e+00]
 [-3.54361912e+00  1.19540271e+00  3.70140563e+00 -3.82069049e+00
  -4.18357690e+00 -4.80653495e+00]
 [-4.46161708e+00 -1.89411743e+00 -4.00474596e+00  7.48588891e-01
  -2.19584549e+00  1.65929823e-01]
 [ 2.44916139e+00 -3.25333227e+00 -2.21446037e+00  2.07408708e+00
   4.13326739e+00 -6.58107320e-01]
 [-1.55938950e-01  6.77253866e-01 -4.38699370e+00  1.58135727e+00
   3.24812671e+00 -3.34543862e+00]
 [-4.94858650e-01 -2.89037272e+00  3.91742228e+00  7.38421581e-01
  -2.66936123e+00 -2.46110692e+00]
 [-1.57445884e+00 -3.67787607e+00 -4.86489254e+00  1.66713107e+00
   1.59907407e+00 -8.04312019e-01]
 [-4.99486648e-01 -3.84386086e+00  6.66377233e-01  1.94848528e+00
   4.06648612e+00 -9.06017083e-01]
 [-2.80821741e+00 -2.80685873e-01 -3.28231534e+00  2.53059070e+00
  -3.72801845e+00  3.75598027e+00]
 [ 1.50121220e+00 -2.38274441e+00  4.28985226e+00  3.25104794e+00
  -4.55240648e+00 -1.78147388e-01]
 [-3.30121912e+00  4.88353783e+00  3.97648260e+00 -1.45607637e+00
   2.21768937e+00  4.89425104e-01]
 [ 2.31532820e+00  4.59570188e+00  3.27434392e+00 -2.14273492e+00
  -1.06174786e+00 -3.90628697e+00]
 [ 3.73681265e+00 -8.70726262e-01  1.92513001e+00 -6.70424910e-01
   4.61046632e+00 -4.36436205e+00]
 [ 2.77885524e+00  3.69171142e-01 -3.07760332e+00  9.81100061e-01
  -2.11021251e+00 -1.33165266e+00]
 [ 1.42805350e-01 -2.83085462e+00 -3.90446327e+00 -2.89306266e+00
   4.50978470e+00 -1.36742307e+00]
 [-2.53943135e+00  3.94631366e+00  2.52496733e+00  1.32016300e+00
  -4.88876620e+00  3.90653129e+00]
 [-1.53384174e+00  3.78735082e+00 -3.45286422e+00 -6.89972194e-01
  -3.73690263e+00 -1.70692001e+00]
 [-2.94147759e+00 -2.25564954e-01 -1.00532087e+00 -5.56707439e-01
  -3.89692750e-02 -2.61464009e-01]
 [-2.54799872e+00  3.02664232e+00 -2.53175974e+00  1.72959608e+00
  -3.14886100e+00  4.91467573e-01]
 [-4.30682990e+00 -1.93445457e-01  3.56995684e+00  3.77012642e+00
  -3.39566881e+00  5.03461356e-01]
 [-1.50704048e+00  2.36630631e+00 -3.21472018e+00  2.76409581e+00
  -4.12611620e+00  3.60269783e+00]
 [ 1.80740618e+00  3.51360718e+00 -4.17659351e+00 -3.96060150e-01
   5.21672713e-01 -4.84643576e+00]
 [ 2.98088120e-01  3.03421830e+00 -3.58918106e+00  4.78280387e+00
   2.56701771e+00  4.35139156e+00]
 [ 2.25139283e+00 -3.21368875e+00  4.88926379e+00  1.64596111e+00
   5.20410303e-01  1.87189955e+00]
 [-2.10885673e+00  3.86125402e+00 -3.40956731e+00  1.71368937e+00
   2.49165868e+00 -1.34623786e+00]
 [-4.79367055e+00 -4.70974856e+00 -3.15541379e-01 -4.28823329e+00
   8.11262834e-01 -4.46889249e+00]
 [ 3.01621822e+00  4.39153311e+00 -3.04418552e+00 -1.00352839e+00
   5.92474080e-01 -4.54431583e+00]
 [ 4.72891015e+00 -2.71603839e+00  1.48311661e+00 -2.18426584e+00
  -1.59523551e+00 -4.78463895e+00]
 [ 1.89290442e+00 -2.03563621e+00  2.37387400e+00  1.43772106e+00
   1.70825899e+00  1.31136198e+00]
 [-1.46982517e+00 -3.22957193e+00 -1.17024138e+00  1.62298340e+00
   2.10097528e+00  3.30649767e+00]
 [-3.50634679e+00  2.06115628e+00 -1.47794474e+00  4.11673715e+00
  -2.25805044e-01  4.48632867e+00]
 [-2.94619125e-02  2.09781684e+00  3.69228229e+00 -4.81721774e+00
   9.07385954e-01  3.33449939e+00]
 [ 3.05854039e+00  3.79709636e+00 -1.01451698e+00 -1.24373285e+00
  -2.98764525e+00  3.84966830e+00]
 [-2.97890272e+00 -6.41345950e-01 -1.65315728e+00  2.66686779e+00
   3.34814703e+00 -4.72110162e+00]
 [-1.97907659e+00  1.06874584e+00 -1.11103084e+00 -1.90281166e+00
   4.24813919e+00  8.96708260e-01]
 [-4.16297240e+00  2.39537180e+00 -2.03476701e+00 -1.01834514e+00
  -3.32999032e+00 -1.50622952e+00]
 [ 1.03801091e+00 -4.08525320e+00 -5.78043886e-01  3.27945878e+00
   2.46595451e+00 -7.14205954e-01]
 [-1.38965276e-01 -1.48653457e+00 -3.01811727e+00  1.40619190e+00
   4.74323076e+00  4.15972269e+00]
 [-6.19458384e-02 -4.74826977e+00  2.81509482e+00 -5.09742026e-01
  -4.18015788e+00  4.79565355e+00]
 [ 3.99855344e-01 -2.65990344e-01  4.23013266e+00  3.43071559e+00
  -2.61823431e+00  4.59997054e+00]
 [-4.36832589e-01 -1.48484011e+00 -1.18656992e+00  9.28022305e-01
  -1.07230930e-01  7.59840454e-02]
 [ 3.48354560e+00 -5.98130332e-01 -2.29735912e+00 -2.92445470e+00
   8.34394137e-01  4.72971446e+00]
 [-1.80825943e+00 -4.17685421e+00 -7.93361546e-02 -3.75700558e-01
   4.10413642e+00 -3.99005796e+00]
 [ 3.86116220e+00  1.62352882e+00  1.30093198e+00  2.34032146e+00
  -2.98240857e+00 -2.09071465e+00]
 [ 4.29954499e+00  8.12625658e-01  4.20133904e+00 -4.42193284e+00
   4.85124991e+00 -2.74399515e+00]
 [ 3.40646517e+00  3.05590467e+00  1.46193304e-04  4.46055041e+00
   3.13776942e+00  2.76211578e+00]
 [-2.22088740e+00 -1.52553237e+00 -4.34900128e+00 -1.72486494e+00
  -3.07825737e+00 -2.52908242e-01]
 [-3.58520289e+00  1.15047199e+00 -2.46896014e+00 -7.44518981e-02
   6.57234747e-01  8.50161843e-01]
 [ 1.61574068e+00  1.64531384e+00 -4.83921502e+00 -2.82978644e+00
   3.79462209e+00  2.86149426e+00]
 [ 1.19338304e+00  3.70069904e+00  2.16896483e+00  4.77775329e-01
   1.16427888e+00  2.99334820e-01]
 [ 1.20246044e+00 -1.91217529e+00 -1.84646757e+00  4.15547762e-01
  -3.77527088e+00  7.56568086e-01]
 [-2.27189304e+00 -4.24271393e+00 -4.33237598e+00 -2.80060948e+00
  -1.89464359e+00 -2.18115622e+00]
 [-3.97069714e+00  2.24490343e+00 -2.28358294e+00 -2.09975872e+00
   3.54326379e+00 -1.53061780e+00]
 [ 1.11797041e-01  2.64165021e+00  4.08023282e+00  1.77562727e+00
   2.41570633e+00  8.87561732e-01]
 [ 1.45322007e+00  2.34590380e+00  1.13693797e+00  3.96542375e+00
   1.14579785e-01 -2.68422166e+00]
 [-1.38782773e+00 -2.78790513e+00  2.16978200e+00 -2.19394487e+00
   1.40715876e+00  6.32705267e-01]
 [-3.44430115e+00  4.32300011e+00 -2.38026929e+00 -3.69561105e+00
   2.25995181e+00 -3.29927617e+00]
 [-3.88496727e+00 -2.87394706e+00 -5.63505973e-01 -4.71169090e+00
   4.38463486e+00 -1.06369008e+00]
 [-4.36910334e-01  3.90477110e+00 -1.76679092e-02 -2.97331010e+00
  -3.25230797e+00 -2.74490149e+00]
 [ 3.71177771e+00  4.77531627e+00  2.78569550e+00  1.12800700e+00
   2.65080786e+00 -2.61547853e+00]
 [-9.03223464e-01 -4.44978078e+00  1.33592391e+00  4.04296932e+00
   4.38920965e+00 -3.72541676e-01]
 [-1.06095016e-01 -2.42260914e+00  3.83764720e-01 -2.60508887e+00
   5.98195511e-01 -1.68427403e+00]
 [ 2.52017485e+00  2.68412464e+00  2.01918684e+00 -1.25316696e+00
   3.07265296e+00 -2.59024786e+00]
 [ 5.32312309e-01  2.34957693e+00 -3.86684422e+00 -4.80778019e+00
   2.44879743e+00  3.69888256e+00]
 [-2.37295298e+00 -4.14160622e+00  3.46567104e+00  3.61221900e+00
  -3.07834911e+00 -4.06819498e+00]
 [-4.14276957e+00  1.23381470e-01  4.82553338e+00  1.80691735e-01
  -2.61974597e-01  4.60495763e+00]
 [ 4.63298497e+00  5.58511032e-02  3.00001720e+00  4.10390648e+00
  -5.75015187e-01 -1.41730655e+00]
 [-4.93188525e+00 -4.40105154e+00 -1.07679279e+00 -1.27277869e+00
   3.96217928e+00  2.86499640e+00]
 [-2.49769720e+00  1.59225594e+00  5.89057748e-01 -1.84739446e+00
  -5.41210160e-01  4.48503531e+00]
 [-4.07070145e+00 -1.67340388e+00 -4.46834445e+00 -1.88396759e+00
  -2.17605000e+00 -2.11842027e+00]
 [ 1.60179287e+00 -1.64697508e+00 -2.04774201e+00 -2.62175372e+00
   4.11331827e+00  2.87490310e+00]
 [ 3.84189067e+00 -3.94838327e+00  1.18912041e+00  3.31711311e+00
   1.11809410e+00  3.53870065e+00]
 [-4.38921764e+00 -1.22551596e+00  5.74567362e-01  9.83266238e-02
   2.91272408e+00 -3.62075998e+00]
 [-1.87049370e+00  3.18039156e+00 -1.29735633e+00  1.61006390e+00
  -5.21386986e-01 -4.07194350e+00]
 [ 4.30862840e+00 -2.85273928e+00 -2.87660091e+00 -1.05265766e+00
   2.95894614e+00 -4.93964387e+00]
 [-1.50049073e+00 -4.63505528e-01 -3.25061315e+00  1.35211948e+00
  -9.97839766e-01  3.65934541e+00]
 [-4.11220958e+00  4.79605325e+00  1.92766815e+00 -1.99227540e+00
   2.29122751e-01  6.62910075e-01]
 [-6.82847137e-01 -3.20189500e+00  1.13041718e+00 -1.20136993e+00
  -3.77215879e+00  1.65153368e+00]
 [-7.61445355e-01 -1.83424588e+00 -2.02053286e+00  4.98859544e+00
  -4.10981463e+00  1.13462166e+00]
 [-3.00000708e+00 -1.49433387e+00  2.41269026e+00 -3.59781182e+00
   2.46783519e+00 -2.89051682e+00]
 [-5.83614922e-01  4.09535177e+00 -4.65004257e+00  3.64268982e+00
  -3.09765494e+00 -2.20334859e+00]
 [ 4.36086436e+00 -4.53868093e+00  2.47888199e+00 -5.24445546e-01
   4.62571369e+00  2.43887469e+00]
 [ 4.81629503e+00 -1.69536119e+00 -3.87185327e+00  4.84293822e-01
  -4.82749963e+00  5.62602857e-01]
 [ 4.61852622e+00 -1.28878135e+00  2.07337353e-01 -1.10659276e+00
   4.96735598e+00 -4.29716493e+00]]
