[[-3.14556876  2.01719165  1.76565411  0.12495579  2.03914206  4.42855082]
 [ 4.65534222  0.81219415  0.65801185 -3.55648765  2.8843957  -2.40349495]
 [ 1.30727943 -3.61028606 -1.50169211 -1.47449847 -4.65310116 -4.07911401]
 [-1.0652892  -0.64407585  1.90960409 -3.55436188 -4.95760814  3.88627955]
 [ 2.52792094 -0.08447842 -2.49735242 -1.36034432 -2.51583813 -3.68980396]
 [ 2.29902195 -0.86341738  1.60101077  0.80064122  3.93042759 -4.13391769]
 [-4.22872642 -1.00912989 -0.92550135 -1.98061941  1.14869227 -0.44993065]
 [-2.72435799  0.70033042  2.6510198   0.56772038  4.39910393 -4.46807666]
 [-4.02956906 -3.38575598  2.66025196  1.49667383  3.81893826  0.40732592]
 [-3.82909391  4.83542126  1.41397201  0.49009646  2.98488475  4.60435942]
 [-3.84466981 -3.1437798  -3.67937282 -3.83957034 -1.85447219 -0.48287506]
 [-2.73153458 -3.4608951  -1.6342488   0.43112941 -1.81747694  4.56003661]
 [ 1.31499163  3.7222049   3.56172394 -2.71583054  4.92026938 -2.63764935]
 [ 4.12164305  4.76162692 -3.55114759  3.0407513  -3.90157506  3.27298203]
 [ 3.97933959  2.67424229 -4.02049021  2.06073     4.22706038  4.34263049]
 [ 4.49362286 -0.39956046  4.35466599 -0.00973154  4.84496332 -3.90096768]
 [ 4.6285846  -0.78915243 -2.34417063  1.17444734  2.6234499   2.4860522 ]
 [ 2.31551141  1.25897711 -0.47510114  4.14659119 -1.2178152  -3.52316774]
 [-2.46982647  1.75041616  4.13197155 -1.79538409 -4.12795792  2.88555681]
 [ 4.31226616  4.27523453 -1.06259709  0.52972267  2.16192393 -4.77022031]]
