[-1.26635661e+03  1.14749309e+03 -5.64273221e+01  4.85062621e+02
 -5.26008121e+02 -1.29848927e+02 -2.79703316e+02 -7.51068807e+01
 -2.04720265e+03 -8.22857300e+01 -6.89121247e+02  4.74779243e+01
  3.78792255e+02  3.86031655e+02 -1.07912751e+03 -4.52450530e+02
 -1.80153967e+03  4.95554846e+02  1.45420640e+02 -9.35473388e+02
  2.59043385e+01 -1.19478083e+03  2.05265799e+03 -1.72455374e+03
 -2.77386421e+02  1.05190967e+03 -1.26558259e+03  3.00315968e+02
 -3.86852283e+02  6.44090264e+03 -9.08174040e+02 -6.80032687e+03
 -2.44190613e+03  6.22168864e+02  5.06526527e+02 -5.13125477e+03
  5.90963162e+02  1.62691593e+03  3.01441180e+03  7.77088022e+02
 -2.71927710e+03  1.43880008e+03  3.93611142e+02 -2.44997586e+03
 -5.64420727e+02  1.39662881e+03 -4.28180867e+03 -4.37708523e+03
 -2.27140249e+02  1.33311645e+03 -2.50122863e+03  4.89279101e+03
  1.20394531e+03 -8.57546593e+02 -1.65448484e+01 -3.00873556e+03
 -1.64727129e+02  1.48724004e+03 -7.78964335e+02  1.75656313e+02
  2.26254024e+02 -1.63957158e+03  3.65660582e+02  1.03261337e+03
  4.31817555e+03 -7.53092655e+02  3.09362751e+02 -1.88013205e+03
 -2.66817179e+03  3.02404645e+02  2.70828442e+02 -1.15260283e+02
 -4.70433831e+02 -6.93241970e+03  5.82918214e+02  4.66974848e+03
  1.06011532e+03  3.74235324e+02 -2.09471620e+03  4.88089198e+02
 -7.78471105e+02  4.41630561e+03  3.70490951e+02 -1.42679518e+02
  4.53165793e+01  3.94032812e+01 -7.15571905e+02 -8.26364112e+02
 -1.83663698e+03 -8.72526172e+02 -1.16859751e+03 -3.69564313e+02
 -5.07329489e+02 -3.88857760e+03  1.35465099e+03  2.02156215e+02
 -2.43300575e+03  2.03976637e+03  1.41621491e+03  1.73068783e+03
 -1.03865477e+03 -2.85553086e+01  1.53977311e+03  1.33533801e+03
  4.22026181e+01 -1.93249400e+02 -4.05340198e+02  6.98773184e+01
 -1.63648870e+02 -7.48566425e+02  1.35285361e+03 -7.49794230e+01
 -5.70834490e+02 -2.41118501e+02 -3.59299928e+02  2.84156275e+03
  6.33056819e+02 -6.04783476e+03  1.19753864e+03 -4.44660693e+02
  1.98280772e+03  1.00466329e+02  4.58043347e+02 -7.84289582e+02
 -1.08990076e+03  8.78917160e+02  1.02997655e+01 -1.35593367e+02
 -1.30445387e+02  3.11944264e+03  2.46587112e+02 -2.71816521e+02
  1.11412632e+03  8.63430125e+01  1.42874201e+03 -1.09936452e+03
  2.78945774e+03  8.66634368e+03 -9.69185550e+02  1.13068080e+03
  4.86497033e+00  8.40068093e+02 -8.38899526e+02 -1.31660642e+02
  2.30209164e+02 -1.66763414e+02  1.57481005e+02 -1.65798895e+03
  1.94463657e+03 -2.17930097e+02  8.51781547e+02  3.60510741e+03
 -1.29659325e+02 -8.49603617e+01 -8.38151782e+01 -2.19575704e+02
  4.17109433e+02  3.65905598e+02 -9.81445329e+02  7.29306215e+02
  4.04765682e+02  7.84852698e+02 -5.97550538e+01  1.84221929e+03
 -5.90851886e+02 -3.47507381e+02 -3.08329938e+02 -4.16345633e+02
  1.85254424e+03 -4.76874495e+01  3.73333740e+02  3.20752204e+03
 -1.83310152e+02  4.36494832e+02 -4.71762123e+03 -2.58925185e+03
 -1.64063173e+02  7.11757048e+02  9.82278652e+02 -9.30199458e+02
 -6.12176982e+02  1.47552224e+02  1.19818772e+03  1.11046257e+03
 -1.13432710e+03 -1.35773814e+03  1.29892500e+02  4.82855690e+02
  6.89664632e+02  2.42735729e+02  6.37861187e+02  2.81030081e+02
  8.05976217e+03  7.16678057e+01  4.92318785e+03  6.95171399e+03
  2.35758851e+03  2.24766432e+03 -2.00122663e+03  4.14900372e+02
 -4.29902247e+02  7.55472219e+02  2.57951515e+01  4.32047830e+01
  2.92105151e+02 -2.30549127e+03 -1.84717194e+02  2.57937729e+02
  5.09461157e+01  1.26489598e+02  4.92560305e+02 -5.73631570e+02
 -8.66674071e+02 -7.12016665e+02  1.64573711e+03 -4.54921617e+02
 -2.31497427e+03 -1.10395755e+02  2.47382326e+03 -3.12294453e+03
 -5.25377028e+03 -2.01345356e+03 -1.35365576e+02 -6.18640819e+02
  6.45098248e+01  3.24484791e+03  1.01959431e+03  1.30463045e+03
  4.09534322e+02  1.73861775e+02 -9.01293305e+02 -1.83940710e+03
  5.49633424e+01 -8.20532371e+02  1.30374454e+02 -2.56649330e+03
 -2.16196435e+02 -2.22824014e+02  5.06591991e+02  1.71389673e+02
  1.34509276e+03 -8.71424762e+02  9.92443053e+02  1.76428420e+03
  6.80198626e+02 -3.75475639e+02  8.37912146e+03  1.60727285e+03
 -9.65483579e+01 -1.68134192e+02 -1.08158094e+02 -4.44788128e+02
  4.81372896e+02  6.00559224e+02 -1.48315852e+03 -7.39912554e+03
  1.08583585e+02 -1.90651572e+03  1.97943382e+02 -2.12348860e+02
  4.30129326e+03  2.74310754e+00 -2.69139192e+02  1.71763151e+03
 -7.92925208e+02 -2.43698473e+03 -5.45590517e+02  7.80850910e+01
 -8.64450778e+01 -8.38538371e+02 -2.96089461e+03 -4.14616728e+02
 -1.80942177e+03 -6.48678084e+02  6.82210622e+02 -8.06639091e+02
 -3.92067392e+02 -4.67173879e+02  1.65629079e+02 -2.97498544e+03
  8.47417225e+02 -2.05591609e+02 -7.36586776e+02  1.85264713e+03
 -1.02811339e+03 -1.44487534e+03 -1.75400988e+03  1.15468678e+03
  1.79397876e+02 -1.35854434e+03  5.23725095e+02 -8.14935881e+02
  1.20605039e+03  3.43121504e+03  1.41416674e+03 -1.00104141e+02
  3.08381966e+02  1.18117276e+03 -1.32379046e+03  8.99710128e+02
 -2.46551504e+02  2.10666688e+03  3.43559386e+01  7.21252636e+02
 -2.14360144e+03 -1.29873852e+03 -2.54754608e+03 -9.95695447e+02
  5.22267720e+02  4.60835250e+01 -3.40961384e+01  1.11835480e+03
 -9.18567797e+01  1.47107898e+03 -9.28887755e+02 -7.70647826e+02
 -8.76142066e+02  2.15277380e+02  4.35906095e+02  1.29940810e+02
  2.20030954e+02 -2.67038532e+03 -2.80840000e+02 -7.21078515e+02
 -4.18045497e+02 -2.42497863e+03 -1.08682404e+02  4.92867612e+02
 -2.74490752e+03  9.86101232e+02  4.05479218e+02  7.40966322e+00
  2.13934069e+03  1.32683484e+03 -5.18916731e+02  6.00899184e+02
 -3.57851956e+02 -2.61883601e+03 -5.63820560e+02  1.49851865e+03
 -1.23881633e+03 -2.51195854e+03 -3.05350612e+03 -1.29444268e+03
 -1.06883654e+03 -9.45340658e+02  1.22820925e+03  3.62881588e+02
 -1.03371185e+03  1.64169426e+03  4.47338953e+03  4.48333426e+01
 -4.30726150e+02  1.00371875e+03  8.80600534e+02  6.19822832e+02
 -3.83181376e+03  7.23280708e+02  3.15927033e+02 -2.16897570e+03
 -4.13029640e+03 -2.44117027e+03 -4.46272422e+03 -1.50813933e+03
  5.83689392e+02 -1.23436311e+02 -1.61030534e+02  7.25450556e+02
  2.43651181e+03 -4.17490643e+02  1.07131811e+03 -1.37962790e+03
  1.73662582e+03  3.04753361e+03 -1.34312312e+02  8.35150416e+02
 -2.78921558e+02  7.89553260e+02  7.97518254e+02  1.07442195e+03
  5.05440300e+02 -8.81135251e+02 -6.91589405e+02 -9.71921073e+02
  3.03692370e+03  1.45374204e+02  2.96626903e+03  1.50712565e+02
  2.43554675e+03  2.51111867e+02  2.24695983e+02  5.91177495e+02
  3.57165462e+03 -7.33677866e+03 -4.54424046e+02  1.35392741e+03
  4.91276608e+02 -1.76511284e+03  1.28199507e+03  1.17505370e+03
  4.49198753e+02 -5.32576708e+02 -2.37478990e+02  3.64020462e+02
  4.26250530e+03  4.84611994e+02  5.29990024e+02  1.39851719e+03
  1.10439375e+02 -1.51512665e+03 -1.47560069e+03  6.52954833e+02
  5.28000602e+02  1.29559883e+02 -3.09431070e+02 -1.41267800e+02
  1.76791951e+02  2.59801628e+03  1.31895925e+02 -1.88223117e+02
 -1.35901685e+02  2.42012391e+03 -1.87046981e+03 -3.59671568e+02
  2.99708998e+03  5.37496946e+02 -1.32365787e+03 -1.28536177e+03
 -4.70680440e+02 -7.64803171e+02 -8.14989451e+02 -3.24893973e+02
 -3.27899709e+03 -5.67566341e+02 -3.27266046e+03  4.98829651e+03
 -1.13594954e+02 -7.10205661e+02  1.26443351e+03  1.06767557e+03
 -1.29132380e+03 -1.89955280e+02  6.41273413e+02  3.16440513e+02
 -1.62309319e+02 -2.26239663e+03  3.99942727e+03 -5.72771333e+02
  6.25168398e+02 -6.17571091e+03  1.56115797e+02 -1.46696961e+03
 -6.63134875e+02  3.02963602e+02  3.75666355e+02 -1.56453297e+03
 -4.05360972e+02 -3.01174172e+03  2.58839423e+03 -1.61488442e+03
  2.93502079e+02  4.22105479e+03  6.36146581e+02  1.36824797e+03
 -4.95539146e+02  6.07947239e+01  9.15594578e+02 -4.29388555e+02
  2.09238535e+02 -3.41785885e+02 -5.43479189e+02 -1.50205107e+03
  5.73730634e+03  1.05498743e+03 -1.14596182e+03  3.13036618e+03
  3.85695277e+02  8.06449544e+02  7.69740351e+01  4.07867571e+02
 -4.82695385e+02  1.43116469e+03  4.53045057e+00  7.44048754e+02
  7.40752430e+02  1.46697408e+03 -9.99448805e+01  1.82807186e+02
 -1.49162973e+03 -1.05522881e+02 -1.25335810e+03  2.16935239e+03
 -6.19012292e+02  1.31301178e+02 -7.33534796e+02  4.14601914e+02
  2.81443137e+02 -1.72350517e+03  3.64178502e+02 -1.48498785e+03
  4.88891174e+02  5.38103962e+02 -2.23662926e+03 -1.18919517e+04
 -2.89902903e+03  3.51882620e+02  1.36385326e+03 -2.26566139e+01
  5.48508829e+02 -3.22216315e+03  8.16049800e+03 -2.37112156e+02
 -1.10176458e+03 -2.57791731e+02  3.54263973e+02  5.91795620e+02
  1.48614533e+03  5.44761808e+01 -7.25422327e+02 -1.34166103e+02
  2.61350919e+03 -4.50916584e+02  8.10325794e+02 -4.72613348e+02
 -1.91044573e+02  1.44795683e+03  4.83234396e+03 -1.52743901e+03
  1.36673232e+03 -2.48091174e+02 -8.26864174e+01  3.12807647e+02
 -1.12911147e+03  5.57806913e+02  5.67360082e+02 -8.35301820e+01
  3.56559244e+02  1.01599691e+03  2.71688567e+02  1.67094648e+02
 -6.12380227e+02  8.23390597e+01 -8.86318589e+02 -1.97754800e+03
  1.12218053e+03 -4.47962332e+02  1.01752052e+03 -2.56154654e+01
  2.53337312e+03  8.52448345e+02 -4.14854144e+02  1.65231661e+02
  1.61134081e+02  1.36812092e+03 -1.28836109e+03 -1.25043547e+02
  3.77165255e+02 -2.57804621e+02  2.84120535e+01 -7.92566867e+02
  1.24680339e+03  6.13355060e+03 -2.17773848e+01  6.81759035e+01
  1.00999525e+02 -1.31994611e+03  5.62506632e+02  2.41407999e+02
  4.55112103e+02 -7.35276586e+02 -3.93861585e+02 -5.45693080e+02
  6.41770792e+00 -6.32888852e+01  2.35180884e+02  1.30295427e+03
 -2.83167877e+02 -1.42520638e+03 -1.06999012e+03  8.00054331e+02
  8.81880996e+02  1.13621186e+03 -1.13220670e+03 -1.58276777e+02
  1.93753895e+03 -1.39831297e+03  2.97598078e+03  1.08600467e+03
 -3.31107227e+02  6.68298584e+02 -3.69977587e+02  2.38572172e+03
  3.70354067e+02 -7.17659134e+01  9.12780780e+02 -4.22374167e+02
  1.71128414e+03 -5.00720087e+02  6.06883807e+02 -1.67617165e+02
 -2.43318784e+02 -6.93695103e+02 -8.96398323e+02  4.78373974e+02
  1.68671779e+03  8.56946320e+02  1.72371153e+03  1.23244232e+03
 -1.68085144e+03  5.62116576e+02 -3.29050260e+02  1.87451326e+03
  1.51210845e+03  8.07812002e+02  1.20939183e+03  4.72469081e+02
 -4.43083117e+02  2.74958938e+03 -2.18469235e+02 -1.77033726e+03
  4.25637882e+02 -6.29683449e+02 -6.98897606e+01  3.46493812e+03
  1.03672911e+03  2.02905022e+02  1.46569846e+01  1.94113653e+02
  1.09755859e+03 -7.80180686e+02 -2.76081711e+03 -2.02843140e+03
 -1.87480578e+03  6.40979296e+02  3.66446498e+03  6.02697131e+02
 -7.08243544e+01 -6.27612009e+03  5.07377998e+02 -5.06469467e+03
 -1.90502988e+03  2.47012616e+02 -1.16065000e+03  3.09939871e+02
  1.13648848e+03 -6.16006768e+02  2.13159539e+03 -4.26058054e+03
  1.20912088e+03 -1.24588351e+03 -1.30743439e+03 -1.05995756e+03
  1.18880004e+03 -1.05273287e+04  5.25114000e+02  1.47712050e+03
  1.69367854e+03  1.32890126e+02 -1.62741039e+02 -4.98346002e+01
 -9.02186958e+02  9.56548201e+02 -3.46119411e+01  2.16858475e+03
  8.48759894e+02  1.30592677e+03  5.14500494e+02  1.34852107e+03
 -1.22608582e+03 -7.12711276e+02 -8.26583374e+02  8.27995528e+02
 -2.54384687e+02 -1.82203841e+03 -1.46831209e+02 -1.82792184e+03
 -3.43800008e+00  1.53773341e+03  4.76574925e+03  1.00818624e+03
  2.45405102e+03  4.22524715e+03  2.65611470e+03  1.38798152e+03
 -1.14216942e+03 -8.06568761e+02  8.53891668e+02 -6.69604056e+02
  1.28573732e+03 -2.53327193e+02  2.95508770e+01  3.01458597e+03
  2.13134794e+02  1.17177534e+03 -6.42990494e+01  7.88750887e+02
  9.90009340e+02  3.99451876e+03 -3.41623447e+03  1.81213201e+02
 -6.31016579e+02 -1.76508674e+03 -6.91149175e+02 -7.65589762e+02
 -3.71154602e+03 -7.88561973e+02 -2.84388284e+02  3.48735493e+02
  5.71881195e+02  2.24075603e+03  3.09939895e+02  1.42205617e+01
  1.29549598e+03 -9.98829737e+02  1.09134917e+03 -1.97317948e+03
 -5.19353981e+02  6.75886574e+02 -2.06071860e+03  8.75237234e+02
  1.03218318e+02  1.82237580e+02 -7.56538406e+02 -3.09395312e+02
  2.61666744e+03  6.49329187e+02  4.27715174e+03 -7.78879106e+02
 -1.32857918e+01 -7.18185937e+02  1.51243853e+03  2.17456710e+02
  2.21080492e+01 -2.38110397e+01 -1.06014383e+03 -2.74479820e+02
  4.28710791e+02 -4.38435459e+02 -4.13162937e+03  6.57036950e+02
 -4.50760415e+02  3.79999259e+03  2.25029862e+02  9.99264178e+02
 -5.22400728e+02  1.25711219e+03 -2.67631421e+02  3.16972183e+02
  4.24014591e+02 -4.92602230e+01 -8.08342408e+03 -4.34072678e+02
 -4.95802625e+02  5.54692945e+02 -1.23408536e+03  7.43638555e+02
  9.09916860e+02  4.20031565e+03 -5.01234496e+02 -3.42070580e+02
  2.05150663e+02 -1.32856758e+02  3.09233550e+02  8.46574925e+02
 -3.75992758e+02  2.13177190e+02  8.79835949e+02 -1.10706091e+03
 -9.30876985e+02 -6.09347327e+02 -1.20822714e+03 -7.54126872e+02
  6.32360778e+02 -1.92197331e+02  9.23939951e+02  4.56492725e+02
 -3.90978594e+02 -1.13012853e+03  3.36907620e+03 -6.02103188e+02
 -4.15445874e+02  2.99782626e+02  9.85521456e+02 -2.81492535e+03
  7.80917203e+03  1.39356644e+03  1.64397721e+02 -6.04471594e+02
  2.96289021e+03 -5.78699394e+02  3.82056282e+02  2.29794493e+03
 -2.92661947e+02  8.69482923e+02 -2.37293132e+03  2.88797484e+02
  4.10309382e+02  1.05550059e+03 -7.07474310e+00  2.36722159e+03
 -2.09826675e+03 -2.10713737e+03 -6.37194836e+02 -5.81432821e+03
 -2.52201238e+03 -1.10049467e+03 -8.62116333e+02  4.13207999e+02
  2.68940158e+02  2.94654091e+03  9.71934554e+02  1.83947762e+02
 -5.89995770e+01 -2.52314861e+02 -8.96723507e+02  1.74866149e+03
 -7.13260309e+02 -2.55990048e+02  1.93873810e+03 -1.24529942e+04
  4.19377481e+03 -1.67401863e+02 -3.24752392e+03 -1.57658098e+03
 -1.83757545e+02 -8.55453978e+02  3.04701945e+02 -8.82673418e+02
  1.98523257e+03 -2.03893362e+03 -1.59143597e+03  9.03767305e+02
  1.21531867e+03  2.32563158e+03  1.92488094e+03  1.50365738e+03
  1.59376560e+03  1.91661549e+01 -2.01361079e+02 -1.56462181e+03
  1.99829956e+03  1.93827023e+02 -2.50059886e+03  9.95459823e+02
 -9.07774860e+01 -1.49494455e+03  3.91354033e+02 -1.75568206e+03
  1.18941795e+02 -1.49861639e+03 -4.78954607e+03  8.39397574e+02
  9.73016149e+02  9.79332316e+02  1.12219553e+03 -1.95421835e+03
  9.00349092e+02  7.12420553e+02  5.62014577e+02 -1.34592961e+00
 -1.71762653e+03 -8.01177142e+02 -1.29890175e+02 -4.98556113e+02
 -1.60377153e+03  2.90403670e+02 -5.13169770e+01 -5.16136527e+02
  1.42873661e+03  1.19465116e+02 -9.23169285e+02 -1.01240230e+03
  3.44192258e+01 -1.69352258e+03  2.44751908e+02 -1.60476624e+02
  5.55764413e+02 -1.72170057e+03 -3.98049699e+02  6.10658907e+02
  4.37145566e+02 -5.43059227e+02  3.18871553e+03 -1.05119889e+03
 -3.90871613e+02  6.29254923e+02 -1.53750360e+02 -8.01910011e+02
 -1.18071538e+03  8.06238499e+03 -1.24541602e+03  1.10810385e+03
 -3.70567697e+03 -1.32633263e+02  1.00659758e+03  5.15132217e+02
  7.87931973e+01  3.95222607e+01  8.52469984e+02  9.19149871e+02
  9.39133446e+02 -2.88203673e+03 -4.21795743e+01 -5.85120284e+03
 -5.79009493e+02 -1.64344293e+02  3.46914103e+02  1.15358222e+02
  3.34653704e+02  1.18906482e+03 -8.42126846e+02 -1.10205587e+03
 -1.49561761e+03 -3.78784463e+03  4.27588891e+02 -5.98831169e+03
 -7.51445784e+02  2.08475099e+03 -1.79027732e+03  1.19518475e+03
 -1.96028011e+02  5.84530539e+02  5.73769136e+02 -5.64642362e+02
  3.02159855e+02 -9.62493175e+02 -4.63901971e+02  2.69310897e+03
 -1.10335789e+03  1.74204498e+02 -1.49411689e+03  5.18947325e+02
 -2.05890983e+03  2.34024002e+03  5.06104342e+02 -9.38659350e+02
  2.16469783e+03 -6.49800402e+02 -2.48337985e+03  1.32647297e+03
  6.59318375e+00 -2.73801967e+02  5.90241950e+02  4.21453658e+02
  1.32008509e+03  9.12843555e+02 -3.57965216e+02 -4.03367558e+03
  5.26703385e+02  2.06438684e+02  1.85790147e+02 -6.37690522e+02
  1.21521613e+03 -2.04424402e+02 -1.09603900e+02 -1.23894730e+03
 -2.50581530e+03 -1.18886025e+03 -2.07745342e+03  4.39628868e+03
  8.68174550e+02 -9.76794895e+02  3.36036718e+02 -2.62241684e+02
  1.24772489e+02  3.15163582e+03 -5.59707687e+02 -1.43313748e+03
 -5.28677671e+02 -3.65543399e+02  8.60146507e+02  1.87614947e+02
 -3.25694482e+01  7.44994421e+02 -6.09765701e+02 -3.54600389e+02
  7.26705648e+02  1.75424974e+03 -2.33799688e+02  5.67652612e+02
 -1.22154188e+03  2.78429550e+02  7.63382862e+02 -6.25197536e+03
  6.16751019e+01 -3.40405098e+03  9.59402747e+02 -1.38271542e+02
 -1.42002807e+03  5.99159673e+02 -3.11314610e+03  2.76595457e+03
 -6.51069322e+02 -9.34402519e+02  6.05500237e+02  1.97168961e+03
 -1.60194532e+02  1.69423701e+03 -8.76012712e+02 -7.70326909e+02]
