[[-4.48971966  1.39327218  2.40903791 -2.32933872 -3.63004712  3.81702766]
 [-3.6036607   2.78921102 -0.42056877 -1.90542415 -4.73314248 -2.52513611]
 [-4.85766565 -3.54500738 -0.0460115   4.10636813  0.39252025 -1.02626487]
 [-2.09093786  2.54097205  2.59668396 -3.49249356 -3.70647065 -0.47743346]
 [ 2.46172746 -3.79589753 -0.01997815  0.02042708 -0.07496886 -2.57518765]
 [ 0.51920105  4.05239855 -2.87609828 -4.0837433   3.19324758  2.48449163]
 [ 4.05755281  4.76358406  4.18147855 -1.34453099 -1.01915028  4.30125869]
 [-0.22375048 -0.75832463  0.1461695  -0.59907129  4.79212882 -4.92704785]
 [ 0.93483086  3.19607859 -0.49026778  2.1357122   0.94467638  0.79935435]
 [-0.86299571  4.64287195 -3.51454177  3.94716097  3.3555256  -0.77857425]
 [ 0.32276891  4.80571166 -3.91125652  1.53133856  3.53990945 -3.05780682]
 [-3.06076562  3.61778067  1.87206007 -4.29680423  4.04634816 -0.28189926]
 [-0.23603959 -1.99709807  0.86139491 -0.67754773 -3.45428703  0.34862664]
 [ 0.87751178  0.31661685  3.3639369  -3.16601792  2.43850329 -1.01794924]
 [-0.79969189 -0.55019689  3.31036508 -1.25262334  1.43279013 -4.78601734]
 [ 2.83260518  0.08427268 -2.20409718 -4.7906683  -1.25833858  1.58958945]
 [-3.16783054  4.50222837 -3.93519072 -4.28457354 -2.01488302 -1.59143536]
 [ 3.84832672  1.494512   -1.27202364 -3.73174328 -3.20551921  3.87389433]
 [-1.7417772   2.40843069 -4.31744134 -0.6220188  -3.87376088  0.08841673]
 [ 2.46160786 -0.32925642  1.64488964  2.90946063 -3.03144343  3.43852471]]
