[[ 1.23117770e+00  4.63089641e+00 -2.47606382e+00  1.64651360e+00
   3.89679576e+00  3.77832031e+00]
 [-3.09016499e+00 -3.91815565e+00 -3.34102851e+00  1.49967206e+00
  -2.96341090e+00  1.73134859e+00]
 [ 3.63338822e+00  2.51318152e-01 -2.25640608e+00 -4.62910173e+00
   1.07709475e+00  1.63918904e+00]
 [ 5.99339556e-01 -2.78479316e+00 -1.93845766e-01  4.43715958e+00
   3.88694943e-01 -4.26173394e+00]
 [-3.31003006e-01  3.24240243e+00 -2.85417887e+00  2.44676181e+00
   3.52162572e+00 -3.85200741e+00]
 [-4.56383515e+00 -3.40070985e+00  3.41650037e-01 -9.35427839e-01
   6.94500281e-01 -4.76594174e+00]
 [ 3.28226435e+00  4.96595298e+00  1.14877149e-01  3.53659280e-01
  -1.83234650e+00 -9.20821639e-01]
 [-2.21946109e+00  3.92530182e+00 -1.25416389e+00  2.85256119e+00
  -4.97961724e+00 -7.21561866e-01]
 [ 3.95102006e-01 -3.55360334e+00  1.86768980e-01 -4.78627545e+00
  -2.37047285e+00 -2.50980038e+00]
 [-1.86652358e+00  4.13869503e+00 -3.51466664e+00 -3.55358621e+00
   2.19724192e-01 -2.34385126e+00]
 [-1.16389504e+00  1.29408110e+00  3.54533694e+00 -3.79460618e+00
   6.64990171e-01  2.64199034e+00]
 [-4.29189627e+00 -1.65173693e+00 -4.47211881e+00 -2.48095337e+00
  -1.24027470e+00 -2.14738457e+00]
 [ 7.01931843e-01 -3.87082936e+00 -2.99609845e+00 -2.04455782e+00
   4.69777915e+00  1.06917462e+00]
 [-1.68561919e+00  6.79567876e-01 -2.21829077e+00  3.15718453e+00
  -3.85949609e+00  3.95951614e+00]
 [ 4.86496991e+00 -1.96638460e+00 -2.51270345e+00  1.30975657e+00
   2.57555696e+00 -1.32030976e+00]
 [ 4.45576027e+00 -1.94185454e+00  3.99307950e+00 -2.69206321e+00
  -1.20127895e-01  4.34264889e+00]
 [ 3.61026570e+00  3.77619956e+00 -3.88619903e+00 -9.73803312e-01
   2.89814004e+00 -6.85283182e-01]
 [ 2.82282812e+00 -2.84858844e-01  4.37013909e+00  4.73148958e+00
  -7.97178459e-01 -1.66492278e+00]
 [-3.01806557e+00  4.73310929e+00  1.20427622e+00  3.95235768e+00
   1.96680159e+00  5.28800073e-01]
 [-3.38002852e+00  4.50397484e+00 -1.44887494e+00 -4.26114990e-01
   4.76899493e-01  2.90969528e+00]
 [-2.65230840e+00 -2.10279074e-01  3.61533329e+00  1.09143248e+00
  -2.26228823e+00  4.67034669e+00]
 [-4.69382608e+00  2.23762379e+00  4.72476842e+00 -5.65998893e-01
   4.29992143e+00  8.30105437e-01]
 [ 3.37503449e+00  1.81502908e+00 -4.01344083e+00  3.00712560e+00
  -2.73241043e+00 -4.06275477e+00]
 [ 2.98955629e-03  2.89901700e+00  4.45958594e+00  1.77373388e+00
   2.21059799e+00  4.14497784e+00]
 [-2.40404209e+00 -8.04142499e-01 -4.43263275e+00 -2.23291326e+00
  -1.03059094e+00  4.92362316e+00]
 [-3.68172595e+00 -1.03210397e+00  2.24902260e+00  4.96485257e+00
   1.51111087e+00  2.00928889e+00]
 [-2.51584138e+00 -5.10242661e-03  2.89509856e+00  3.49103165e+00
   3.30315964e+00 -4.32248021e+00]
 [ 4.31004487e+00 -2.58926809e+00  3.30508176e+00  1.17373249e+00
   3.09162478e+00  6.40559886e-01]
 [ 3.03144542e+00  3.03529381e+00  2.16562665e+00  5.81112528e-01
  -3.66815201e+00  4.27832790e+00]
 [-2.00655250e+00 -4.24706839e+00  4.06907380e+00  2.12670414e+00
  -6.57875449e-01 -1.78870230e+00]
 [-3.31398940e+00  3.71467183e+00  1.43657587e+00 -3.10782330e+00
   2.39356474e+00 -3.45312851e+00]
 [-4.32272373e+00  4.03526711e-01 -2.84697761e-01 -4.44885256e+00
  -3.34674973e+00  2.20967160e+00]
 [-4.83524164e+00  2.11458888e+00 -1.72829997e+00  1.81661473e+00
  -2.89499118e-01 -3.14598634e+00]
 [ 1.85315124e+00  1.44815292e+00  1.33637769e+00  4.03161195e+00
   4.55596712e+00 -6.86580325e-02]
 [-2.35194442e+00  4.40408156e+00  2.41886788e+00 -1.56764042e+00
  -3.90158396e+00  1.83077956e+00]
 [-7.45872568e-01 -2.69810007e+00  3.16253316e+00 -2.55231110e+00
   3.88746551e+00 -3.28503252e+00]
 [ 1.61982220e+00 -3.74258854e+00 -2.06608704e+00 -4.23150482e+00
   2.32341468e+00 -4.48717741e+00]
 [ 2.39556022e+00 -2.93112691e+00  2.66972905e+00  2.58636198e+00
  -2.63669149e+00  3.70731635e+00]
 [ 2.25793310e+00 -1.39343384e+00  4.91595146e+00 -1.27127378e+00
  -2.10277390e+00 -1.42446863e+00]
 [-1.66047891e+00 -4.55581924e+00 -4.16412663e+00  8.22028025e-01
   1.74567472e+00 -2.96920893e+00]
 [ 4.68975158e+00 -4.05074643e+00  7.88759561e-01  4.99094640e-01
  -1.79723365e+00 -2.88374625e+00]
 [-8.40450538e-02 -2.21858181e+00 -3.27810044e+00 -2.01451678e-01
  -4.02932485e+00 -3.98699803e+00]
 [-2.23610040e-01  1.76849202e+00 -4.80600452e+00  9.48450807e-01
  -1.58892820e+00 -1.50175912e-01]
 [ 8.85636155e-01 -2.36148294e+00  1.85804502e+00 -3.39075624e+00
  -4.20946151e+00  3.33200997e+00]
 [ 4.21958557e+00 -6.05630433e-01  2.93038103e+00 -4.95800936e+00
   1.38525029e+00 -1.18245207e+00]
 [-4.53463061e-01  4.27081365e+00  1.73875161e+00  2.71102109e+00
  -1.49273254e+00 -4.98717520e+00]
 [-6.67578572e-01  2.74326775e+00  3.81137559e+00  4.53247038e+00
  -3.09014688e+00  1.16816824e+00]
 [ 1.01188559e+00  3.54806539e+00  4.23765854e+00 -4.43902017e+00
  -2.00197788e+00 -1.89057491e+00]
 [ 2.65896466e+00 -2.25618569e+00 -4.17251534e+00 -1.91208691e+00
  -4.66426322e+00  3.09125962e+00]
 [ 1.30576105e+00 -4.60026147e+00  6.35813502e-01  4.24179886e+00
   3.73088142e+00  1.34413901e+00]
 [-1.36174591e+00 -8.68703551e-01 -4.71841839e+00  3.66201987e+00
   3.46871394e+00 -3.27560249e-01]
 [ 2.57164681e+00 -1.70178866e+00 -3.67026144e+00  2.02354089e+00
   9.13154376e-01  4.54122229e+00]
 [ 4.84757434e-01  3.35319525e+00 -1.63531815e+00 -3.72962103e+00
  -3.20451270e+00  3.00142234e+00]
 [-8.95701636e-01  1.31662529e-01  1.07639191e+00  2.69459373e-01
  -1.49141469e-01 -1.05831373e+00]
 [ 3.92329624e+00  1.05372685e+00 -1.22822342e+00  4.64288455e+00
  -9.63009051e-01  9.20566139e-01]
 [-3.59689800e+00 -4.89995493e+00 -1.06703300e+00  2.29160891e+00
   1.94205793e+00  2.59085241e+00]
 [ 1.74617896e+00  2.56626958e+00  1.56282871e+00 -2.18802624e+00
   4.92394511e+00  2.60948887e-01]
 [-3.98882722e+00  4.99876432e-01  2.52120440e+00 -3.31036747e+00
  -2.85998100e+00 -2.40321970e+00]
 [ 3.84596419e+00 -1.13486376e+00 -4.99998411e+00 -2.92154999e+00
  -1.35557670e+00 -1.94866726e+00]
 [-4.07131932e+00 -4.32019352e+00  2.04005740e+00 -4.06247996e+00
  -5.53617837e-01  1.51442249e+00]
 [-2.90072973e+00  9.68581047e-01 -2.77737912e+00  3.25640920e+00
   3.01437736e+00  4.73796416e+00]
 [ 2.05720260e+00  2.47939887e+00  4.70081271e+00 -1.21343122e-01
   2.74795778e+00 -3.65281134e+00]
 [-3.84892009e+00 -1.30814459e+00  4.18824066e-01  3.83077464e+00
  -3.60417313e+00 -2.70457526e+00]
 [-1.51778135e+00  1.56530670e+00 -3.07176304e+00 -3.96557034e+00
   4.11019895e+00  2.37527323e+00]
 [ 1.57082895e-01  3.06035711e+00 -8.79273209e-01 -2.83633478e+00
  -4.42085689e+00 -3.53668105e+00]
 [-1.02689869e+00 -3.09361139e+00  3.45851506e+00  2.08596955e-03
   4.78591442e+00  3.47586369e+00]
 [-4.94208028e+00 -4.48308607e-01 -7.28783951e-01 -3.39353724e-01
   4.33631010e+00  4.61199409e-02]
 [ 2.13127390e+00 -3.22119565e+00 -1.83324546e+00  3.40854991e+00
  -4.53980220e+00  3.17460952e-01]
 [ 1.41646804e+00 -4.81311657e+00 -4.29470020e-01 -1.24741997e+00
   2.44717022e-02  2.25113812e+00]
 [ 4.74214209e+00  2.06596690e+00  9.17321681e-01 -8.24092155e-01
   1.60107148e+00  3.42175061e+00]
 [ 4.05721669e+00  7.52804678e-01 -1.14728380e-01 -1.49954261e+00
  -4.80288965e+00 -5.23005266e-01]
 [ 3.16661323e+00  1.15592792e+00 -6.21573568e-01 -1.78660344e+00
   1.16418094e+00 -4.64462641e+00]]
