[[1.00000000e+000 2.16095048e-043 9.50968726e-024 2.83637063e-103
  3.97080913e-084 2.84895220e-007 3.99309665e-047 3.31428951e-063
  2.96054741e-019 1.23916705e-038 1.32684984e-080 8.68209033e-049
  4.75214844e-015 1.36117253e-070 1.24234114e-078 2.11287383e-074
  2.28358779e-033 3.35342932e-075 7.58144240e-054 3.59449875e-027
  1.00000000e+000]
 [2.16095048e-043 1.00000000e+000 5.58918639e-037 5.63789992e-075
  1.02291511e-063 2.03082358e-021 4.41910167e-081 1.41673005e-076
  9.14701041e-021 3.20927121e-063 3.61814215e-041 6.76915563e-091
  1.58744366e-014 2.13069856e-066 3.52228231e-062 4.47758778e-041
  4.79223895e-035 1.77016804e-073 2.03094373e-022 2.61914408e-056
  1.00000000e+000]
 [9.50968726e-024 5.58918639e-037 1.00000000e+000 3.99577560e-041
  4.91546148e-061 1.35100501e-018 2.02085230e-018 3.15155279e-044
  2.98670267e-030 3.91722851e-039 6.18969891e-047 3.20639423e-022
  4.29382060e-030 1.25059724e-059 1.42318107e-059 1.53789915e-043
  1.05135266e-015 4.09592356e-058 1.86628561e-025 7.52113630e-036
  1.00000000e+000]
 [2.83637063e-103 5.63789992e-075 3.99577560e-041 1.00000000e+000
  3.24715131e-038 1.37337931e-072 4.31930018e-051 3.82287078e-030
  8.03526337e-076 3.73808942e-060 3.12724796e-025 1.54524794e-036
  5.52915996e-091 3.39071285e-048 1.80142773e-047 4.81964930e-022
  9.46148592e-025 2.26437737e-040 8.38584282e-062 1.44109024e-057
  1.00000000e+000]
 [3.97080913e-084 1.02291511e-063 4.91546148e-061 3.24715131e-038
  1.00000000e+000 1.44218663e-060 2.51682132e-086 5.83438114e-025
  1.08054548e-035 5.88625061e-075 4.89730589e-040 3.35960545e-072
  2.25497571e-081 4.40748684e-017 3.09056953e-028 3.69638360e-019
  1.08422580e-025 2.07920957e-003 1.26786390e-054 8.51343359e-032
  1.00000000e+000]
 [2.84895220e-007 2.03082358e-021 1.35100501e-018 1.37337931e-072
  1.44218663e-060 1.00000000e+000 9.44445808e-045 1.15544578e-044
  5.69897349e-011 2.72067069e-024 1.65547954e-045 9.26384644e-043
  3.99215247e-005 1.16557453e-049 2.89098079e-053 4.87793545e-044
  5.29268044e-018 2.61669894e-056 1.14826029e-040 1.67455876e-018
  1.00000000e+000]
 [3.99309665e-047 4.41910167e-081 2.02085230e-018 4.31930018e-051
  2.51682132e-086 9.44445808e-045 1.00000000e+000 2.75554758e-040
  8.39689810e-060 5.16494157e-059 1.00967272e-075 3.09885725e-017
  4.13418201e-063 3.65611025e-058 1.93710790e-057 2.21438519e-052
  2.15922788e-037 7.66072273e-080 5.36340817e-074 2.39977689e-050
  1.00000000e+000]
 [3.31428951e-063 1.41673005e-076 3.15155279e-044 3.82287078e-030
  5.83438114e-025 1.15544578e-044 2.75554758e-040 1.00000000e+000
  6.20279037e-042 8.81180919e-036 1.35028992e-032 1.30128151e-025
  9.19821595e-069 1.08381197e-010 2.85409862e-015 1.84162608e-016
  1.50265552e-019 9.10163425e-018 3.90567271e-083 3.97247679e-014
  1.00000000e+000]
 [2.96054741e-019 9.14701041e-021 2.98670267e-030 8.03526337e-076
  1.08054548e-035 5.69897349e-011 8.39689810e-060 6.20279037e-042
  1.00000000e+000 2.94651492e-050 1.57224059e-049 1.07944124e-064
  6.94947605e-019 8.56226757e-032 1.31042871e-036 1.67369523e-034
  7.48195891e-023 5.10345510e-036 2.83917056e-031 1.07454773e-019
  1.00000000e+000]
 [1.23916705e-038 3.20927121e-063 3.91722851e-039 3.73808942e-060
  5.88625061e-075 2.72067069e-024 5.16494157e-059 8.81180919e-036
  2.94651492e-050 1.00000000e+000 9.60524854e-033 2.05149656e-025
  2.13730930e-036 1.20556014e-064 1.35203030e-065 4.59827377e-055
  1.73994203e-024 1.37374481e-061 4.38594414e-087 2.53628938e-020
  1.00000000e+000]
 [1.32684984e-080 3.61814215e-041 6.18969891e-047 3.12724796e-025
  4.89730589e-040 1.65547954e-045 1.00967272e-075 1.35028992e-032
  1.57224059e-049 9.60524854e-033 1.00000000e+000 2.00282445e-052
  2.14909132e-055 1.36749347e-045 4.85753470e-034 8.99879101e-020
  9.64004049e-026 2.98822095e-041 1.18654854e-055 8.90759138e-041
  1.00000000e+000]
 [8.68209033e-049 6.76915563e-091 3.20639423e-022 1.54524794e-036
  3.35960545e-072 9.26384644e-043 3.09885725e-017 1.30128151e-025
  1.07944124e-064 2.05149656e-025 2.00282445e-052 1.00000000e+000
  2.39161228e-066 9.75451725e-059 2.30272775e-061 1.20956256e-052
  2.83884167e-024 1.49733334e-058 3.62092048e-083 4.82682265e-031
  1.00000000e+000]
 [4.75214844e-015 1.58744366e-014 4.29382060e-030 5.52915996e-091
  2.25497571e-081 3.99215247e-005 4.13418201e-063 9.19821595e-069
  6.94947605e-019 2.13730930e-036 2.14909132e-055 2.39161228e-066
  1.00000000e+000 3.66158664e-069 5.56347042e-072 7.00602239e-056
  1.41963081e-030 4.05567748e-081 1.63653523e-045 5.66697874e-037
  1.00000000e+000]
 [1.36117253e-070 2.13069856e-066 1.25059724e-059 3.39071285e-048
  4.40748684e-017 1.16557453e-049 3.65611025e-058 1.08381197e-010
  8.56226757e-032 1.20556014e-064 1.36749347e-045 9.75451725e-059
  3.66158664e-069 1.00000000e+000 6.26279787e-008 7.72400133e-012
  1.04736918e-029 6.64202243e-017 9.81627148e-080 1.30920701e-022
  1.00000000e+000]
 [1.24234114e-078 3.52228231e-062 1.42318107e-059 1.80142773e-047
  3.09056953e-028 2.89098079e-053 1.93710790e-057 2.85409862e-015
  1.31042871e-036 1.35203030e-065 4.85753470e-034 2.30272775e-061
  5.56347042e-072 6.26279787e-008 1.00000000e+000 1.75224299e-011
  3.19564220e-039 3.42326653e-029 7.38069285e-077 7.19148151e-033
  1.00000000e+000]
 [2.11287383e-074 4.47758778e-041 1.53789915e-043 4.81964930e-022
  3.69638360e-019 4.87793545e-044 2.21438519e-052 1.84162608e-016
  1.67369523e-034 4.59827377e-055 8.99879101e-020 1.20956256e-052
  7.00602239e-056 7.72400133e-012 1.75224299e-011 1.00000000e+000
  1.08373342e-019 1.60687569e-024 2.65990840e-054 5.76518994e-033
  1.00000000e+000]
 [2.28358779e-033 4.79223895e-035 1.05135266e-015 9.46148592e-025
  1.08422580e-025 5.29268044e-018 2.15922788e-037 1.50265552e-019
  7.48195891e-023 1.73994203e-024 9.64004049e-026 2.83884167e-024
  1.41963081e-030 1.04736918e-029 3.19564220e-039 1.08373342e-019
  1.00000000e+000 3.64999091e-023 1.51718678e-036 3.09085532e-014
  1.00000000e+000]
 [3.35342932e-075 1.77016804e-073 4.09592356e-058 2.26437737e-040
  2.07920957e-003 2.61669894e-056 7.66072273e-080 9.10163425e-018
  5.10345510e-036 1.37374481e-061 2.98822095e-041 1.49733334e-058
  4.05567748e-081 6.64202243e-017 3.42326653e-029 1.60687569e-024
  3.64999091e-023 1.00000000e+000 2.12298725e-063 1.17479518e-021
  1.00000000e+000]
 [7.58144240e-054 2.03094373e-022 1.86628561e-025 8.38584282e-062
  1.26786390e-054 1.14826029e-040 5.36340817e-074 3.90567271e-083
  2.83917056e-031 4.38594414e-087 1.18654854e-055 3.62092048e-083
  1.63653523e-045 9.81627148e-080 7.38069285e-077 2.65990840e-054
  1.51718678e-036 2.12298725e-063 1.00000000e+000 1.08386144e-068
  1.00000000e+000]
 [3.59449875e-027 2.61914408e-056 7.52113630e-036 1.44109024e-057
  8.51343359e-032 1.67455876e-018 2.39977689e-050 3.97247679e-014
  1.07454773e-019 2.53628938e-020 8.90759138e-041 4.82682265e-031
  5.66697874e-037 1.30920701e-022 7.19148151e-033 5.76518994e-033
  3.09085532e-014 1.17479518e-021 1.08386144e-068 1.00000000e+000
  1.00000000e+000]
 [1.00000000e+000 1.00000000e+000 1.00000000e+000 1.00000000e+000
  1.00000000e+000 1.00000000e+000 1.00000000e+000 1.00000000e+000
  1.00000000e+000 1.00000000e+000 1.00000000e+000 1.00000000e+000
  1.00000000e+000 1.00000000e+000 1.00000000e+000 1.00000000e+000
  1.00000000e+000 1.00000000e+000 1.00000000e+000 1.00000000e+000
  0.00000000e+000]]
