[[ 1.29466864 -3.04799702 -3.28113482 -4.52208906  2.61091441 -4.40583122]
 [ 0.54364667 -0.42958239 -0.42268603  2.51412814 -0.44133171  3.88202941]
 [ 3.98199387 -0.26015815  3.35823833  4.727301   -3.71345166 -0.9578741 ]
 [ 1.23783394 -3.03856911  1.78614142  3.41243057 -4.6946986   1.08348233]
 [-3.51441994 -4.22016359 -4.93114633  3.08647419 -0.83482723 -4.5795684 ]
 [-3.81436712  2.96426787 -2.60172497 -2.41213752  0.02071021 -1.14493196]
 [ 3.02293721 -0.8945516  -1.09442908 -1.25819515  4.92836767  3.97721289]
 [-4.3503853   4.03054655  1.84535298 -0.13204425 -2.32008602  4.13591235]
 [-4.42031631  4.87238596  2.62729082 -2.07722247 -3.10299083 -4.21104824]
 [-1.7248862   1.02576798  3.37713449 -4.77782802  1.22022681 -3.18644395]
 [-3.60951941  4.38679681 -4.71485935  4.16233803  4.95342597  1.56176735]
 [ 1.59456345  0.12953453 -1.00715052  4.34978531  1.56291313 -0.28216935]
 [ 1.02097465 -0.42876622 -2.53357585 -2.53463442  0.55352327  2.9683004 ]
 [ 2.62266369 -1.35467022 -2.81651713 -3.28903972  1.89569825  0.58385273]
 [ 4.29273827 -1.58577429  4.8792102  -2.1178543   2.38627482  2.0112377 ]
 [-0.81291382  2.54957338 -1.67787947  1.93115251 -3.55012408  3.07894011]
 [ 0.02325114 -3.40762348  3.22496027 -4.3314606   4.23235003  2.02349313]
 [-3.99188574  4.77324346  4.6190033  -0.92567032 -1.89700093 -2.01386464]
 [-1.39141705  1.17714883  2.82024636 -0.49280556 -1.49725141 -4.26194744]
 [ 1.966694    4.5472126  -2.72617717  3.89654257  3.64513131  2.53476442]
 [ 4.84105823 -0.06693026  4.8868     -2.2484576   0.14067775 -3.96148129]
 [-3.02300077  1.23163928 -2.0747042   1.58124838 -1.33486726 -3.94218553]
 [ 3.14829172 -2.67213884  4.46466242  2.31023115 -3.31459175 -3.29269768]
 [ 0.83170908  2.08241339 -2.53576431 -0.32697705 -3.17347426 -3.83522051]
 [ 2.28392714  1.44528737  3.87014546 -1.11921115  3.18294811  4.48913247]
 [-3.463717    3.54926681 -2.52911808 -1.26443012  2.66549879  4.79541124]
 [ 4.56570972 -1.41642336  3.2708711  -2.22191033  0.22237353 -1.14862633]
 [-4.53607233 -0.74730485  1.29687397 -0.09444735  0.17153604 -3.79208056]
 [-4.88794701  2.69173052  0.64660696 -2.6028463  -4.39202432 -4.41924828]
 [-2.12312128  2.72627058 -0.06690649  2.18396826  2.91099176  4.17494008]
 [ 3.45172921  3.82871243  2.2484382  -2.7269398   3.70269176 -0.1010082 ]
 [-3.38605322 -2.15815984 -2.01144629 -2.58629174  1.6884744   2.67596342]
 [ 0.85008721 -1.558243   -4.23972423  2.67194324 -1.6598038   0.76322287]
 [ 0.95108841 -3.6820504  -0.70939701  2.55922239 -4.76541669 -4.74047389]
 [-3.15233499  3.59231005 -3.82500877  3.47792307  2.83924595 -3.7461825 ]
 [ 2.31918697  2.5525685  -4.56049738  0.95978808 -4.04628286 -3.1678053 ]
 [ 4.77445133  0.16461318  3.91530372 -0.82625241  1.57589067 -1.37373389]
 [-4.84405782 -2.66636661  3.0390641   1.70464592 -2.9944108   4.66770872]
 [ 3.60877046  3.76555676  1.98020068  4.91510169 -1.22677094  0.02438522]
 [-2.21519538  4.84910292  1.79430401  4.09816682  4.45820791 -3.082058  ]
 [-3.7721562  -1.97216588 -1.45362777  4.29340392  1.33167164 -2.99679544]
 [-0.25690276 -3.78937754  3.33122113 -2.19814862 -3.82994665  0.88486513]
 [-3.05782314 -2.91006835  4.39070862  4.67520568 -4.86097981 -2.65229582]
 [-2.58747879  1.59274052 -4.116684    3.74482811 -2.70470465 -3.56025647]
 [-2.71151728 -3.82606977 -2.59230394 -1.05170696 -0.16731638 -1.48713392]
 [ 2.59228023  3.56904045 -2.19813746 -3.590619    4.86278711 -3.86579541]
 [ 2.33945168 -3.05947757 -3.74574077 -3.79830721 -4.65109932  0.71441994]
 [ 0.9121566   3.33931201  3.64104462  0.50508446 -0.70637335 -4.18773458]
 [-2.52216788  0.05863551 -4.35316412  0.72874113 -3.28149543  3.48650623]
 [ 0.53406967 -0.7094222   4.44174984  4.93547705 -3.9369741  -1.87112781]
 [-3.51807897 -4.80341617 -1.90181306 -1.62199736 -3.5794224  -4.07735395]
 [-4.03756414 -0.05320718 -2.20180924 -0.20066922  4.0501917  -0.15077161]
 [ 4.43795438 -3.43651721 -3.45572691  4.16819291 -3.75026545  4.56053542]
 [-3.04927466 -2.1576239  -1.53727736  4.38574231  3.04997742  3.32793463]
 [ 2.79931488  3.09722552 -3.85064733 -2.41813573  2.80208963  3.17990439]
 [ 4.95254289  2.59210174 -2.49964108 -1.15271061  0.06940633 -1.08642995]
 [-4.99983305 -2.69129751 -4.87777656 -4.07285383 -3.74306884 -0.08359484]
 [-0.44362248 -1.88627878 -0.25515027 -4.94353355  2.68890947  3.20975283]
 [-3.02675026  2.94172833 -1.46352294  0.35315414  4.11873361  4.18344114]
 [-0.69059496  3.84676196 -1.5830557  -3.99813031  1.19032607 -3.47458619]
 [-1.56596423  2.42867296  2.49221107  0.13881964 -2.31149892 -1.40793744]
 [ 2.91365065  2.75884085 -2.98548026  0.25213053 -1.91722431 -2.51479943]
 [ 2.22352699 -2.59907319 -1.42809377  3.58294915 -0.77377938  1.43053392]
 [ 4.8169697   3.7725813  -2.26864738  1.20069161 -0.35886972 -0.50048814]
 [-0.48595562 -3.57931209  3.69420885  1.59521397  4.17124648  2.70406731]
 [ 2.04205582  4.1668785   4.73358076  4.23264138 -0.91939037 -1.56267971]
 [ 0.33575805 -1.42289076  2.26453794 -4.53721324 -4.55326449  1.19432447]
 [-0.76296316 -4.67490268 -2.69146114 -0.14245318 -0.34874269  1.25352008]
 [-0.1335521  -3.58806633  0.01073983  0.25623133 -4.00191398 -3.79855109]
 [-3.04045998  2.99767951  0.22003296  2.90141694 -4.4731506  -1.77065238]
 [-0.74095725  3.30121836  4.42627733  2.81231397 -2.69712769  0.79874138]
 [ 3.5605208  -1.52817055  4.35282316  4.93030444 -1.37141453 -3.02518037]
 [ 3.40656321  3.23766269  2.11995864  0.78182416  3.83978226  4.54336737]
 [ 1.96952449  1.41071597 -1.25692686 -3.84554589 -3.75325971 -4.94818086]
 [-1.23230666 -3.52678044 -3.56560304 -0.81517336  0.28680753 -0.10428557]
 [ 3.99107512 -3.56859829  0.22047368  0.49816855  0.77286621 -2.41866017]
 [ 1.02691064 -1.87135542 -4.40036853 -0.85581707 -0.29882019  4.75016217]
 [ 1.38508566  4.1149022  -3.88842961 -4.67028195 -4.256428   -0.98277312]
 [ 3.17508055  1.39723332  1.29685693  4.31801359  4.55948296  2.67001663]
 [ 1.09599399  2.86346562 -2.66427751 -2.24435249  4.06803005  2.64527299]
 [-2.38469406  4.86123672  3.41847549  0.23129354 -4.08776355 -4.2751674 ]
 [ 0.4304774   1.12157241  3.88240027 -2.56179556  3.94851995  0.22487629]
 [ 4.48669401  4.68525888  2.49582908  0.67806439 -1.57893097  0.29941953]
 [-0.57945099 -0.29479649 -4.7769273   1.57239316 -1.47934604 -4.76525252]
 [-3.05949098 -4.75869774  0.38840691 -4.90007587 -4.26541716 -1.31054792]
 [ 0.57353724  2.0854572   1.14026224  4.51699927  3.18837757 -0.44212028]
 [ 4.90394127  2.51880826 -2.25484506 -1.91706849 -0.72282494  2.03776821]
 [-2.80103192  1.35227431  2.13432881 -4.85752322 -0.1769657   4.28093871]
 [ 0.32269858  0.78562392  0.09029501  3.31029986  4.31773978  0.73790511]
 [ 2.03121307  1.92175607  4.0363779  -2.40636388 -4.62402174 -0.43564706]
 [ 2.49333334 -4.00116245 -3.72779202 -3.85616333 -1.49832359  1.4889288 ]
 [ 0.47086167 -1.39232114 -3.45628214  1.75356026  1.43028598  0.24897603]]
