[[-1.34980773 -0.54244268 -4.71494541 -4.45500663 -0.59474301 -1.89040266]
 [-1.55033071 -3.89365151 -1.84695671 -2.63539693  1.5334595   4.06343089]
 [-4.55011179  1.16534163 -3.78410418 -0.93407663  1.17557451  2.12627213]
 [-4.35910471  1.07047641 -0.91259051  4.55053853  0.83260107 -2.48004778]
 [-0.12988942  0.42476713  0.50408571 -4.93829947  4.38240859  0.99389473]
 [ 4.42827957 -2.38624668 -2.46986187 -3.48002173 -2.19368522 -1.34093118]
 [ 3.05923541  0.67938386  3.92857587 -1.40339589  0.93190507  4.8909612 ]
 [-2.9382991   2.93987598  2.06210418  0.04346714  3.04768905  4.57221264]
 [ 2.01836892  4.64698128 -0.9685967  -3.22880907 -0.34548874  3.12395113]
 [ 4.91275276  0.83037784  0.54220233  1.72081063 -3.38600092 -2.84981706]
 [-3.30861728 -3.60517843 -0.68894422 -3.62241953 -3.83839243  0.40689178]
 [-3.63540797 -0.15364864  4.11648751  1.13602785 -3.32415753 -0.80840182]
 [-4.00481854  3.08145108 -0.19260403  3.20081841 -2.94898909  2.81341201]
 [ 3.22760098 -3.15237499 -3.55036204  3.95067629  1.38026465 -0.51640903]
 [-3.5141951  -0.96827285  4.45782576 -0.65730945  2.3828972  -4.00446071]
 [ 4.26560808 -0.91301817 -4.22433784 -1.29854372  2.66979881  3.28816963]
 [ 1.68062571 -1.45770005  2.1783583  -3.87078259 -0.29389435 -4.4778184 ]
 [ 4.72708568 -1.61761643  2.84895516 -1.60874594  3.68871663 -0.09947837]
 [ 2.92749683  3.45310075 -1.29135908 -4.17570311 -3.57370182 -3.31315374]
 [ 2.223444    4.0454451   1.27607256  4.7663057   0.35507097  1.86562576]
 [ 0.63672566 -0.08010324 -1.34519691  4.95324161 -4.50667249 -0.28135848]
 [ 0.34600602  4.94553929 -2.16667223 -4.1901507   2.17042432 -3.02045748]
 [-2.61963375  3.34548749 -2.05549159 -2.21965873 -4.97004982  0.79186555]
 [ 1.25096276 -2.87468245  0.77905355  2.74287908  4.91201183  2.41470685]
 [ 4.15601621  2.33944133 -2.81746936  0.14352923  3.92960861 -1.627131  ]
 [-2.19371182 -0.50639851 -3.7717779   0.47894465  4.6995336  -3.51150732]
 [ 1.366007   -4.41262909  3.28119535 -2.51727465 -0.97723985  1.2866846 ]
 [ 3.6482817  -3.41035116 -0.34680966  1.84829657 -1.52738342  3.69960739]
 [-3.95952105  2.03795728  0.21797969 -2.87465729 -1.66803165 -4.24646477]
 [ 3.37834883  3.89527211  3.69484002 -0.86812019  0.52449432 -2.27573503]
 [-4.75790608 -4.00110068 -1.7341081   2.86660139 -1.85548229  1.57844124]
 [ 0.83802642 -4.852995   -3.04609845 -1.94595101  3.36742898 -1.18432282]
 [-3.06294425 -4.72539577  1.71588079  3.74058078  1.92155232 -2.01598047]
 [-1.18553124 -1.96002322 -4.99997666 -0.27827444 -3.04299887  3.91797087]
 [-0.6014649   0.29944415  1.92860737 -4.68595577 -2.5707343   4.75554308]
 [-2.52259666  4.47483694 -0.05597769  0.97243256  4.56734659 -1.09708756]
 [-0.91431018  1.45703283 -3.3633945   4.27147903  2.12779213  3.56668554]
 [ 1.03080576  2.71622259 -4.58624743  2.35000387 -1.13620501 -2.72704598]
 [-0.39570812  4.2484457   1.43360619  2.16863868 -2.36173294 -4.65607765]
 [ 2.35133159  2.54040208  2.51573785  0.51399514 -4.1490142   2.73037387]
 [-1.10897956 -3.3408105  -2.5623276   0.91604411 -2.00746092 -3.91520089]
 [ 1.86056701 -1.12299534  1.05494549  2.05092815  2.91808237 -4.98115539]
 [ 2.57775446 -2.19877592  4.31059579  4.07160693 -0.74285144  0.25384201]
 [-2.08776982 -1.74500219  3.50593242  3.08030233  0.01218714  4.32200018]
 [-1.91535796  3.77015991  4.64334014 -3.1333207   0.15353587  0.60945819]
 [ 0.11672944 -4.34732623  2.96235373  1.51526693 -4.71036847 -3.62282334]
 [ 3.83379108  1.6881996  -4.16631751 -0.46265831 -4.32379098  2.2460535 ]
 [-0.0929486   1.92837068  4.90183911  3.55481669  4.05757199 -0.43104885]
 [-4.91489347 -2.65002263  2.62137483 -1.82073681  3.32406719  1.33999206]]
