[[-27516.01275743]
 [ 17707.78539523]
 [ 21224.92654687]
 [-39152.3153823 ]
 [-21096.02269138]
 [ 15138.75926649]
 [ 10236.80207417]
 [  4606.01143148]
 [ 14126.00576882]
 [ 22118.60441343]
 [-35913.46746515]
 [-26444.22209494]
 [ 57278.70899961]
 [ 76609.64505006]
 [ 11362.31248488]
 [-23681.01348368]
 [-33609.85773298]
 [-35435.98207159]
 [ 59067.83928833]
 [-27324.39673079]
 [ 36339.25460315]
 [ 10802.94633241]
 [-34871.16051641]
 [-31019.74132451]
 [ -9219.18554768]
 [-22611.08824132]
 [-11938.37858696]
 [ 46012.03035912]
 [ 47302.43529506]
 [-12421.23688611]
 [ 30388.21910874]
 [ 22159.5687535 ]
 [  9283.35314344]
 [ 35077.8474154 ]
 [-15913.89790338]
 [-10942.98700285]
 [-28575.06222936]
 [-32375.69884348]
 [ 26627.16550327]
 [ 18647.55652603]
 [-35820.42602291]
 [-24419.93812078]
 [ 10822.93196604]
 [-12313.93422365]
 [ -5618.08085635]
 [ 35157.05139344]
 [-40491.15002549]
 [-39372.5043775 ]
 [ 40547.56248213]]
