[[ 3.35860444e+00  4.21702917e+00  2.91839420e+00  3.98422801e+00
  -4.82413611e+00  2.55350534e-02]
 [ 9.55809535e-01  2.05586503e+00 -3.39806647e-01 -9.63217619e-01
  -3.61384561e+00  1.82730347e+00]
 [ 2.60719894e+00 -4.87545284e+00  3.01510073e+00 -2.98937919e+00
   3.90579972e+00 -2.17730329e+00]
 [ 3.53203675e+00 -1.75135171e-01 -4.40134444e+00  4.46607812e+00
  -1.55893310e+00  3.96361941e+00]
 [ 2.11434236e+00  3.93169381e+00  3.45743506e+00 -1.89154393e+00
  -7.71788794e-01 -8.13168826e-01]
 [-4.14826880e+00 -1.06838453e+00 -4.68997484e+00  1.45118675e+00
   6.40124246e-01  4.62874633e+00]
 [-1.93199587e+00  8.68418409e-01 -7.26704595e-01  2.09749458e+00
   3.97047047e+00  2.65428686e+00]
 [-3.89551670e+00  4.63559859e+00 -2.61036572e-01  1.93339372e+00
  -8.46294888e-01  2.46249361e+00]
 [ 3.24871310e+00  4.51550690e-01 -2.30879979e+00  1.04182135e+00
  -1.84563581e+00 -1.45882925e+00]
 [-5.35814960e-02  5.91006990e-01 -2.98161442e+00 -3.30820109e+00
   6.12393122e-01  1.85017988e-03]
 [-4.92393401e+00 -1.92738405e+00  1.72470042e+00 -3.01100789e+00
  -1.67554764e+00 -8.43894715e-01]
 [-4.77289898e+00  4.42683986e+00  2.90544637e+00 -1.35594713e+00
   3.84469809e+00  3.40915812e+00]
 [ 3.42829094e+00 -1.39477009e+00  2.96048965e+00  3.68070025e+00
  -1.58006253e+00 -3.16575276e+00]
 [ 7.98950347e-01 -1.26590004e+00 -1.73985418e+00  3.88985504e+00
  -4.99185409e+00 -3.45829897e+00]
 [ 2.61374331e-01 -4.04639491e+00 -2.41110666e+00 -3.98772666e+00
   4.67209350e-02  3.55849343e-01]
 [-1.43157097e+00 -3.69669424e+00  4.29168751e+00  2.59176520e+00
  -3.05109040e+00 -4.38739375e+00]
 [-2.32875725e+00  3.19241472e+00 -4.43064207e+00 -1.54935148e+00
   5.41385998e-01 -2.99699327e+00]
 [ 4.95625942e+00  1.05666519e+00  4.73238544e+00 -2.59504578e+00
  -3.41392025e+00  4.77148054e+00]
 [-1.04327335e+00 -4.90548377e+00  1.44356053e+00  1.91765637e+00
   3.06287775e+00  7.28125687e-01]
 [-4.37071157e+00 -5.38954942e-01 -1.56589043e+00 -1.24552752e-01
  -3.50144332e+00 -4.54179558e+00]]
