[[ 2.47632896  4.1002366  -2.86870343 -1.58239294  4.95612893  4.19052286]
 [ 2.32269459 -2.5849098   0.54934143  4.24705967 -0.22617157  3.49647839]
 [ 2.96496722 -3.35098707 -2.12925892  1.99355143 -4.37495923 -2.72272545]
 [ 1.55983242 -1.79589315 -4.0923551   1.34115065  2.38380306 -4.23523045]
 [ 1.93786278 -0.73934464 -1.70223776 -0.70882892 -1.61097155  3.19903374]
 [-1.82336744  1.48398015 -4.92271265 -4.06456075  3.70129405  1.72782572]
 [-3.57458032  4.72680033  3.88440527  0.26718031  1.08615239 -3.7827945 ]
 [-3.71883065  0.95459551  0.27990173  1.28611176  0.36436756 -0.25517897]
 [-4.44688513  2.99498336  4.88868727 -0.10158386  0.63324749  0.36170905]
 [ 3.2970783   4.79453348 -0.8748054   1.06338891  4.76799346  0.68514359]
 [ 4.56570003 -1.48073892  2.09055987 -4.2250807  -1.35483648  2.80220279]
 [ 1.84238392  1.90858338 -4.72565119 -2.48585327  2.73190005 -3.56157562]
 [-1.55116797  1.81762267 -2.01650722 -1.67774959  1.81634938  3.32315064]
 [ 3.48264199  4.71780866 -2.66102084 -3.60407321  3.80973053  2.31293493]
 [-4.77005414  1.89136858 -3.69518476 -3.28705696  2.60713498 -1.02133484]
 [ 1.84230122  3.98761171 -3.70166334 -1.69808978  0.89022877  0.13085828]
 [ 0.46955729  0.93035085 -0.6018417  -0.81275326 -4.80819836 -4.88347646]
 [ 3.09900273 -2.9969846  -0.99145856 -0.12357507  3.61167948 -4.80859997]
 [ 0.36605024 -2.15692213 -2.25504256 -1.9730996  -0.10508162  4.89338304]
 [ 0.98297328  3.06812962 -3.34814029  2.31820107 -2.64334846 -2.74905519]]
