[[ 3.60284689e+00  1.30230002e+00 -3.20285626e+00  6.76349694e-01
   3.01612576e+00  3.70432364e+00]
 [-8.06224069e-02 -1.04154610e+00  7.04898904e-01 -1.17423862e+00
   2.18402538e+00  3.65799442e+00]
 [-3.59070141e+00 -4.82843487e+00  1.28579203e+00 -2.93518562e+00
   8.51221704e-01 -3.48435306e+00]
 [ 3.35499994e+00  3.01258358e+00  5.58318817e-02 -4.25434877e+00
  -1.21602450e+00 -1.26878020e+00]
 [ 2.28174097e+00  4.33186148e+00 -9.70036746e-01  2.86043428e+00
  -4.20819244e+00 -2.66110712e+00]
 [-2.38829668e+00  1.38312173e+00 -7.78728905e-01  1.34922122e+00
  -3.38165318e+00  2.85702776e+00]
 [ 4.95125807e-01  4.09068241e+00 -2.67136621e+00 -4.41044614e+00
  -3.17333444e+00  2.17390153e+00]
 [ 3.05310439e+00  3.35170872e+00 -2.63135831e+00 -7.20894821e-01
  -3.86520693e+00  6.37311116e-02]
 [-1.48249514e+00  8.68356865e-01 -2.17084671e+00  4.20903182e-01
  -2.87507714e+00  1.68883458e+00]
 [-4.06616662e+00 -2.01435736e+00 -4.66132800e+00 -2.28129279e+00
  -2.75747472e+00 -4.59362574e+00]
 [ 4.27813516e+00 -4.22418414e+00  3.15879569e+00  3.15455479e-01
  -3.74457729e+00 -1.87645502e-01]
 [ 4.18556180e-01  2.69112133e+00 -6.37730969e-02 -1.84478552e+00
   3.64186658e+00  4.05602564e+00]
 [-3.64854835e-01 -4.67222201e+00 -3.54188350e-01 -1.11205077e+00
  -4.72756422e+00  4.61252485e+00]
 [ 8.79315612e-01 -4.12613248e+00  3.40565664e-01 -3.46276950e-01
  -2.99146856e+00 -2.08570876e+00]
 [-1.57450737e+00 -2.59398463e-01 -5.10574110e-01  3.54169829e+00
  -1.00278030e+00  1.17861509e-01]
 [-3.46446590e+00  3.05168301e+00  4.73905750e-01 -3.06346963e+00
   3.71962755e+00 -3.01879859e+00]
 [-1.60210751e+00  2.97256240e+00 -2.16162291e+00 -2.06360964e+00
   3.81974398e+00  9.54244526e-01]
 [ 1.89879831e+00 -3.05592435e+00  2.38057335e+00 -6.99650043e-02
   4.09767341e-01  2.31377969e+00]
 [-4.35999293e+00 -4.89421167e+00  1.59338319e+00 -3.77692076e+00
  -1.99705944e-01  3.44071942e+00]
 [-4.98970412e+00 -4.08275300e+00 -4.14564953e+00 -1.74292956e+00
   2.00419961e+00 -7.69792216e-01]
 [-2.53981068e-01 -1.97013087e-02 -4.00764787e+00 -2.76292902e-01
   3.76564288e+00 -3.26675719e+00]
 [-2.30183627e+00 -2.55071302e+00 -3.61005574e-01 -2.93722668e+00
  -3.04206563e+00 -1.36415411e+00]
 [ 9.58125285e-01  1.89617486e+00  4.17994674e+00  4.21079816e+00
  -2.55905331e+00  8.60085686e-01]
 [ 2.84291312e+00 -2.28467424e+00  1.48869914e+00 -4.30852673e+00
   3.00030208e+00 -1.88801436e+00]
 [-6.44867098e-01  8.94022558e-01 -2.03901121e+00 -2.31020729e+00
   1.72672948e+00 -3.32581227e+00]
 [-4.58663628e-01 -2.85067264e+00 -4.40908813e+00  5.72068601e-01
   4.24249358e+00 -8.71729001e-01]
 [ 9.89852791e-01 -4.87357628e+00  4.00190256e+00 -4.65746348e+00
  -1.15411452e+00  4.01185422e+00]
 [-4.62165110e+00  2.34511998e-01 -1.21862851e+00  4.09038477e+00
   1.18023970e+00 -4.02617106e+00]
 [-6.93253332e-01 -2.01259247e+00  4.65223715e+00  3.89486711e+00
  -3.73669081e+00 -4.37748949e+00]
 [ 1.53828929e-01 -3.94486214e+00  1.93548037e+00 -1.45637734e+00
  -4.30876568e+00 -3.01694001e+00]
 [ 1.64401609e+00  3.32367358e+00 -2.86012082e+00 -2.04904257e+00
   1.85878244e+00 -2.58089648e+00]
 [ 2.36463833e+00  2.96526787e-01  4.26090188e+00  6.35677612e-01
  -3.57496419e-02  2.28145792e+00]
 [-4.40750620e+00 -1.95882154e+00  2.52361891e+00 -2.75250401e+00
  -1.03574730e+00 -2.09738838e+00]
 [-2.50364415e+00 -2.06725749e+00 -3.83660136e+00  2.88752920e+00
   9.59017355e-01 -1.08234270e+00]
 [ 1.32214918e+00  7.15012509e-01 -1.16591452e+00  4.61396378e+00
  -8.93997677e-01 -2.02202941e+00]
 [ 1.80071359e-01  1.50478904e+00  1.96111459e+00 -1.37550391e+00
   3.63989650e+00  3.52316184e+00]
 [-2.21371735e-01 -5.03412099e-01 -1.05523195e+00  5.54526259e-01
  -3.00068807e-01 -5.92581535e-01]
 [ 3.97831832e+00 -1.02058165e+00 -1.60250170e+00  3.99667245e+00
  -9.34936706e-01  1.96646267e+00]
 [ 8.27579712e-01  2.10805952e-01  9.42098887e-04 -2.80445736e+00
  -2.45752406e+00  3.09768387e+00]
 [-3.34437922e+00 -2.73601591e-01  1.03152874e+00 -3.18656556e+00
  -2.62526118e+00 -2.89886843e+00]
 [ 3.22682835e+00 -4.08900803e+00 -1.45590382e+00  3.78698736e+00
   4.66491357e+00 -5.04268868e-01]
 [ 3.52191855e+00 -2.21622671e+00 -3.32534967e+00 -3.33060569e+00
   1.43912228e+00 -3.73111506e+00]
 [ 2.02352711e+00 -3.77850390e+00  3.63232500e+00  1.46807127e+00
   4.64624325e+00 -3.92701513e+00]
 [-4.06034792e+00  2.24016042e+00 -7.97954905e-01 -4.47568308e+00
   3.88961918e-01  2.47040488e+00]
 [-2.15854638e+00 -4.87530090e+00  3.69312243e-01 -3.39263516e+00
   4.73655312e+00  2.46797986e+00]
 [ 1.01059926e+00  2.73480804e+00 -4.52920904e+00 -3.42819164e+00
  -4.32881950e+00  3.93208037e+00]
 [ 8.99242602e-01 -1.26762161e+00  2.93713244e+00 -4.57356591e+00
  -8.10204242e-01  1.93617211e+00]
 [ 3.14454397e+00 -3.13921556e+00 -1.71162474e+00 -2.18629577e+00
  -3.63472742e+00  1.71711589e+00]
 [ 3.35192916e-01 -1.79741031e+00 -1.12631286e+00  4.43385619e+00
  -1.05101161e+00 -3.64010698e+00]
 [-1.57744048e+00  4.52581847e+00 -3.11334124e+00  3.37114920e+00
   4.64578657e+00 -3.87878658e+00]
 [ 3.68378838e+00 -2.13798762e+00 -1.97198848e+00 -3.15435037e-01
   1.09839461e-01 -1.53438491e+00]
 [-9.01422294e-01 -2.61148933e-01 -2.56630034e+00  9.42251143e-01
   1.00341989e+00  2.80821824e+00]
 [ 1.54972713e+00  3.07675820e+00 -2.69963157e+00 -5.40566684e-02
  -1.53138264e+00  2.45345700e+00]
 [ 5.06404571e-01  2.76674686e+00 -4.96705936e+00  4.18725395e-02
   3.37219613e+00 -4.17052021e+00]
 [-4.17630805e+00  1.74103755e+00  3.38220927e+00 -4.22618523e+00
  -8.19552562e-03  4.45463432e+00]
 [-3.95303382e+00 -1.23525853e+00 -1.31862261e+00  1.84390953e+00
   2.40935063e+00  4.28964553e+00]
 [ 2.69730243e+00  2.98351515e+00 -2.12123329e+00 -2.72461982e+00
  -1.87362272e+00 -3.11310074e+00]
 [-4.48076765e+00  1.50151405e+00  1.05517792e+00 -3.54296666e+00
  -2.52587759e+00  3.46504899e+00]
 [ 9.03910451e-01 -2.03881393e+00  3.85807133e+00  3.18790129e+00
  -2.76821235e+00  1.70656359e+00]
 [ 2.29390719e+00  9.94876995e-01 -1.35545521e+00 -3.44374715e-01
  -2.82387638e+00  8.46094915e-01]
 [-3.20242440e+00  4.11207357e+00  7.69803819e-01  1.04006074e+00
  -7.04773142e-01  3.87553871e+00]
 [ 2.81659950e+00  3.99487364e+00  9.41201096e-01  1.98578209e+00
  -2.12219501e+00 -1.66912014e+00]
 [-6.81960196e-02 -3.23505458e-01 -3.30897489e+00 -2.23636581e-01
  -3.31018644e-01 -1.75641203e+00]
 [ 4.12274280e+00 -2.86673064e+00 -2.18773814e+00  3.79447990e+00
  -2.47568327e+00  2.68201143e+00]
 [-4.27552135e+00  2.52889679e+00 -8.71425423e-01 -3.13806852e+00
   1.12239195e+00 -1.45453435e+00]
 [ 1.50706100e+00 -3.67961005e+00 -6.47473611e-01 -3.91134796e+00
   8.74724494e-01 -4.32895664e+00]
 [-7.90034851e-01 -2.59238098e+00  1.08894809e-01 -1.10577583e-02
  -2.44154789e+00  3.11302357e+00]
 [-8.27289654e-01  1.76766743e+00  1.90322630e+00 -3.01867361e+00
  -4.40490800e+00  2.52318301e+00]
 [-1.45004345e-01  1.56462574e+00 -4.99279436e+00  2.05300769e+00
   1.73814525e+00  1.57122046e+00]
 [ 2.58489538e+00  2.74184602e+00 -7.27685252e-01 -3.26757488e+00
  -1.00409484e+00 -2.06411175e+00]
 [-4.54040870e+00 -8.79828166e-01  1.01104439e+00  4.75653734e+00
  -1.10189818e+00  4.04978095e+00]
 [ 3.56954458e+00  2.90457366e+00 -3.90794091e+00 -4.81755325e+00
   3.80031219e+00  5.51007232e-01]
 [-8.11596655e-01 -1.01220858e+00 -5.25489752e-01 -1.47741873e+00
  -4.68188029e+00  1.14419889e+00]
 [-1.22139700e+00  4.74081525e+00  2.03223643e+00  2.28286513e+00
  -1.01355366e+00  3.01254449e+00]
 [-1.61018602e+00  3.93422302e+00 -3.55227283e+00 -3.14003408e+00
  -3.93844939e+00  1.58815345e+00]
 [ 3.64981572e+00  2.29880511e+00  5.65882696e-01 -2.73855546e+00
  -1.99790824e+00 -4.77589225e+00]
 [ 9.80263586e-01 -2.71355157e+00 -3.34741526e+00 -1.45956125e+00
  -8.28006059e-01 -4.24552967e+00]
 [-3.09361150e+00 -7.08317781e-01 -1.82717451e+00  2.25473272e+00
  -3.51173030e+00 -3.46644655e+00]
 [ 4.77700291e+00  3.46221222e+00  2.04559294e+00  4.47996344e+00
  -1.15409729e+00 -2.34468263e+00]
 [ 4.21660258e+00  2.83731855e+00  2.41756528e+00  4.59124124e+00
   3.59668755e-02 -1.27691089e+00]
 [-1.87828063e+00  1.23788972e+00 -9.12645988e-01  4.49320708e+00
  -4.79895017e-01 -1.71979977e+00]
 [-6.99775624e-01  1.12723220e+00  1.85398859e+00  4.55938856e+00
  -2.86515412e+00 -3.97172453e+00]
 [ 4.32833371e+00 -4.02643778e+00  8.47723623e-01  9.00430529e-01
   4.68948139e+00  1.25920993e+00]
 [-2.98927764e-02 -8.20196816e-01 -4.27750143e+00  7.91738244e-01
   1.31477872e+00  3.80712594e+00]
 [ 4.30479676e+00 -2.86082524e+00  2.42070639e+00 -9.17483972e-02
   2.48127129e+00  1.52980480e+00]
 [-4.90289605e+00  5.75861313e-01 -3.76603120e-01 -3.94235644e+00
  -2.34143569e+00  7.13421925e-01]
 [-4.29205352e+00 -4.56954498e+00 -2.34385141e+00  3.20816034e-01
  -4.17271615e+00 -4.36584355e+00]
 [-4.40946728e+00 -1.77060234e+00 -1.82238310e+00  3.55896854e+00
   4.50165240e+00  2.01849058e+00]
 [ 3.07214328e+00 -3.55280171e+00  2.36434617e-01  3.21486802e+00
   2.42199817e+00 -4.94961994e+00]
 [-3.46829454e+00  1.94361438e+00 -1.43047600e+00  3.95691501e+00
   3.37336960e+00 -3.80598853e+00]
 [ 4.29317180e+00 -1.19922841e+00 -3.39268506e+00 -3.68588871e+00
  -3.92889036e+00  3.91878480e+00]
 [-4.20412544e+00  3.78488478e+00  4.59805603e-01 -4.33455382e+00
  -3.06755154e+00 -1.09989612e+00]
 [ 8.62380426e-02 -2.85353432e+00  7.17518067e-01 -4.29747249e+00
  -2.30360536e-01 -5.81028950e-01]
 [-4.03970789e+00  2.89130323e+00  1.92255575e+00  3.34531974e+00
   3.71866415e-01 -2.00087207e+00]
 [-4.42429653e+00  2.40823904e+00  1.64159374e+00 -2.37145060e-02
  -2.71811527e+00  4.22018059e+00]
 [-4.64842556e+00 -4.77318246e+00 -3.80887772e+00 -2.34564319e-01
   1.36747076e+00 -3.70033002e+00]
 [ 1.76728055e-01 -3.32301731e+00 -4.51801775e+00  2.58176761e+00
  -2.69348773e+00 -3.42980691e+00]
 [-5.28173149e-01  3.62661537e+00 -5.74852659e-01 -1.16826935e+00
  -4.96257758e+00  4.11769015e+00]
 [-1.19927301e+00  2.08060781e+00  1.04151467e+00  3.98556990e+00
  -1.63234937e+00  1.94348660e+00]
 [-1.33871090e+00 -9.74769393e-01  4.02450420e+00 -4.44480830e+00
  -1.11250389e+00  1.66069473e+00]]
