[[1.00000000e+00 5.07722106e-62 3.65359417e-39 ... 8.97625789e-71
  1.82715952e-67 1.00000000e+00]
 [5.07722106e-62 1.00000000e+00 8.75692254e-35 ... 1.41323051e-51
  1.18883981e-08 1.00000000e+00]
 [3.65359417e-39 8.75692254e-35 1.00000000e+00 ... 1.68075342e-14
  5.66926609e-27 1.00000000e+00]
 ...
 [8.97625789e-71 1.41323051e-51 1.68075342e-14 ... 1.00000000e+00
  5.41876348e-49 1.00000000e+00]
 [1.82715952e-67 1.18883981e-08 5.66926609e-27 ... 5.41876348e-49
  1.00000000e+00 1.00000000e+00]
 [1.00000000e+00 1.00000000e+00 1.00000000e+00 ... 1.00000000e+00
  1.00000000e+00 0.00000000e+00]]
