[[-2.40496785 -2.16174585  2.55230806  3.81093517 -2.84451669  2.42522205]
 [ 1.21571709 -4.93740821  1.695106    2.28790606 -1.9561819  -1.50694921]
 [-2.76003212 -0.2449004  -4.91335017  0.03511501  1.44874117 -3.68546497]
 [ 3.97660576 -3.89533098 -0.65409031 -0.42215752  4.54176594 -2.36677794]
 [-4.78447562  4.11759422  3.69599278  2.96308004  0.95287937 -3.9103826 ]
 [-4.63356644 -3.13222829 -3.52029242 -0.69347749  2.73826631 -3.20014897]
 [ 2.01024169 -3.52008307  1.2008102  -3.74353516 -0.78231816  2.10516597]
 [-4.0701319   4.21628572  2.32940176  2.94118719 -4.84492409 -4.48332016]
 [ 0.01089311  2.96839815 -3.4641325  -4.91218032  1.70747822 -1.63347888]
 [ 2.1715311  -2.68924052  1.45006551 -4.01057412  1.78861613  2.85047697]
 [ 1.21787837 -1.7815392   3.01478883  4.45826346 -3.00075142  1.22702773]
 [ 4.09617106  0.48768745  3.6626329  -0.7537746   0.2923277  -1.92855624]
 [-2.64870295  1.08896523  4.57592206 -1.0765729   1.67881826 -0.67352779]
 [ 3.36814426 -4.80453108  0.41081523 -2.88609141  0.74545664 -1.87489434]
 [-3.6670121   4.01645402  0.14858208 -4.53869969 -4.9353338  -2.27351442]
 [ 2.52754172  1.21630893 -2.07270974 -0.50284059 -3.16125616 -2.90754235]
 [ 0.07652534  0.77096619 -4.81362536  3.90595952  4.01103185 -4.70102617]
 [-1.2634173   0.7809125  -4.7625632   3.72816285  1.11395283  3.66538164]
 [ 3.07867689 -2.49308997 -0.74118781 -1.36883263  4.59057503 -2.66916018]
 [ 3.28450435  0.64809606 -3.92454613  0.65211232 -4.29498599 -4.9891546 ]
 [-0.37724142 -3.36389448 -3.03077217 -4.61334069  3.94691228  1.32386568]
 [-3.59868544  1.05806323  0.05917674 -1.61257212  4.22703718  4.69137412]
 [ 1.52368684 -0.38238722  0.75329151  0.069485   -4.03873081  2.06918909]
 [ 1.66095829  4.9142897  -2.68040485 -4.79484872 -4.23319053 -2.25952852]
 [ 3.09304318 -3.1942896   0.56199918 -4.05112115  3.95031713 -2.48704746]
 [-0.86659379  2.71931785 -0.82466547 -3.45050321 -1.62198818 -0.54450147]
 [ 4.54211487 -0.86528194 -1.80379841  2.74218543  3.98297525  1.05633349]
 [ 2.91622677 -3.72237187 -0.39313704 -2.82391711 -2.60540383 -4.23811286]
 [-2.77088404  0.22104172  3.99977145  2.07038078 -0.55136559  0.21304813]
 [-0.08627125 -2.03896882 -4.41640015  4.65094335  0.20105263  0.20707412]
 [-3.26264385 -0.33049014  3.77542141 -1.16769463 -0.92831356 -2.90481021]
 [ 1.02074722 -3.63866861 -2.64323165  2.31560847 -3.79849026  4.61063413]
 [ 2.90564724 -3.33537045  2.10334291 -0.69503134 -3.01567301 -1.99707669]
 [-3.18733881  3.6758723  -4.71714441 -2.33531762  3.48649161 -4.86095643]
 [-1.76469844  2.87416061  2.77379165 -0.73266471 -4.57074071  2.91341726]
 [-2.92852365 -0.68845635  0.485079    0.76366458  1.01167436  3.50396785]
 [-0.46164208  2.10490142 -1.98826794  4.72586744 -3.90768349  0.30757473]
 [-2.31298834  4.97931821 -3.45959471 -2.51799872 -1.68628402  2.33710114]
 [-3.51671114  1.76244912  1.6097112   3.62694484  1.67321659 -3.77646472]
 [ 4.68297566 -0.78812613  0.62248804 -0.50574408  0.23067312 -0.6207014 ]
 [ 2.26828469  3.67462911  1.76223101  2.71568399 -2.05003097 -1.72991856]
 [ 4.56674329 -4.74553353 -1.07959502  2.32994312  3.25702531 -4.63723696]
 [ 4.20042106  0.48222329 -0.25530276  3.85681193 -2.0578378  -4.94744024]
 [-3.84797304  2.70626164 -1.77649874  2.97044293  4.48115866 -3.52907691]
 [ 1.18096481 -3.05271431  3.98449879  4.47014677 -3.17861693 -0.45724529]
 [-1.505771    3.95124738 -2.10053224  1.70296947 -4.55511314  2.59020781]
 [ 3.22082155 -0.95211495 -0.65658651 -1.9327014   3.2077915   4.78866927]
 [-3.22174552 -0.14459108 -3.53370715  3.58772884  0.48409253  4.3321818 ]
 [ 4.57843386  3.19004365 -2.26734383  2.60320825  4.88818601  3.47803535]
 [-0.02258479 -1.20113524  3.09790679  1.15707439 -2.18932313  0.94250353]
 [ 4.06336426 -4.47157528  2.32682523  2.88424533 -4.18751715  0.91065213]
 [-0.75405159 -0.03563084 -4.77241039 -1.8122238  -4.2576723   4.82177152]
 [-1.03287159 -3.51414104 -4.79057311  4.85073114 -0.33200746  4.51837874]
 [-1.93673846 -1.00959265 -2.80754143 -0.79516618  1.63131966  2.4194358 ]
 [-4.7559459   3.84796744  4.27143258 -3.14983627 -1.56288895  2.71027454]
 [-1.3193503   1.03168434  2.07118015  4.70180978  0.67971169 -0.78573244]
 [-3.72706501  4.64615748  0.78998164 -4.63465569 -1.40981425  0.35174927]
 [ 4.93399514 -4.01718711 -3.12995228 -4.81579228  0.36519143 -4.60818294]
 [ 2.64008248 -4.47919213 -1.4778872  -2.9894377   0.01117833 -1.17688496]
 [-2.52323926 -3.46304037  3.52930735  1.09305176 -2.08147503  1.07436014]
 [-2.7514612  -3.10534285 -3.41331952 -1.36582576 -2.36270336  4.64816196]
 [ 1.06338073 -3.87706563  3.64898592 -0.9029188   1.89384764 -1.34021495]
 [-0.80206057  1.05279388  2.07026532 -2.66506087  2.46165764 -3.32464079]
 [ 0.89559174 -4.14089219 -3.58352634  3.17461336  1.74463335 -4.09755876]
 [ 4.06855256  4.55303493 -2.91951307  2.47062981  4.82979492  3.51795067]
 [-4.31787936  4.59931418  4.72050428  0.14907736  2.33282879  0.20542016]
 [-3.58531348 -1.35650527  1.64107532  4.03304164 -0.63714271  4.09188685]
 [ 2.02558295 -3.96180591 -4.35803898  2.60896808 -3.46712785 -0.16123926]
 [-4.39453543 -2.45835176  4.74933822  3.42867908  4.8530672  -3.95810065]
 [ 0.1564113   1.52333823  4.20909643 -2.85289917 -1.07511981 -2.66244673]
 [-2.80756859 -4.57571946  3.92375543 -1.2393545  -1.21917659 -0.42063605]
 [-1.69079843  4.89993254  0.44998412  1.16463451  3.23106329 -3.19790349]
 [-3.67575865  3.50151726  2.45103669  1.14722171  3.0621437   0.41081364]]
