[[ 1.83450412 -2.32433028 -1.9995236   4.87786338  0.50176651 -4.81272775]
 [ 0.22694131 -0.55880849 -0.18218773 -1.74696466  1.61069711  4.60396637]
 [-4.30198619 -3.13551779  2.04270035  4.83597898 -2.081605    1.81545891]
 [ 4.16178541 -3.53375662 -1.05064284  4.40856736  0.8839575  -4.68888246]
 [ 0.55453719  2.10834263 -2.02820198  1.86014108 -0.67592346  3.74930166]
 [ 3.54741277  1.56370425 -0.27596723 -3.69686484  2.2734112   3.90267883]
 [ 3.04388221 -2.87432938 -0.80961591  1.42676402 -0.85872189 -4.82510826]
 [-1.36003399  2.23537102 -2.23875766  4.73431013 -1.06409231  0.23882917]
 [-3.75016742 -4.32634153 -1.13692682  1.97076277  1.45051234  1.09338685]
 [-4.86062456 -0.37108371  2.21484809  2.63306962 -1.66865943  4.75871741]
 [ 3.10463091 -4.52697201  1.38159598 -4.10574733 -2.16337069  0.69167342]
 [ 0.42526712  0.85585317 -2.67424525  1.98513935  2.78815936 -4.58378816]
 [-0.68036323  2.18100965  3.87806795 -3.07761102  3.17141701 -2.18281818]
 [ 0.57264222  1.01816803  3.73399933  0.96411942 -4.01089148  4.38248447]
 [ 1.79818687 -1.9086678   4.56682617 -4.27994798 -3.66202389 -0.702686  ]
 [-2.76763695  1.79108221 -3.9540118  -2.17684197 -0.56135338  4.82286223]
 [-2.49313988  3.07160575  2.69284288 -4.21967009  0.04765329  4.71632819]
 [ 0.7703442   2.89795897  2.04616519  0.88290676 -2.78449714 -1.29588301]
 [ 2.60843753 -3.36390845  2.97574915  4.45139008  3.84664997 -1.18417694]
 [ 1.77499761  4.84737382 -4.27723256  0.04525242  0.2671474   1.39640391]
 [-3.5893863  -2.31056388  3.61855722 -0.86853743 -0.77727233 -1.54054557]
 [-0.70757602 -2.13095359  4.27488183 -4.16104452  4.83393208 -3.70243967]
 [ 4.26658642 -2.43192358  1.20930294  3.59601157 -2.32218342  0.05153544]
 [ 2.29323053  2.92091858 -1.29998623 -0.03683867  3.2536187  -1.18357098]
 [ 2.54279306  4.16743677 -2.44948111  3.40176721 -0.46864568 -1.8006779 ]
 [ 3.20813968 -4.2869209   2.76562305  2.02837225 -1.49005736  0.86877821]
 [ 4.56375698  2.66657361 -2.68038226  3.05170106  3.96754898 -0.93348542]
 [-4.3502894  -1.4239466   4.8668      1.86370203  1.98275396 -4.69455641]
 [ 1.88302998 -0.99681703  0.66383282 -3.26114626  3.01089982  2.02947644]
 [-3.9333426   3.66423688 -2.93122938  0.96532237 -2.0141859   1.33556074]
 [-2.74221413  1.99548732  4.07994512 -3.65648021  4.89133087  3.8183152 ]
 [ 2.68475397 -2.38526756 -3.71897395 -1.11652542 -1.23729563  2.5569329 ]
 [ 4.10410623 -4.35618348  2.47372572  2.65233343 -0.61687126 -0.30362503]
 [-3.36669129 -3.60145259  1.18918388 -0.32699366  4.60869442 -0.26906941]
 [-1.68984037 -1.60756125  0.33023601  3.79514088 -2.65637019  1.7747973 ]
 [-0.1831262  -3.85416128  3.54980767 -1.19541592  4.30330303  1.32270197]
 [-2.40835533 -4.34312747 -2.26306019 -3.72447197  3.40671434  0.65094338]
 [-3.79594385  3.35552844 -2.5182391  -3.91387904  3.85144845  0.60219857]]
