[[-2.76006072 -2.55314526 -3.3734356   0.75113072 -0.58739327  4.43749552]
 [ 2.98674276  2.18415106 -4.62249528  2.25589968  1.16408249  1.95779077]
 [-3.62206842 -3.53483578  1.54748901 -2.9870558   2.72425546  1.48987999]
 [-1.14326273 -3.15280387 -3.97277174 -1.31792643  2.09185075 -3.02875293]
 [ 1.77620926  4.71980068 -2.83260352  1.81170087 -4.10447995 -3.56337415]
 [ 2.7314404  -4.63633494  1.16233315  2.30231789 -2.4082958   2.1604783 ]
 [ 3.84731513  1.51553895 -1.24775511 -2.18535695  2.85576617 -4.30846221]
 [ 4.29459668  0.41248946  4.95327445  0.47194894 -1.78286435 -2.76606847]
 [ 4.08561577 -3.67713333  0.33888546 -3.90836357  0.32743912 -1.66276598]
 [-4.67938913 -0.97408481 -0.82434807  3.90053299  1.8249529  -3.17617144]
 [-2.43470996  3.16491189 -1.64927653  1.00891197  4.16638009  2.67030843]
 [ 3.27830203  4.98593789  1.36655141 -0.78962443 -0.8356387   0.93772858]
 [ 2.4648529   1.41814098 -3.38975959 -4.27825202 -3.11111862 -0.8818846 ]
 [-2.26963934  3.03927958 -1.77173115  4.06936573 -2.78064105  1.24901174]
 [-3.03231243  0.90325159  0.70923603 -2.65436877  4.43950849 -4.00207497]
 [-0.16596159  2.52134619  3.01871159  4.73378891  3.44953967 -1.9898717 ]
 [-1.84762307  3.85734541  2.28919459 -0.50887975 -1.28352907 -4.97504362]
 [ 0.15297302  4.17540982 -2.41240065 -4.91828849  2.3162222   0.0531941 ]
 [-0.91493352 -4.13564825  3.52018116  0.38460123  0.63784539 -3.68158311]
 [-4.40420209  4.32053802  4.5064745  -0.09807142  1.23241019  0.55103542]
 [ 1.09757573  0.95098575  3.89400428 -0.95544864 -4.34667438  4.09231519]
 [-1.2835643  -0.30884601  4.35251635 -4.58410359 -2.86254176 -1.39218964]
 [-0.43151905 -0.52062717  2.33967335  3.62832648 -4.96033625 -1.04819035]
 [-1.7191145  -2.89478937  1.91029742  2.83476112  4.49596734  3.71198975]
 [ 0.05159376 -4.8053177  -0.15985536 -3.92749687 -3.87301881  2.42874192]
 [ 4.73554724 -2.18539027  0.41305581  2.90943772  3.65241934 -0.53322754]
 [ 2.07984581  0.33931434  4.17572328 -1.86849864  3.17846354  1.05077315]
 [ 0.41077841 -4.22213042 -3.895934    4.49360257  1.63776135  0.16872188]
 [-3.19283759  3.55120564 -4.99996909 -0.2369297  -0.40112939 -2.15246043]
 [ 1.44960591  2.01818279  2.65334119  4.33771565  0.83398899  4.59612491]
 [ 3.43065791 -0.68932723 -2.10962158  3.12609094 -1.0369077  -4.54453527]
 [-4.88729135 -1.29027081  3.31155556  1.67918621 -1.50607876  3.32560934]
 [-3.68205699  2.7213112  -0.67489991 -3.50454992 -2.28379636  3.3962057 ]
 [ 1.49852753 -2.80269498 -3.08020919 -2.5279112   4.77735034  2.93786059]
 [-4.15124677 -1.53854289 -1.10051589 -1.71206643 -3.46165483 -2.37844369]
 [ 4.5661826   0.13441158 -0.08855662 -3.17563667  0.11691769  4.81947664]
 [ 0.82508702 -1.88786781 -4.45205741  1.25309601 -4.61643392 -0.15420615]]
