[[ 3.92090876  4.5196884   3.87319215  0.97280459 -0.06175865  1.25498363]
 [ 0.78558589 -0.75236532 -0.4564924  -0.36600747  4.90308735  2.66796267]
 [ 0.36340278 -2.77102723 -0.49221272 -3.46380786  2.97708082 -2.2854123 ]
 [ 1.32258947 -4.92405256 -0.17627163  3.12225913 -3.83903127 -3.22733943]
 [-4.00628065  1.25251521 -1.13602381 -2.02675073 -4.13219174 -4.25976202]
 [-0.86120709  0.85949754  3.87631871  1.22865795  0.85561267 -0.87708254]
 [-3.74584569  0.1862669  -3.43462754 -0.98293488  2.40335135 -3.88730558]
 [ 1.00540126 -2.86200964  3.11609489  1.26921026 -2.99231783 -4.13917769]
 [-1.22486025 -4.17226235 -0.30590757  4.91967304  4.43082137  3.30701   ]
 [-0.03936851  4.7029188  -3.31693114  0.02014321 -1.29766773 -2.53890496]
 [ 2.59455534 -1.46544324 -0.78902247  0.38405412 -4.9058182  -2.16343267]
 [ 0.04063712 -0.11570209  2.77637069  1.20507659  3.55297005  2.18446844]
 [-0.35211981 -3.65069548  1.75549635 -0.93417054  1.74152049  2.12137606]
 [-1.53312948 -0.06904599 -2.87006154  4.01816416  2.08031561 -2.99155166]
 [-1.55576805  3.96600685  1.98879413 -3.43767893  3.38182311 -0.84150629]
 [-1.53116336 -2.97930885 -2.67048708  0.28194501  0.10963054 -2.42393796]
 [ 0.31350033  3.39241079 -0.56200633  4.64883708  3.68405896  0.31199324]
 [ 3.38794268  2.73382268  1.11514282 -3.99443997 -0.52673896 -1.50410089]
 [-2.23864546 -2.84579461 -1.92737776 -0.37009705  1.04389116 -3.34078017]
 [ 3.91475267  3.76639433 -3.11459031  2.67221298  1.06239692 -3.16733725]]
