[[-1.65049074e-03  1.56120043e+00 -4.76831706e+00 -1.43915263e+00
  -2.99972638e+00  2.19165850e+00]
 [ 5.26589639e-01  4.50533313e+00 -3.10506427e+00  2.35819001e+00
  -5.31360062e-01 -9.54820427e-02]
 [-3.92454251e+00 -4.87023496e+00 -2.72043093e-01 -4.32932063e+00
  -2.92869567e+00 -3.08361555e+00]
 [ 5.05720809e-01 -7.64793221e-03 -4.12452699e+00  8.42129356e-01
  -1.15865423e+00  4.65981314e+00]
 [-1.55271950e+00 -3.51651601e+00 -3.74322196e+00 -3.76690234e+00
   1.75594213e+00 -9.88932857e-01]
 [ 1.63325566e+00  1.16758193e-01 -4.40235775e+00  2.64625169e+00
   4.16374988e+00  2.73245227e+00]
 [-2.04270982e+00 -2.21149153e+00 -3.10739756e+00 -6.81370074e-01
   3.66009340e+00 -4.12482761e+00]
 [-3.48218992e+00  3.42632309e+00 -3.76691849e+00  2.62460426e+00
   1.12236530e+00 -1.99671782e+00]
 [ 1.20883061e+00  2.46103649e+00 -1.69625565e+00 -2.74563564e+00
   3.35616002e+00 -3.75332721e+00]
 [ 9.54197033e-01 -2.98147806e+00 -2.59627586e+00  3.30305760e+00
   2.04259216e+00 -3.03774900e+00]
 [ 4.90083852e+00 -2.15946236e+00 -4.51665274e+00 -3.56537952e+00
  -4.64114757e+00 -2.67130662e+00]
 [-4.53517601e+00 -2.07822225e+00 -2.18934989e+00 -3.26578493e+00
  -4.68330071e+00  1.57018521e+00]
 [ 4.26865336e+00  3.62806331e+00  3.42532101e+00 -1.33598922e+00
  -5.09815510e-01 -4.61124307e+00]
 [-1.27248693e+00 -1.60456808e-01  3.69477091e+00  1.65339647e-01
   2.64927047e+00 -5.03665572e-01]
 [ 1.00960379e+00  1.32557546e+00 -1.56509664e+00 -4.40265250e-02
   3.38211681e+00  6.68028249e-01]
 [-2.94153914e+00  9.34677944e-02 -6.85347310e-02  3.86928274e-01
  -1.58328669e+00  2.09124444e+00]
 [-2.57133967e+00  2.85229118e-01  3.23428449e+00  4.27926958e+00
   4.18791068e+00  3.01417631e+00]
 [ 9.41392160e-01 -8.38059419e-02  3.25417432e+00  2.09769054e+00
  -4.88580072e+00 -7.31597179e-01]
 [-1.39383446e+00  3.45087609e+00 -4.80764231e+00  2.78032360e+00
   7.44630222e-01  4.34517717e+00]
 [-4.11636153e+00  3.31090509e+00  1.60006616e+00 -1.01940708e+00
  -1.96680661e+00  3.82427316e+00]
 [ 4.01682507e-01 -2.04320859e+00  4.85342425e+00  1.76615324e+00
  -1.17219412e+00 -4.33439804e+00]
 [-2.60955436e+00  1.67732721e+00 -3.28610731e-01 -8.11628797e-01
  -3.27547260e+00  3.36303158e+00]
 [-4.25464674e+00  3.77567055e+00  1.59240714e+00 -2.21136878e+00
  -1.88098399e+00 -2.56329707e+00]
 [-4.23494544e+00  3.87612055e+00  4.30600695e+00  1.38316670e+00
   5.66377713e-01 -2.16749514e+00]
 [ 4.28888703e+00  1.26830449e+00  2.87902063e+00 -2.68803154e+00
  -4.85507019e+00  9.93752533e-01]
 [ 2.30744791e+00  2.55790759e-01 -4.95604712e+00  8.35986668e-01
   4.19742519e+00  1.82775307e+00]
 [ 2.85055350e+00 -3.34173112e+00  2.90389283e+00 -3.83482963e+00
  -2.16243748e+00  3.73377948e+00]
 [ 3.12355795e+00  2.52778119e+00 -1.11096694e+00 -2.58764805e-01
   1.17123570e+00  1.11685118e+00]
 [-1.27079066e+00  1.51822627e+00 -2.68862833e+00 -9.02448780e-01
  -8.34388286e-01  3.30485434e-01]
 [-1.48631435e+00 -5.47839582e-02 -3.43697302e+00  4.79270180e+00
   4.47407345e+00 -3.87680109e+00]
 [ 4.85265131e+00  3.77112190e+00  4.69160778e+00  1.06667074e-01
  -3.35928688e+00  2.14916816e+00]
 [ 2.99360481e+00 -2.86294181e+00 -1.11587480e+00 -4.94798529e+00
  -2.55837251e+00 -2.13968992e+00]
 [-3.24232499e+00  3.31743915e+00 -7.37974100e-01 -7.63106822e-01
   2.71322384e+00  4.33771825e+00]
 [-4.07742154e+00 -1.95129364e+00  4.93857273e+00 -4.41095887e+00
   2.50691023e+00  1.68889502e+00]
 [ 4.92991333e-01  1.96861970e-01  3.68620437e+00 -1.32581774e+00
  -2.96882386e+00 -2.14664183e+00]
 [-1.07595827e+00 -3.77289274e+00  4.74784374e+00 -2.20374824e+00
   1.89010578e+00 -3.67772940e+00]
 [ 4.20324123e+00  8.14810470e-01 -1.67051616e+00 -3.79879003e+00
   4.91240848e+00 -1.19318690e+00]
 [-4.04507562e+00  3.05925221e+00  2.12146015e+00  4.38758244e+00
   4.53152636e+00  4.67472197e+00]
 [-6.40716619e-01 -3.47485663e+00 -4.71195018e+00 -3.82490948e+00
   1.65347575e+00  1.37980417e+00]
 [ 1.17925777e+00 -4.46443988e+00 -8.08529734e-01 -3.02449009e+00
  -4.55649942e+00 -2.69789577e+00]
 [-1.14286856e+00 -3.36475781e+00  4.44209282e+00  2.57287423e+00
   3.24109260e+00  4.87862245e+00]
 [-3.47384076e+00 -1.88982149e+00 -1.34810994e+00  1.06860133e+00
  -2.77375344e+00 -4.91574335e+00]
 [-3.91494988e+00  4.85705455e-01  1.72601407e+00  1.92809661e+00
  -2.16770855e+00  9.25994984e-01]
 [-5.93246743e-01  3.83726137e+00 -1.83937937e+00  1.80031439e+00
   3.53360919e+00  4.92343402e+00]
 [ 5.93070831e-01  4.47542496e+00 -3.56512716e+00  2.43952999e+00
  -4.99220504e+00  2.66812878e+00]
 [ 1.01541709e+00  2.26136650e+00 -5.95359690e-01  3.96212070e+00
  -1.88822505e+00 -7.48854771e-01]
 [-1.93217245e+00  2.16858769e+00 -4.13690319e+00 -1.88011835e+00
  -3.61527904e+00  2.39468881e+00]
 [ 4.18958026e+00  3.43125317e+00  9.63113515e-01  5.33204272e-01
   4.03659660e-01 -7.40914603e-02]
 [-3.43481023e-01 -1.80771243e+00 -2.81878040e+00 -4.06102522e+00
  -1.11554480e+00 -3.36144317e+00]
 [-1.00900897e+00 -5.83021398e-01  4.66617721e+00  2.41502528e+00
  -4.94540826e+00 -4.71354173e+00]
 [ 4.69389991e+00  4.72695009e+00  2.71176532e+00  8.77401975e-01
  -2.02126579e+00 -3.41137739e+00]
 [ 7.57746050e-01 -4.40485630e+00  6.41262794e-01  1.09671142e+00
   2.71575547e+00 -3.60006227e+00]
 [ 3.87133306e+00  5.39279023e-01 -4.22150636e+00  3.07486908e+00
  -1.17847612e+00  8.85673132e-02]
 [-2.35869755e+00  2.33471206e+00  3.72928083e-01 -3.60099599e+00
  -4.70262282e+00  3.97479484e+00]
 [ 4.51398065e-02  3.12413239e+00  9.20075923e-01 -4.72756541e+00
   2.78170941e+00  4.55119754e+00]
 [ 1.46340206e+00 -3.27833018e+00 -3.33752649e-01 -4.45973293e+00
  -4.88581841e+00 -4.35602872e-01]
 [-2.99253839e+00  4.11178048e+00  4.14400821e+00 -2.37959749e+00
  -9.14558241e-01 -4.03553609e+00]
 [ 3.28143051e+00  9.31534958e-01 -1.45471269e+00 -4.37455154e+00
   2.14299639e+00 -1.56590576e+00]
 [-2.26578839e+00  4.07135941e+00  3.31079873e+00 -3.24710458e+00
   4.44153697e+00 -2.09563523e+00]
 [-1.62200709e-01  3.00751502e+00  4.33078273e+00 -1.90918456e+00
   3.00447880e+00  1.88277726e+00]
 [ 3.12873820e+00 -4.12850366e+00 -2.96132915e+00 -6.10093772e-01
   1.31992069e+00 -2.53759788e+00]]
