[[ -5395.1289115 ]
 [ 14815.67702654]
 [ 26299.39433575]
 [ 27766.95593646]
 [ -4811.82855568]
 [-35041.45769315]
 [ 37567.64290733]
 [ -3056.13699008]
 [-24841.48571156]
 [ -8023.51641988]
 [ 15756.10234553]
 [ 48353.70404618]
 [ 36286.22063629]
 [  2975.87936129]
 [  -603.9417292 ]
 [ -7367.04489401]
 [-35868.1331156 ]
 [-20359.51092811]
 [-32709.78119273]
 [-29349.22326125]
 [ 20832.57808425]
 [ 19700.99988518]
 [ 14899.06583619]
 [-33050.2515058 ]
 [-28943.00110574]
 [ 49117.8037777 ]
 [-40824.78772076]
 [-29694.60840684]
 [-42302.66934944]
 [ 84404.61640893]
 [-16534.13309631]
 [ 43355.99699957]]
