[[ 1.9394632   1.07179459 -0.60407954  2.12146851  4.50194651  3.31190284]
 [-4.27114019 -2.69452643  3.73507687  4.74882709 -1.11273442  3.42197779]
 [ 2.09982345  1.81732655  4.88234096  1.50374813  1.4371216   2.59427036]
 [-1.12306554 -0.35927007  4.6708664  -2.0265469   0.94267969 -1.0237178 ]
 [-1.95126328 -1.48169194 -2.97971726 -4.24764283  2.72583247  3.96439591]
 [ 4.36776259 -1.44925675  0.23758183  1.31832773 -4.66597537 -0.85675689]
 [ 2.7986582  -2.5758683   1.35360517  2.99198463  2.86624604 -0.15259733]
 [-2.93994011 -4.00773869  0.66285334 -2.9695326  -0.1538583   2.24893361]
 [ 2.22922686  4.87338174  4.98821693  2.37521957 -3.26092082 -4.47013402]
 [-2.24647578 -4.10331291  1.11778628 -0.42158856  2.91099848  0.08679056]
 [ 2.49698497  2.12786457 -0.57793232 -1.94618057 -2.3439427   2.82406893]
 [-0.47672838 -3.49493053  3.12886693  4.9508763  -4.81684712  1.30774788]
 [ 0.62801101  4.6576935   1.56114179 -0.88115308 -3.74596082  0.5630886 ]
 [-2.81063474 -1.12302168  4.2829521   4.82776045  4.14229767  2.69539999]
 [-3.17278459 -2.19890078  4.76194461 -3.14857707 -0.03910336 -2.9507711 ]
 [ 0.1090524  -0.14914584  1.61308699 -3.25371832  2.93062379 -4.13515707]
 [ 4.60212622  0.76658018 -0.98734322  1.23646487  1.97721125  0.25179926]
 [ 3.97677569  3.2501335   2.30809196 -1.70321492  4.09397927  4.34953077]
 [-0.34968017  3.33577399 -4.3637718  -0.35509838  1.31211827  3.38969469]
 [ 2.37028217 -2.83240856  3.03102151 -4.39725525  4.45614711 -4.08641482]]
