[[ 3.91788831 -4.78577503 -3.35232445 -0.43660146  1.74133526  0.39046366]
 [ 3.33396041 -1.65993599  3.39781913  1.73080175  4.73820631  3.35414015]
 [ 2.1707238   0.38165205  2.21731187  0.04867824  0.28847881  3.80477917]
 [-4.2114172   4.08486676  1.60963175 -2.3506719  -4.0272933   3.04617512]
 [-4.53622406  3.78779902  1.82643286 -0.70941811  1.64010077 -2.35144861]
 [ 2.95168746  3.8320324  -3.49927682  3.97168199  3.18981456  3.37920202]
 [-3.27750173 -4.8111034   3.34890714 -0.11681611  4.59263175 -1.96146165]
 [ 1.38930458 -2.6730897   2.67583466 -0.02177818 -3.06708076 -1.78887115]
 [ 2.49208139  4.1602736  -2.01546163 -4.51233467  1.40755602 -4.59428829]
 [ 3.41906555  2.05480264  3.84746483  1.82363332  0.3072825   0.41129744]
 [ 3.12256253  3.15909153 -2.6733072  -0.62231601  1.64277149 -2.9260236 ]
 [ 2.4370399   0.60798108  3.70937882 -1.64569445 -0.39147614  3.70738783]
 [-0.79695847  1.13784802  0.34155346 -0.51227423  1.55802317 -0.89174525]
 [ 0.22455995  4.71668817  4.16452711 -2.81730053  2.10103193  3.76147997]
 [-2.30326306 -3.09621123 -3.3220668  -0.00533449  0.3060338  -0.1352653 ]
 [ 4.67425098  0.18194332  1.829002   -3.66035342 -0.37595572  4.89545474]
 [-4.91529453 -3.12073738 -2.49549878  1.05756137  2.56142523  0.35926083]
 [-0.07547264 -0.95700355  0.35718907  3.70090458 -2.69945481 -2.91665682]
 [-1.73251779  0.52061681 -4.47449966  4.86670014  0.78191311  2.00403941]
 [ 0.45350939 -2.20765498  2.60437259 -3.48650453 -0.55353088  4.1529278 ]
 [-0.67636136  3.44749897  0.07401863 -3.38602589 -0.47468967 -2.98188242]
 [ 0.32121297  4.2453194   1.37729382 -0.71516428 -2.49687371  0.0125917 ]
 [-4.8594593  -0.59555121 -2.27992187  3.97743867 -4.16083543  0.06338938]
 [-3.09643888  3.15789982 -0.50333635 -3.51080367  4.60674311 -3.75231487]
 [ 1.11437971 -4.10802003  2.18540854 -0.34699834 -4.07493175 -1.98550083]
 [ 1.04781162  2.57829516  4.99271378  2.98880866  3.93888006 -3.27476835]
 [ 3.55402943 -0.97809476  0.97519268 -0.2758513   0.87836001  4.08750155]
 [-4.68794137 -3.44682657  0.30864488 -1.56263309  1.07590481  3.84361357]
 [-3.43954515  3.71239561 -0.43970539  3.68264669  3.72681302  0.08730104]
 [-2.96933226  1.8831845  -2.22283512  2.39759908  1.60561452  0.62923213]
 [-1.3506689  -1.38675315 -1.19368095  1.34488105  3.70691649 -2.02967346]
 [-3.26801021  4.01567427 -3.7362285  -2.86087676  1.86943345 -4.94090646]
 [-2.20130213  1.94074777  0.93610677  2.77208288  2.89272666 -2.61106311]
 [-3.35703754 -3.32276102 -4.12314639  4.21554817  3.14962477 -0.4948352 ]
 [-1.31543602  3.74926146 -3.60132885 -2.20507365 -0.10506771 -3.08707622]
 [-2.89715417  0.93570524 -4.38574368 -3.04819102  3.2606453  -4.7571441 ]
 [-0.43834233  3.6390958   1.69518914 -3.54417809 -4.01616974 -4.91680189]
 [-0.37496542  0.69456021  0.86023806  3.90117546  3.55271838  0.75811723]
 [ 0.63758483 -2.2175459   0.65726263 -1.61610797 -1.40271327 -3.9607069 ]
 [ 4.16860911  0.75383439 -1.04518013 -4.81350139  4.05422682  4.9647453 ]
 [ 1.46239397  4.43847639  2.9659804   2.55182399  4.82214953  1.4012245 ]
 [ 3.46654026  2.44229632 -3.35868557  2.02206899  0.21893512  2.703937  ]
 [ 4.14238029  3.65631677 -2.53318136 -3.21019137 -4.58862413 -0.74884423]
 [-4.79487532  1.14322597 -4.3907878   4.32176945 -1.99922971 -1.00575039]
 [-4.13707577 -1.94640798  0.31903745 -3.09974356  1.7509086  -3.07206549]
 [-1.5333048  -4.36477283 -1.42914571  4.71080626  4.48387758  3.38221463]
 [-0.80460388  2.08261426  3.34566694 -4.89209182 -2.9517895   0.90130219]
 [ 4.52769547  2.34068414  1.32933518  2.55513561  4.52832776  2.28725526]
 [ 0.36896069  2.31153886 -2.91484142  0.50670433  2.62975118  0.51702259]
 [ 2.51198048 -2.34519387  2.87079324 -2.57776149  3.17721063  4.60846039]
 [ 4.7012747  -2.39127491 -1.81865809 -4.25410288  0.87732305 -3.89192123]
 [ 4.44437946  3.44752246 -4.63349634 -1.86830771  3.13612961 -0.15193325]
 [ 2.26954724 -1.03040891 -4.4940374   0.01622077 -1.25488269  1.6251629 ]
 [-1.53903464 -3.75413151 -1.57046464 -0.88150854  3.99501238 -0.59632885]
 [ 0.87051671 -0.8374359  -3.03027858 -3.80344768 -4.25217311  3.24628511]
 [-0.23466917 -1.74552298  4.51547178 -3.03786264  1.47337347  1.32239506]
 [ 2.88051911  0.28738956  2.39130531 -1.67462414 -1.86827889 -2.77413483]
 [-1.4939461  -1.64819178  3.14423747 -2.79283472 -2.84136825  1.2872838 ]
 [-1.65696653  2.82585766 -2.75474084 -4.11518361 -0.50755652 -4.92213564]
 [ 4.73690236  1.49656896  4.68805662  4.76174076 -2.34016903  3.11815647]
 [ 1.18873439  1.11795981 -2.03658158 -0.16559298 -0.09949896 -3.96117287]
 [ 4.33097719 -0.50647981  1.96708784 -4.56772842 -0.39932806  1.42060128]
 [-2.41052663  0.15842737 -1.21598183  3.87538533  4.26567296 -4.12423309]
 [ 0.19425564  3.61680262 -0.40044382 -4.52905624  1.43925083  0.17875511]
 [ 2.90303106  0.57236526  1.56093844  0.3637559  -0.14267811 -4.7005537 ]
 [-4.72653669  4.79435346 -2.06490578  2.48525103 -0.11912897  1.69698086]
 [-0.61904525 -2.7586097   2.97652346 -3.5254372  -2.2341299   3.9707594 ]
 [ 3.07037657  4.7965227   1.42743195 -3.06625393  2.03497234 -2.59898971]
 [-1.84743585  0.67750087  2.96468223 -3.84768847  0.43588371 -3.89375466]
 [-3.70613886 -2.59128423 -0.82332622  4.41299762  2.5647897  -0.56481345]
 [ 1.00063445 -2.84650611  0.1577551   0.21518614  1.2917613   3.71173426]
 [-4.63532783  1.823857    4.44596041 -0.58553245  2.309788    1.01629514]
 [ 0.42540461 -4.39319365 -1.87853862 -3.95235738  4.01811158 -2.61769586]
 [ 2.44398039 -0.10897095 -3.92607204  3.14317278 -3.04600931  4.98875736]
 [-2.53811756 -3.49976677 -0.97693523  4.3170185   2.53933431  0.63957672]
 [ 1.80948281  4.13871205 -0.59569533 -3.20991239  1.17478689  1.17806979]
 [ 1.64115712 -1.0399532  -4.67630373 -0.36566487  1.45883322  0.39395167]
 [-4.34191779  4.26692658 -1.42649897  3.30022108  2.03109414 -2.46333875]
 [-4.656034   -0.64940539 -1.51675197 -3.28262981  4.93597434 -0.37871948]
 [-1.00561067 -4.69513542  3.8520339   2.21911395  1.87507245 -3.62558171]
 [-3.83321292 -0.15032747 -4.30453358 -2.47914623 -1.08218876  0.52964363]
 [ 3.4365573   1.20395097 -3.98143384  2.66950738 -2.82275729  4.93969727]
 [-0.05395348 -0.20889339  3.44192974 -4.29906881 -2.12532336 -2.22752024]
 [-2.16572773  0.1288209  -1.92139244  1.95764153  0.6227723   4.87633768]
 [-4.23255799  3.96760291  1.70075982 -0.74782126  4.03306585  2.877677  ]]
