[[ -9243.53395074]
 [-26995.24846055]
 [  5315.38818175]
 [-17985.20797304]
 [-10378.28440947]
 [ 23374.27351845]
 [  1555.84554289]
 [-22913.53140387]
 [ 78263.47206739]
 [ 55990.57541001]
 [ 24838.54386419]
 [-34337.89650326]
 [   509.15949964]
 [ 44086.02060691]
 [-21236.04640524]
 [-28147.86944284]
 [ 27052.30338799]
 [ 16825.45334054]
 [-38923.29596118]
 [-25327.60793938]
 [-14716.79991245]
 [ 48252.50276031]
 [  2762.3139512 ]
 [-29154.22459057]
 [ 26373.54812835]
 [ -1917.312572  ]
 [ 10162.09083255]
 [ 24842.37678954]
 [-31500.85838736]
 [ -1520.99771529]
 [ 23486.53461938]
 [-14889.5278067 ]
 [-34425.60845399]
 [  4270.78788275]
 [ -4305.18316342]
 [ 22036.74350004]
 [-18877.53908489]
 [-25068.56714139]
 [-17953.43193232]
 [-27476.0021724 ]
 [ -5885.3436001 ]
 [  6119.60915798]
 [ 15647.48687995]
 [ 26173.37526625]
 [ 44575.90034201]
 [-30379.94177418]
 [-33602.15510982]
 [ -5352.28966362]
 [ 40429.89430082]]
