[[-3.31920737 -4.916218   -3.60929161 -2.22625814  2.88732487  1.89748796]
 [-1.29294548 -0.85606709 -4.21844299 -0.27026347  2.28343843 -1.5744013 ]
 [-1.37197288  4.21001853 -2.18565295 -2.01849367  4.9104669  -2.48006355]
 [ 0.89247736  4.0058771   3.4062954  -0.83827397 -0.73385378 -4.64214444]
 [-0.1337697  -4.35929974 -3.22173168 -2.75856494 -0.20482134 -0.97854287]
 [-4.83103881 -1.26467491 -3.39504552 -3.43516849 -3.1297219   0.4537119 ]
 [ 1.39314613 -0.33735269 -2.6370327  -1.79094122 -2.8623206  -1.62764912]
 [ 2.28045192  0.47666365 -0.40580264 -3.52740637 -0.61067256  2.60900289]
 [ 2.17387335  4.12282357  0.1596094  -2.31016895 -1.58218078  2.58011357]
 [ 0.51247597 -3.56651202  1.97756487 -2.72368    -2.85242085  3.02635878]
 [-3.15724704 -4.95297173  4.46376576  4.39949557 -0.39325955  0.15601857]
 [ 4.39211248 -2.47804411 -0.21605868  0.70187825  2.60120063 -1.61871339]
 [-3.86809058 -4.39133    -2.99548566 -0.69638197  0.3552391  -3.11997627]
 [ 3.999112   -3.91404105 -4.75124868 -3.44982443  0.09483567  3.01556374]
 [ 4.66813988  1.31802186  2.795426    3.30974434 -2.20300615  1.06495882]
 [-4.34657229 -4.33221714  1.24353694 -1.05745308 -2.22482992 -0.36099565]
 [ 3.04354146 -2.54323938  0.90939666  0.16293694 -1.51950322  1.43119522]
 [-2.94581422  3.56664193 -2.26730834 -1.39797946  4.98669623  0.49288368]
 [-3.49156697  3.62482818  0.74140967  4.41001959  2.01202953  2.00285549]
 [ 3.8661096  -2.9079642  -0.55243054  3.95263423  4.52410229  2.76847102]
 [-3.77694462  3.35379537 -1.63607301  0.39900464  0.36032289 -1.76687361]
 [-1.79692328 -2.49949374  0.39681228  3.75009623 -0.52515064  4.38400617]
 [ 3.14692553  2.73284903 -2.23284629  4.74573468  3.34878407  2.0036145 ]
 [ 0.43294195  1.69044414 -3.84625332 -4.88232452  2.02753352  0.31243004]
 [ 3.41392622  4.27658557 -1.74236095  1.23474532  0.37540094 -4.43131288]
 [-1.4337109   2.32889197  3.07347008 -4.39663406  0.74286932  3.23660614]
 [-1.3049015  -3.726214    0.03845048 -1.24320222 -4.22345668  3.36935467]
 [-0.23348358  3.90309904 -0.71791068 -3.94299878 -1.71340945 -0.18731615]
 [-0.98405539 -0.1036557  -4.89561713 -3.83876843 -1.1034447   4.91536687]
 [ 1.05994259 -1.93363384 -2.92854483  2.45116428  1.82379713 -1.30619686]
 [ 0.18941199  4.49405924 -0.31568441  1.57389895  0.66783869  0.43992251]
 [ 2.08447277  1.69301628  4.95488067 -1.5071496   2.82921375  4.0155937 ]
 [-2.85876597  0.6922344   4.80280704 -3.96308297  4.21323087  3.58984304]]
