[[ 4.00848019 -3.26716825  0.3670953  -1.99150777  0.68779633 -3.53107793]
 [ 0.09642741 -3.29518308  2.86054129  0.53434687  4.43346398 -0.45098954]
 [ 4.09712673  2.34106647  3.25553981  2.89205582 -4.41972032 -3.07305476]
 [ 0.52624263 -4.40892329 -0.83461166  0.03487055  2.87895828 -1.83176579]
 [ 3.84075116 -3.05647808 -1.49243012  0.82371363  1.16600726 -2.9090883 ]
 [-0.16571501 -3.13078094  3.37397456  1.83955669 -3.51359385  1.86375945]
 [ 2.6787097  -0.7848857   1.1444954   1.61256463  1.06767043 -3.07122087]
 [ 1.95710527  0.63300357  4.36599594 -3.6399224  -0.05562831 -0.95620769]
 [ 0.78176911  0.79820349  3.91038849  1.13548975 -4.67210816 -0.31387884]
 [ 0.60274236 -0.93181922  0.7369879   1.46268266 -4.28838265  2.69969912]
 [-0.60802137 -0.05833902  1.48691814 -4.74033641 -3.98735986  4.70224113]
 [ 4.85405929 -1.65604259 -0.75383921  3.19894509 -4.93035534 -4.62848708]
 [ 1.29243501 -2.1978054   2.66159898  1.43647781  1.36554379 -0.04753842]
 [ 1.37043332 -4.42465334 -2.31822393  2.79094116  1.66221959 -3.67619816]
 [-0.05651427  3.31456962  2.57441756 -4.8289647   2.50041681 -0.69903241]
 [-2.58237797 -2.38448518 -4.84754825  2.2928243   0.87639909  0.91208884]
 [-1.15387996 -4.4032225   2.37179235 -0.21474277 -2.83286419  3.81176032]
 [ 0.16393998  0.10216328 -4.36578124 -4.75038469  1.449283    4.75854988]
 [ 4.39589287 -1.01825536  1.90469803 -4.97245659  1.20785031 -2.05267199]
 [-3.87154374  3.42416015  4.01298197  3.3076704  -2.81147633  0.52618381]
 [ 2.82479271 -3.92574106  1.68468876  2.43999826  0.60409787 -4.78544795]
 [-2.05218743  3.63798902  1.92871561  2.21014976  2.4710414   3.08429764]
 [ 4.89772046 -1.62329155  1.92172323 -3.99515164 -1.42113686 -2.50176954]
 [-1.72477596 -2.28909486 -1.93033944  4.58000672  2.55869592 -2.73307992]
 [-1.77306462 -2.63787253 -4.40614661 -4.5204795   0.74564956  0.21192721]
 [ 0.34010893 -3.42768096 -0.68938064 -3.69357919 -1.02325482  0.37771944]
 [ 0.15650886 -4.84752738 -0.84144037  3.01962735 -3.55925273 -0.03283444]
 [-3.95743865 -1.00795427 -4.63897689  2.63986797 -4.23984447  0.55152745]
 [-0.46345328  1.56455168 -1.50104706 -0.16958467  2.44029291 -1.8827689 ]
 [ 4.22680043  3.5032845   0.57388257 -1.52080381  0.36359435  4.07853259]
 [-0.86181106 -3.21384388 -0.10519866  0.80051954 -2.29728151 -4.56643044]
 [-0.64353491  4.12654254  1.18834561  4.52900572  3.25027645  3.6569778 ]
 [ 4.56183751 -3.75826228 -3.94655601  3.86171167 -0.07931811 -2.45830198]
 [ 0.54285049 -3.65493148  1.12725953  3.5907031   1.30866969 -3.97804943]
 [ 4.9032294   4.88785155  4.40732804 -0.37811483  4.55276948 -2.91477958]
 [-3.37707604  3.84746161  4.21924948  2.65947032 -1.07280459 -2.34131975]
 [-4.31897596  2.79521593  1.01984728  3.89366648  2.33967119 -3.17491669]
 [ 1.37164466 -3.3087369   0.08079037 -3.38609472 -4.35497234  3.49115725]
 [ 0.57658719 -1.15284255  0.89605903  1.24786662 -0.58421792 -1.07165797]
 [ 4.50048001 -3.73382806  0.82217055  2.15598345 -2.01341199 -4.64391563]
 [-0.12352206 -2.44643413 -1.87203474  2.38581631 -2.06127506  3.6357509 ]
 [ 2.36441562 -1.62600754 -1.10062342  0.30707695  4.52349341 -2.75171447]
 [ 2.64784048  0.47759346  4.3977403  -1.54629207 -1.22540516 -0.84664365]
 [ 4.81847937  2.4555922  -3.91879979 -0.28837298  4.7885681   0.95567818]
 [ 4.34532813 -0.89718311 -4.07051817  3.07949171 -1.04984105 -3.33810711]
 [ 0.12884362  3.18527866 -4.68127457  1.85276659 -0.54810098  0.86416852]
 [-1.34036107  2.76974786  1.59190849  4.15950768  4.25363405  0.43129181]
 [ 0.82038892  3.01624045  2.52286888  4.97925721 -4.04557313  1.79772039]
 [ 1.19659903  1.43484908 -2.62474787 -1.57517328  1.39931597  4.27860605]
 [ 2.43634557 -2.49909149  3.98563851 -2.51288281 -0.29002941  1.49146685]
 [ 0.69502482 -0.23027064  3.338421    3.61469391 -0.54073522  1.21884004]
 [ 2.98992936 -1.21338431  1.93010165 -1.97525679  4.90626005 -3.70755388]
 [ 3.01578315  1.69852168  0.9665684  -4.59439423 -0.47541007 -1.95417584]
 [-2.48078516  1.88189259 -0.23115371 -2.07817373  2.0093278  -1.65130033]
 [-0.59334626 -2.94961515 -3.40618938  3.63148009 -2.92772558  2.4232296 ]
 [ 4.17263583  0.07261607 -0.61462558 -2.41511347  3.96496959  4.07419791]
 [ 3.03295219  3.41636658 -4.58188683  1.17016963 -3.71107141  3.86924808]
 [ 4.89473472  1.15015822 -4.21759523 -4.55251624  2.37907657  4.95700712]
 [-4.29199782 -2.80178936  2.57498826 -2.10249176  0.59389145 -4.10625246]
 [-2.13991961 -1.81603919  4.68127735 -1.42921897  1.03150025  4.3049639 ]
 [ 0.29053992  0.80893821 -4.11940609  4.52961658  4.93753583 -0.60170914]
 [ 0.4255461   1.34130763 -4.33342147  1.79972764  0.5925611   3.96870122]
 [ 3.59205881 -2.83207682  2.350782   -0.4203004  -2.33554582  4.02682086]
 [-2.53406361  3.55163794  2.20115255  2.77480042  4.88447327 -2.91423938]
 [-0.23144215 -2.73991404  0.26937021 -1.38805401  4.43551316 -3.0726425 ]
 [-3.26601988 -0.81993427 -3.50007956 -3.58100659 -0.17065714 -1.45815367]
 [-4.57123717 -0.06062459  3.4172026   4.04264831  2.55807547 -4.9003091 ]
 [ 0.8018406   0.90405455 -0.43812252  0.31134108 -4.51579101 -1.0485184 ]
 [ 2.75302298  4.20406035 -0.09479534  2.52592043 -0.41821621  0.52644694]
 [-0.60128463 -4.85327401  3.19684036 -4.35943523  3.6645434  -4.49364257]
 [-0.44520451 -3.06791918 -1.9374251  -0.57459799 -3.52955046  1.9293949 ]
 [-1.59498534  3.74114119  0.51475869 -2.70399895 -1.55959085 -2.59243764]
 [-2.88175068 -0.20879835  0.08974547 -0.62146767  2.38006789  2.1031461 ]
 [ 4.93770406  1.19632478 -1.89938607 -4.25940773  0.53786862 -4.48275082]
 [-4.90353047 -4.14736811  4.25093787 -1.88438568 -0.62174865 -4.78426938]
 [ 3.66774475 -1.43957203 -0.48330434  0.13284673  3.46220824 -0.44763842]
 [-3.60773436  4.17378672  1.61143797  2.43602122 -1.3969269  -1.31845687]
 [-3.7980146  -1.65581768  4.80654849  0.90302158 -1.384659    1.85946261]
 [ 1.8436433   2.01670653 -0.64509765 -2.57970626  4.79116785  0.41636419]
 [ 1.9098715  -3.80383759 -2.26805797  3.69886527  1.6784957  -0.22157569]
 [-1.95151846 -0.01985666  3.59166544  3.93230353  2.06531717  1.33586706]
 [-2.05581717 -2.99938617 -2.32992106 -0.22978725  4.68476104 -3.05286157]
 [ 3.94733061  1.82758033 -4.86906981 -1.27012317  4.02335624 -2.19226988]
 [-4.60852652 -0.25584814  1.81323283 -2.21121274  4.02324056 -2.71443668]
 [-1.79701024  4.62411806  2.28662016 -2.4721721   2.08730603 -2.5007374 ]
 [ 2.05175869  2.26858509 -2.72523312 -1.09691202  1.43370801  3.80721959]
 [ 1.10675762 -4.00083293  3.9844783  -1.07347076 -3.54587874 -3.13570632]
 [ 3.60361097  3.5647477  -2.50725958  3.18187091  4.38134844  3.67064579]
 [ 0.19702078  2.36534218 -2.21881026  4.46488114 -2.12295675  2.48008415]
 [ 3.29875161  4.03148734  0.11575465  2.79591975  1.87313225 -1.62906193]
 [-4.50889159  3.22704457 -1.75539086  0.38727678 -4.32500458  3.49355201]
 [-2.97832799  3.75580568 -2.87415182 -3.63386711  4.25239198 -0.36034717]
 [ 0.30883708  3.56774011 -2.1101709  -2.85113704  3.53747031  3.90901454]
 [ 3.30877226 -1.67643867 -0.77330029  2.00904819 -0.40921141  3.86354022]
 [-0.25721701  0.18497227 -2.21815841 -4.73669317  3.04984909  4.77767541]
 [ 3.23949551  3.99187429 -1.81995105 -2.85209273 -2.38860667 -1.98934281]
 [ 1.95234776 -2.42412975  2.43385285  3.80289539  3.13991664 -4.30932464]
 [-2.86746725 -0.02247182  1.90070162  3.567232    3.78587919 -1.31908027]
 [-1.58383576  4.62858262 -2.411698    2.45786228  2.74665997  2.14913481]
 [ 4.90704937  4.08879875  3.41604195 -1.24016774  3.65454337  3.9107297 ]]
