[[1.00000000e+00 9.88101704e-40 2.05822049e-45 ... 1.16577147e-50
  6.32617379e-33 1.00000000e+00]
 [9.88101704e-40 1.00000000e+00 1.14824729e-29 ... 3.11808673e-54
  1.06359359e-29 1.00000000e+00]
 [2.05822049e-45 1.14824729e-29 1.00000000e+00 ... 1.01966940e-47
  8.80784935e-08 1.00000000e+00]
 ...
 [1.16577147e-50 3.11808673e-54 1.01966940e-47 ... 1.00000000e+00
  3.92595978e-24 1.00000000e+00]
 [6.32617379e-33 1.06359359e-29 8.80784935e-08 ... 3.92595978e-24
  1.00000000e+00 1.00000000e+00]
 [1.00000000e+00 1.00000000e+00 1.00000000e+00 ... 1.00000000e+00
  1.00000000e+00 0.00000000e+00]]
