[[-0.53162051 -3.65276293 -3.21623587 -4.66576131  3.0449024   1.40885894]
 [ 1.68808972  0.44999787  4.54238538 -1.08656301 -1.36367402 -2.32051613]
 [ 4.27099923  2.88996159  0.42480517 -1.66559123 -4.63899614  0.0788421 ]
 [ 3.81074214  2.7078732  -2.59473237 -2.56115252  1.4078335  -4.53359703]
 [ 3.18605919 -2.21643464 -3.45874875  3.71325571 -2.57857346 -1.12939307]
 [-2.4041833  -3.84946903 -2.44588892  2.79325841 -3.08541711  4.88675759]
 [-3.36068609 -3.14228013  2.84404579 -3.95600849 -3.14319136  0.06728356]
 [ 4.56301076 -1.70396069 -4.76910319 -4.80798585 -4.94876245 -2.28802696]
 [ 0.45765077 -0.84053186  3.67753325 -0.83615553 -3.5088119   3.06842778]
 [ 2.26803601  2.14926539  3.72407192  2.26950509  1.81364132  3.53078436]
 [-2.5814946   1.18218361 -1.89498438 -4.1915499   3.77431213  2.33893504]
 [ 1.69337354 -1.80333287  3.28870087  2.51616602 -4.85695651 -0.08243317]
 [-0.95532288  3.61170677 -3.37124809 -2.99176964 -2.46349495 -2.24488728]
 [ 0.7325194   2.1209523   3.74992748 -0.12546277 -0.54697887  2.4911371 ]
 [-0.85791966 -4.71912773  3.80668069 -1.42311442 -1.3327812  -3.61301841]
 [ 3.95853482 -0.99929105 -2.43341391 -3.49889964  1.22775275  1.36663997]
 [ 2.49577981  0.46680596 -1.311139    3.52964088  0.19676904 -2.29016201]
 [ 1.29233067 -0.43252809  1.25633216 -4.76219801  2.77104811 -2.79063588]
 [ 4.86651393 -3.52113039  4.87527021  4.30328185  2.58318706 -0.20324673]
 [ 4.6147791  -0.0532681   2.79287902 -2.99136493 -3.18327801 -4.41685376]]
