[[ 4.94316442 -0.41807098 -2.7642679   1.12598781  4.60390877 -0.13791373]
 [-2.13153579 -4.57627971 -0.82163176 -4.82215731  0.91173733 -0.70963874]
 [-1.06676416  3.76228601  1.29082362  4.1637586   4.06360988  0.70574021]
 [ 3.088713    1.77346418 -2.59703282  4.77479113 -2.54715858 -1.03049079]
 [ 2.14075079  4.38205251  3.48711246  0.38042857 -3.578056    2.26339168]
 [-0.71738589 -2.12081961  2.02623221  3.01392483  2.60441681 -4.94568318]
 [-0.12483804  3.07411646 -4.17837207 -0.61888616  0.64076796  4.72179888]
 [ 3.89102704 -3.30698974  4.08818361  2.1560907  -0.16963052  1.55145571]
 [ 0.94254966 -3.11876383 -0.28272532 -1.74519689 -4.91367301  3.96295705]
 [-3.70326338  4.74922323  0.63183389 -2.66572848 -0.88890524 -3.49488834]
 [-3.15271357  0.32550738 -4.99993272  0.10519737  3.08878967 -2.82804552]
 [ 3.39407523  1.12591529 -3.80741906 -3.42913676 -1.65183699 -1.8732261 ]
 [-4.75469294 -0.21763025  3.16665064 -1.02932687 -0.347885    3.60099748]
 [-2.00097245 -4.20849369 -1.4953591   3.80284709  2.00200113  2.85229314]
 [-4.30219988 -1.81111316 -1.45983043  1.81562061 -4.1651797  -2.13050441]
 [ 0.58327833 -0.97963196  4.41345313 -2.62408542 -3.05092695 -4.00869441]
 [ 1.86105567  2.53375958  2.29275108 -4.09481369  3.62555382  1.19758612]]
