[[-4.13925455 -2.25145207 -0.70798872  4.41492521 -3.05788477 -3.33488119]
 [-1.28732548 -2.65554119 -4.52111265 -4.65229017  0.47174114  0.77071379]
 [-3.02918597 -0.03273929 -4.32293393 -2.01147794  3.70204137 -2.17469595]
 [-1.45134929 -3.60012899 -4.29062572  2.55294959  4.39213513  0.3712855 ]
 [ 1.85812349  4.93519086  2.31126038 -4.93871866  4.41873624 -0.90770389]
 [ 1.60505449  0.9578008  -0.9319857   1.07251826  1.93212025 -4.47316371]
 [-3.97631501 -0.12383859 -2.83459221  4.75226066 -4.60582087  0.38247236]
 [-4.76579683  0.47411106  1.7376238  -1.482663   -0.25707187 -0.85587059]
 [ 4.0880541  -3.14007756  4.53320504  0.53545121 -3.27645337  2.2653198 ]
 [ 1.36268542  4.21002232  4.26566137 -0.94297706  2.5900783   2.5370072 ]
 [ 4.00190394  2.44779062  0.67274047 -4.12769083 -0.12837018 -1.50056623]
 [-2.26475752  3.23276282  1.19039045 -2.28997724  0.25914686  0.60019227]
 [ 1.98819489  2.59626473 -3.26189101  1.18931804 -3.41242774 -2.156814  ]
 [-1.44091753  4.28069071 -3.37604728 -4.20957154  1.7077832   4.22201081]
 [-2.39040738 -2.6916506  -4.84572875  1.34150026  2.06093647 -1.11665906]
 [ 3.29412155  3.03962923 -1.56811325 -0.54116584  4.92168581 -1.57734098]
 [ 0.2058288  -1.58993223  0.34493259  3.29183614  2.26516273 -4.13592659]
 [-3.16204954  2.96258145 -1.51389073 -3.64695735  0.38559396 -1.15297751]
 [-3.11980242 -3.42942239  0.52177229  3.04698445  1.61734682  0.08165741]
 [-0.79057382 -4.07201762  4.33555015 -1.08707646 -3.1225755   3.8146419 ]
 [ 4.62115111 -3.86014849  3.31813306  0.70120696  3.63439237 -0.8325431 ]
 [-2.46983828 -2.30192207 -3.36312987  1.41426241  4.88613609 -4.31507169]
 [ 0.30817777  2.23308153 -1.7244009  -1.66365922  2.09242502 -1.54078489]
 [ 2.39467882  2.01239502  4.39585148  0.25802833 -3.68207904 -1.15148213]
 [-4.64572601 -4.530976    3.13954059  1.69950368  2.80668318  1.77461547]
 [-0.8019858   3.18640728  2.53851012 -1.81157441  2.77643166  4.14421161]
 [-1.35462075  0.83224548 -0.08609829  2.86851547  4.28311316  2.48379866]
 [ 2.84059185 -3.99248809 -3.70738283  3.95916119  1.98349284 -2.03647155]
 [ 2.02322536  2.3789796   4.2526867   1.3433807   2.13507774 -2.1578536 ]
 [ 2.91479882 -0.53975661  0.09386359  0.25278267  1.67093876 -2.28636702]
 [-0.81407234  4.33953292  1.43111633 -3.30980642  0.26179128  0.21969506]
 [ 3.31268252 -0.99348494 -4.53034019  0.90884275  4.24772588 -2.05860022]
 [-0.06868382 -3.05459644 -3.98918737 -2.97930022  3.32169089 -0.41961352]
 [-0.68212886 -3.07778946  3.80110799 -4.85156499  2.53208211  2.02539412]
 [ 0.40920625  2.55502567 -0.45594003  1.6367943   1.70405602 -0.32919205]
 [ 3.8351835  -1.99519179  1.57096255  4.92859218 -4.65502523  4.45939531]
 [-0.35924374 -4.05414266  4.17479101 -4.24413762 -0.64958798 -3.976086  ]
 [ 0.94008153 -4.22017834 -1.22512937 -1.80716351  0.5595631  -0.31030063]
 [-4.83183306 -0.96244388 -3.17498096  2.11029202 -1.93116953  1.14649101]
 [ 3.23639597 -0.67496936 -3.10812535 -0.92343906 -0.5670821  -2.57592975]
 [ 0.29843773 -4.89300649  4.05653248 -4.70629288  1.60010895  0.16991542]
 [ 3.61155263 -1.54250125 -4.01649114  3.11251574  0.74429354 -4.03982286]
 [ 2.61315572 -2.44813083 -2.69982988  0.08504866  4.69230812 -2.78293433]
 [ 3.77180128  3.86856579 -1.50645744 -1.76839699 -2.44728152 -0.51744644]
 [ 2.62587647  2.01620462 -4.57238773  4.63530738  4.35918418  4.7648256 ]
 [ 1.21378827  1.74852453 -3.01338369  0.75025972 -0.53888459  2.95377911]
 [ 1.22291319  2.15898357  0.61756854  1.18010382 -1.72827075  1.02421622]
 [-2.21355125  4.50106798  4.57904975  1.44803498  3.84697218  1.89328489]
 [ 0.23986757 -0.02421913  2.13509368 -0.57105214 -2.1660133  -2.51714562]
 [ 4.26972331 -4.02030032  1.3857112  -3.48689353 -2.90927495  4.42636997]
 [-0.44209372 -1.8212043   1.56145512  2.1674474   3.35942839 -4.04988684]
 [-1.42988142  2.39811135 -4.76716928 -3.00011402  3.41075856 -3.90397262]
 [ 1.37441072  2.04654652 -3.07235196  3.07038243 -0.52759719  2.88191708]
 [ 2.46544712  4.34857325 -1.50266184  4.79191635  3.5687519  -4.35070819]
 [ 3.72088488 -3.97445498 -1.30004462  2.28131849  2.46634831  1.95129219]
 [-1.22462819  0.23159601 -0.42002253  2.00139248 -4.66950262  1.1747219 ]
 [-2.03042501 -4.46142141 -4.01806364 -1.23155425 -0.46947656  2.03464028]
 [ 4.47631631  4.0279673   2.64215764 -0.82617448 -1.1270757  -1.26757496]
 [ 3.786992    1.39000124 -3.37470349  3.39735802 -0.60472404 -4.3259205 ]
 [ 0.8977157  -2.24016297 -1.74991133  2.9620976   0.06428961  0.24560808]
 [ 1.27228852 -3.14481206 -3.49442622 -0.90312152  4.77372637 -2.41536035]
 [-0.64182785  3.14861013 -0.28532721  4.85626683  4.04125459  1.54421931]
 [ 0.98335819 -0.80845154  1.53206385 -1.93043392 -1.9727448  -1.79048252]]
