[[-4.46413306  3.49058214 -1.26921142  2.0831841   2.2080695   1.33079569]
 [ 0.85143226  4.849738   -0.1923053  -1.20334638  1.24907783  4.25718194]
 [ 2.29461716 -0.0200677  -3.24144282  3.37070661 -4.54177688 -0.31559602]
 [ 1.62640092 -1.68020066 -4.33864964  4.11339133  0.33723714  1.88930524]
 [-2.63155802 -1.26933887  2.11540356 -4.18155016 -3.69193386 -2.58575871]
 [ 2.48148066  3.60598539 -4.21942571 -1.31245569 -4.23199329 -3.39322025]
 [-3.3390389   2.96417626 -0.95306423 -0.18040507 -0.87010833 -4.4158774 ]
 [ 1.46149618 -3.85559824  4.94160751 -0.39356024  1.74238518 -3.02973217]
 [-3.71826432 -1.86056578 -2.33783414  1.21301545 -2.83389838  3.49083942]
 [-4.26521968  2.70092164 -3.47436197  2.88427896 -3.48890742  0.83538102]
 [ 3.10701916  1.60912152  0.95084304 -3.72675219 -2.4937247  -3.77610168]
 [-4.08925546  4.97033969  2.67536829  2.46676362  2.67296812 -2.08859673]
 [-1.63409698  4.03817539 -2.19031863 -4.04628181  3.68431728 -0.19801569]
 [ 1.35455022 -2.58036843  2.17553092 -3.99486499  3.56949642  3.44094622]
 [-3.03451186  1.89512497  4.62589098  3.61170952  0.70508852  2.85165788]
 [-2.80001317  0.10183528  0.33175952  4.56008279  0.05206616 -1.58615812]
 [ 1.99900463 -3.73462757  4.51326548 -0.29353343 -1.27301029  3.73868695]
 [ 4.66769111 -1.94187023  0.42614551 -3.28808905 -1.56447288  4.14008416]
 [-2.37763276 -2.14645315  1.24667139  0.25877999  4.78166334  0.32590218]
 [-2.94605528 -1.39866175 -1.53575052 -3.50289316  2.3581796  -4.9898529 ]
 [-1.04159068 -4.68372336 -0.54089481  3.93532354  0.15164816  1.66336312]
 [ 2.16614947 -4.14403524  1.06835705 -4.70654203 -1.13900229 -1.00746554]
 [-4.95417341 -2.07897155  2.84558796  0.14259767 -0.49446132  1.04640994]
 [ 1.81251791  0.98649901 -0.89618279 -2.23040734  4.30789852 -4.71882529]
 [ 0.58372074 -0.72468216  2.30891665  4.83262443 -3.2058632   2.65126331]
 [ 4.05785437  4.27621829 -1.19732852 -3.8555847  -2.46594311  1.40187575]
 [-3.95696998 -0.21023809 -1.88820193 -4.39195986 -2.11650025  0.70435555]
 [-0.6604117   2.51962844  1.69245148  2.62953503  4.57072276  3.62772447]
 [-3.48892175  4.71158625  2.69432227 -2.28428693  1.34104582  2.54909896]
 [ 2.36618935  0.62912527 -1.13473015 -4.55614783  0.79435007  0.54581099]
 [-1.85644731  4.46974947  0.01339773 -3.17394012 -3.57939466 -0.79277815]
 [ 3.23639492  4.37900963  4.34691916 -2.55681601 -0.51780997  0.73716422]
 [-4.43974211  1.76330448  1.97163783 -2.66162817  3.14786354 -1.97952252]
 [-3.14248577 -1.04799313 -3.41449547  3.23244773 -3.89560951 -4.25844333]
 [-4.86964174  2.23061585  4.8537069  -2.45753239 -2.30113    -0.62556478]
 [-1.11045323  1.52146126 -4.77721015 -3.66314789 -0.73641719 -2.9454046 ]
 [ 4.29748287  3.39570041  0.86987349  2.31219251 -2.62793854 -0.83749099]
 [ 4.40376034 -3.36308943  0.6695068  -2.77514164  4.54031155 -1.09827888]
 [-1.40274     2.6200499  -2.7990872  -1.78407477 -4.98387298  4.00180284]
 [-0.91967068 -4.92084346 -4.55109404  1.45403611 -1.85936866  0.01953856]
 [ 4.50758417 -0.84511091  2.41373643 -0.11528858 -1.02459382 -0.38716932]
 [-2.90483515 -3.59259436  3.76009656 -4.5639273   1.40216466 -1.77251822]
 [ 3.45157068  3.23136286  3.37910447 -0.83075742  0.99384727 -4.09169817]
 [ 2.80525092 -0.2776062  -4.34528686 -3.06336702  3.84097291  3.14920111]
 [-3.88985336 -4.85213618  0.09267541  1.00239629  0.49261727 -2.45919303]
 [ 0.42227351 -2.39042619 -3.0320291   4.3658037   0.51219466 -3.84220919]
 [-1.30584853  3.31016438  4.13049255  1.85346627 -1.80589727 -2.36125758]
 [-0.4885814   3.68471967 -0.41988255  4.94037417 -1.67469065  2.3410946 ]
 [-0.24334327  3.88565817 -0.71257876  3.86705801 -4.13092357 -4.19850394]
 [ 4.94418371  2.06177726  1.81652744 -0.64906798  3.08116783  2.08884794]
 [ 3.93297768 -0.12937571  3.6715135   2.14589077  4.77722941 -1.16277655]
 [ 0.23766152  1.12654152  1.5710537  -4.2582259  -2.22501915  4.39530221]
 [-4.7577525  -0.93978349 -3.94789916  0.89194341  0.22282579 -1.88130317]
 [-0.73134786 -4.40427389 -2.67866227 -4.96677664  1.70052092  2.23558686]
 [-1.96484003 -4.005125    4.32047819  2.69964011  3.01150397  3.32217587]
 [ 3.26237711  1.37742541  3.08994655  1.53254354 -0.66662897  4.89130645]
 [ 3.78449302  1.3575951  -3.30220746  0.76918507 -1.16195808  3.86025374]
 [-1.22087827 -2.79931747 -2.49443597  1.33530817  3.61907608  4.81901166]
 [ 3.82703185  2.88514961 -3.0030395   3.35054453  3.3647755  -2.7429856 ]
 [ 3.6300718   0.91776614  0.19256777  4.25111323  1.5695329   1.70617786]
 [-0.01082642 -2.59977683 -4.99998743 -3.35551208 -2.919495    2.70476285]
 [ 4.71997068 -4.24894223 -1.3837565  -1.695985   -0.12284585 -3.93409249]
 [ 4.22200072 -3.49164857 -2.82924437 -0.5841747   1.90795014  1.9454842 ]
 [-1.75264305 -0.50627597  3.34129775  1.98698653  2.38697063 -4.59425026]
 [ 0.6423266  -1.52313617 -0.77363953 -3.00690816 -4.84404456  0.15426835]
 [-0.06983743  4.14592311 -4.11875088  3.02311695  2.74270152  2.91616055]
 [-0.34323293 -4.10659027 -3.63761793 -1.13996379  3.31990357 -1.61486214]
 [-2.35774155 -3.17871654  3.85258424  1.71817889 -3.13012953 -3.18383977]
 [ 0.74254047 -1.2103307  -0.09112211  0.35943779 -2.02527229 -4.81481104]
 [-1.57215008 -4.64856028  0.5701553  -1.49177934 -0.19174921  4.75466757]
 [-3.43187606 -1.73128193 -1.73964474  4.56400289  4.155426    1.00594916]
 [ 0.3376361   2.44059201  3.21933703 -0.00766514 -4.374519    1.59235954]
 [ 0.07676592  1.24977169 -2.03626154  0.3933655  -0.32146027 -0.11969106]
 [ 3.47766949  4.65951237 -3.68740717 -2.04979903  2.56076519 -1.30312459]
 [-4.19995121  3.03578477  1.27458719  0.5570873  -2.70768924  4.51586512]
 [-2.12138138 -3.09260772  2.48450756 -0.76413771 -4.63588745  2.39198594]
 [ 2.06019043  0.35529039 -2.01573721  0.63871097  4.90523766  0.25298473]
 [ 2.96462335 -2.82906999  3.96447867  4.14585821  2.03184085  1.25822044]
 [ 1.55300036 -3.24730887 -1.62057631  1.65291861 -3.94623016  4.56762327]
 [ 0.99075352 -2.9123821  -4.58233576 -2.03092569 -3.30679815 -3.32560143]
 [-3.66601359 -0.44833036  0.73549041 -2.81065664  2.03922302  4.10377252]
 [-2.24483799  2.33514926 -3.82479119  1.10102767  4.41363764 -3.64310265]
 [ 1.05984017  3.90212622  1.45826799  3.49566893  2.85191262 -2.17100815]
 [ 2.70806847 -4.46213114 -0.31816307  2.54217437  3.95794149 -2.53979553]
 [ 1.18949038  0.59065513  3.55154826 -4.83089926  4.11394158 -1.45776241]
 [ 1.83081266 -0.64844942  3.00034762  4.68878937 -3.3886328  -2.89843176]
 [-0.56975332  0.39211092  4.77751099 -1.04230561  0.84985342  0.40457284]
 [-4.65490253  0.72647157  1.76114571  2.95630687 -4.73436211 -0.53713943]
 [-2.52076591  1.94380624 -4.84650907 -1.81443779  1.13025231  3.02230967]
 [ 2.66661664 -2.35082482  4.05179052 -1.38110197 -4.09762328 -3.53308809]
 [ 4.87079537  0.19452838 -2.41140217  3.77923285 -1.48198334 -4.46394038]]
