[ 5.15938248e+01 -1.37658633e+02  4.69857665e+01 -2.29199307e+01
 -1.89873016e+01  1.34586775e+02  4.85423705e+01 -2.11732827e+02
 -9.77611471e+01 -1.13940881e+02 -4.11591173e+01 -7.34818084e+01
 -9.27807970e+01  1.16610081e+01 -1.49891959e+02  5.62232890e+01
  6.83038923e+01  9.93412993e+01 -6.72741979e+01  4.29261544e+00
  1.28802335e+01 -4.75125117e+01  1.45499368e+02  1.03096281e+02
 -7.52291125e+01 -6.44319117e+01  7.11597917e+01 -1.12810237e+02
  9.29052115e+01 -1.06974283e+02  7.06097758e+01  2.23047485e+01
 -3.92487869e+01 -1.12259579e+02 -7.94165149e+01  1.78917274e+02
 -2.32664664e+02  8.31050199e+01  5.72718142e+00 -2.43769170e+02
  1.64916262e+01  3.72737959e+01 -1.72114824e+02  6.28781892e+00
 -9.82943899e+01  1.03049906e+02  1.41085045e+02  1.05299441e+02
  1.10802629e+02  2.77318630e+00  2.39286412e+02  5.95302408e+01
  5.65237870e+01  7.01718978e+01  1.80747176e+02 -2.37631714e+01
 -1.10610151e+02 -1.41483331e+01 -3.18216974e+02  4.27305030e+01
 -1.18662157e+02 -1.97040652e+02  1.46464952e+02  3.54087648e-01
 -1.29904652e+02  7.38241889e+01 -5.05601754e+01  1.16982104e+02
  8.75787871e+01 -4.53017120e-01  2.51217153e+02 -1.98194213e+02
 -2.75445933e+01  7.39385064e+01  8.79894239e+01  1.17872760e+02
  1.25566200e+01 -2.80946677e+02 -2.68832993e+01 -1.02268767e+01
  1.44895405e+01  1.67484299e+01 -3.09112243e+01  2.15859308e+01
  5.17529575e+01  6.45805194e+01  6.85346102e+00  1.05633250e+02
 -9.47123954e+01 -8.72933266e+01  1.24897923e+02 -3.60734804e+02
  1.82155225e+02  1.27949920e+02  4.49105946e+00  2.96542131e+01
 -1.92684940e+02  2.92749891e+01  2.11655763e+02  4.39380437e+01
  1.29091664e+02 -2.23066475e+01 -1.73214987e+00  3.01208587e+01
 -2.87463556e+01  4.64504824e+01 -2.12479132e+01 -1.58663608e+02
  2.59964682e+01 -4.31973097e+01  1.30061047e+02 -6.30078032e+01
  1.50385986e+02  1.34804986e+02  1.89491327e+02 -3.39349821e+01
  1.96452028e+02 -9.56157288e+01 -5.32178164e+01 -5.67742053e+01
 -7.95898046e+01  2.01431081e+01 -8.61835354e+01  1.80512341e+01
 -9.16898472e+01 -1.04046977e+02  2.13356609e+02 -3.16663565e+02
 -6.82126796e+01  1.04064127e+02  2.61887088e+02  4.33768173e+01
  7.25032581e+01 -1.17571175e+02  5.65465127e+01  2.05565960e+01
  1.10965540e+02 -3.50620682e+01  4.22127191e+01  6.51218313e+01
  2.55516016e+02 -5.55066990e+01 -6.54148575e-01  4.98564639e+01
  1.50786861e+02  5.92816178e+01 -2.94734276e+01  6.34295646e+01
  6.14015668e+01  1.16229130e+02 -1.97554695e+00  8.02353968e+01
  9.66609812e+01  1.51293998e+02 -1.68231733e+02  8.94561779e+00
  1.74483409e+01  1.40311015e+02  1.37902584e+01 -9.62656767e+01
  1.36762268e+02  3.17587299e+01 -3.66198741e+01  3.07433627e+01
 -4.60954844e+01  8.72031855e+01 -4.32506535e+01 -8.85754828e+01
 -1.59254860e+02 -1.95686362e+02  1.36498318e+01 -2.78255890e+02
 -2.55979264e+01  8.94159827e+01 -1.88070836e+00  8.78615710e+01
  1.71533871e+02  2.46960587e+01 -1.40552956e+01 -1.09614270e+01
  1.08560611e+02 -4.43466372e+01 -3.00033862e+01  4.06099214e+01
  7.77277620e+01 -1.31758793e+02 -5.08319175e+01  1.94340226e+01
  5.67427240e+01  1.05219533e+02  3.98640208e+01 -7.24994885e+00
 -8.79063502e+01 -9.50615922e+01 -1.78138769e+02 -7.30655223e+01
 -5.80046542e+01 -4.77556595e+01  3.60929008e+01 -6.99162910e+01
 -5.52793552e+01 -7.02647452e+01  1.29753162e+02 -1.66060352e+02
 -3.98983535e+01  2.99146219e+01 -1.98326157e+01  4.83260166e+01
  1.92985416e+02 -1.68833750e+02  5.69754797e+01  2.06764249e+02
 -2.56908375e+02 -1.53458735e+02  1.25305710e+01 -5.03518485e+01
 -5.87676469e+01  2.76422822e+01 -1.48402749e+02 -1.97169833e+02
 -1.17924149e+01  1.49824125e+02  2.50206177e+02  9.15724584e+00
 -1.04805193e+02  8.74244487e+00 -5.66282777e+01 -8.18660880e+01
  3.41078059e+01  3.21885166e+01  1.07679739e+02  1.67568828e+01
 -3.40214221e+02 -2.31971899e+01  2.70769176e+01  3.06429514e+01
  1.92386975e+02  1.92166124e+02 -1.53093267e+02  5.14106176e+01
 -3.25719492e+01 -4.54975496e+01 -3.73124887e+01 -3.32162943e+01
  7.00175762e+01  1.25736071e+02 -4.87998989e+01 -2.39428862e+02
 -8.78833118e+01  3.24151640e+01  1.60272417e+02 -9.95194433e+00
  8.74959518e+01 -8.69141953e+01  2.97792033e+01 -1.04265880e+00
  4.45596545e+01 -4.85374883e+01 -3.94387556e+02  1.74337880e+01
 -9.52930149e+01 -2.35321354e+02  9.19499057e+01 -5.66287650e+01
  5.23031531e+02  7.62374795e+01  4.00836914e+01  6.51451733e+01
  7.97940879e+01  1.02256488e+02 -1.27548015e+02  2.07648506e+02
  5.60828493e+01 -1.40909355e+02  1.60291989e+02  5.01782308e+01
  2.13721961e+02 -2.06828971e+01 -5.59765364e+01 -1.75047904e+02
 -6.40391268e+01  4.54763564e+00  4.69123632e+01  2.08908961e+01
 -2.17523049e+02  1.30432231e+02 -1.41399142e+02 -2.47754615e+01
 -2.16081481e+01 -5.99148176e+01 -1.18125959e+02  5.10384264e+01
  1.26198767e+02  3.52032794e+01  2.19928426e+02  1.09621601e+02
  6.09398580e+01 -6.18081346e+01 -2.29072459e+02  7.68531995e+01]
