[ 65188.25139536  18821.94245301  23968.86292902 -32086.8477184
   3799.97577211  11068.93867157 -16205.53104236  10735.8633289
  37448.37714188  43176.84710551 -19863.88486882  53999.94097
  36653.21190463  19849.03473555 -29706.81107939  59474.68590251
 -28812.8866722    3767.9182039   27652.47164856  58820.33522205]
[ -8293.39698195   4346.01985636 -12019.21619867  35439.52259975
  32053.41575587  14873.75071518 -39062.16904838 -12715.1278715
  85242.57153753   8294.5332884   37088.06212056 -31915.0423814
 -19301.51851257  -8515.91278548  80213.64730539  42744.43356838
  14560.55660096  32963.55201711  33790.8007336   28907.68349704
   9444.92310267]
[ 15631.48122368  32684.44881535 -17448.23700594 -24433.57760985
 -34220.15566027   -777.32768458  71426.70395853  12573.28428878
    463.61751645 -22873.92307556  38060.72748524  86694.99044088
  42888.59996647  -6961.12020228  35304.59488868 -21186.68177455
   1676.51693812  44730.33185023  35497.13489244 -17657.36462743
  -1121.2678845   63526.05948095]
[ 31799.22119261 -22984.60748841  15631.09561504 -26947.85737963
  42134.11871847   5788.1595079  -18937.06046572  71488.40819788
 -30225.60800009  44060.85272085 -28855.17267786  -4509.79191011
  80952.82210113  16508.74210607 -11454.80649874  15091.56073019
  56707.10010985  -6664.08538645  32876.27047455  18316.24389881
  55148.78962855  -2287.6500971    6410.10253851]
[  1370.61028278  -1388.96592448  11306.28453946 -14975.77790297
  -8283.97703764  40980.78452172 -39037.27968709   4917.94386604
  63793.91000044  83052.13541838  28923.19327097  41110.48149842
  34619.79160752   9520.30138597  -4502.84553146 -14647.97408016
 107893.38633735   2313.92919738  13106.3610812  -10048.6024642
  -6275.53406914 -48039.14803469 -10190.66796125  57202.41746311]
[-15073.72191462  30944.99349737  43141.57428936  81850.75397067
 -27311.77422112  52264.89434877 -19733.76326102  17943.09470476
  31660.80558364  57874.08803123  37875.18849658  -6455.12580394
  27699.5494669   27535.74294927 -39277.58182181  -9502.70142415
 -23430.6574038   18907.79509381  18848.40177327   7601.32878263
  13490.46917942 -11552.86014517  15030.73165297  21091.91233304
 -19051.98246813]
[ 45482.45793453  62902.56445731 -35369.60104911  33362.94773688
  12638.05423754 -14369.80084009  22552.63514456 -13624.96949106
 -22686.48092662   3654.55006947  44650.46087843  23398.94024521
 -13702.45018061  34637.03865958 -21565.55291681    754.71640092
  12756.42134286  36575.81565697 119219.52896639 -21111.37472108
 -34087.57906867 -12760.07529714   -482.32693384 -10741.06882837
   8187.25407431  59491.14854532]
[-26661.32487596 -10467.78754895 -48594.63089628  28634.82662846
  37470.94091586  29241.21449453 -32077.80588045  72996.91855508
 -12782.19100692  27076.28322461 -35184.04070582  40406.21094136
  55335.50122943  52950.23406766 -31174.34257888   4208.73416545
  -3135.42693216  14924.77306178  73097.08725264  71634.66395356
  17008.31313799 -19688.24999934  35830.45332938    845.32287251
  15790.16860065  -2562.03032631  29579.10223733]
[ 35898.18824108  39418.86215851  -1622.81063769  14511.37422404
  51801.59809113  10630.66555312  -6786.19494553  41628.1722937
 -31047.45656631 -10752.51309737   -116.62585826  71901.92583872
  -9724.40086752 107807.91628497 -43261.56119392  -4590.67644782
 -34671.8194941   -4906.07230566  13828.41803875  -7874.25194402
  25888.84198322  11141.67094865  23556.36933368  44687.32226478
  79320.11021027 -25998.31170603 -11578.39532596 -39925.48353367]
[ 65860.94560736 -33489.84023789  -7317.30475786 -13336.58050778
  37711.37382776 -17666.91883552 -15572.02159306 -35822.19967189
  37638.31505918  76490.02815355 -31318.09286364  -8555.28330564
  58686.85925334  67692.82520804 -31137.94837223  24618.24363738
  72877.69263004 -13480.83312381 -25318.36453617  32036.62079629
   6194.72769037  -8433.03643926 -21807.15890879  36850.7224156
   -707.17838468  23282.26663742  67157.75946705  11219.3291518
  10676.15977579]
[  1240.57631721   4359.40599641 -14294.15920282  39897.11751544
  25133.9821874   44847.19143873  12008.14150748  17372.01888815
  27488.4060551   10008.86783498  57086.12885499 -28173.54364503
 -11280.27208363  10804.71260763  32425.52002855   1080.29007678
  32629.96673419 -39083.44037441    799.22888013  19448.92571469
  36856.93291181  -9587.60761457  -6221.54537946  11993.13266304
 -27200.25738034  24149.77954853  23024.42301172  -8852.70884386
  29861.91028342  34016.31829459]
[-11966.27374359  30152.1823226    6147.33389633  -2491.22698186
   9634.00781418 -26327.34638527  62277.89911595  37847.64388747
  44278.36712566  35752.24331284 -19761.98705312  25140.14216929
  17361.76598069  60653.28445415  29936.55089577 -29634.34978122
   6265.31883597  -1655.52862027  -6240.50130788  13401.08104203
  71236.52424991 -27527.27437924   6383.44711336 -11946.76543849
  37989.70469003 -34207.75459786 -54419.26615746  69852.44511767
  33680.54501535   1790.08645302 -28556.92782729]
[ 20618.89631465  21221.50288955 -39324.16640192  42281.41893386
  14980.74219031  11047.96094252 -14126.87232462 -19513.69955159
 -14846.43567411 -16423.38181133   1639.9963964   37018.84964438
  24987.46814317   -395.45509016  17539.0318737   61637.44680364
  27708.17558789  62332.56383761 -44709.84373592 -13802.50739566
  24569.06611549 -15823.53350763  38489.52259102 -45576.0885547
   9029.59588666 -21464.17035715   9724.08321468  44479.66597691
  18835.96372985  42464.9465522   89572.78831302 -37686.27143144]
[-11030.94410202 -10536.79052432  39974.77201962 -52027.77814539
 -14852.18484579 -29597.7956193   39332.74843281 -36986.73904407
  -2855.60029869   7209.62672212  45501.11928099   1091.04103095
 -40034.16950079  46070.18607732 -14695.27810374  31665.93877591
   9735.36329418 -32824.79938088  -1091.77735922  37328.51048688
  46813.52447399  85481.4014175  -12079.38612083  69944.63263457
  -2048.58135473  17571.6027674   36165.05986084  35063.05283009
  31942.64346453 -19254.83608089  29422.55148953  16648.50004245
  17556.76569188]
[-29582.1812258   -3723.31712285 -22893.34926807 -12185.73341022
  19164.62727317  -1359.56310805  -5891.33923894   8508.67985323
  24829.5931253  -23916.4880756     484.76909746 -49813.46119621
  -3848.93968891   4105.00492684   3699.06875691 -23981.16005159
  51443.88918191  70132.17756306  27964.42258116 -38943.32678134
  29587.31196127 -11971.18200246   8835.57363421  58156.72845345
 -55293.38685289  69434.14633219 -10989.32586568  20555.41617012
  29666.9745744   50208.1582429   45715.2468676   69133.47329554
  46688.34944819  16368.86107815]
