[[1.         0.08109264 0.10421041 0.15321936 0.08807882 0.11602947
  0.16061967 0.00780983 0.0186553  0.08912341 0.07491543 0.14812883
  0.01188905 0.05093041 0.01107929 0.11434749 0.10954268 0.03496638
  0.02963222 0.012787  ]
 [0.08109264 1.         0.014252   0.13490712 0.01546322 0.07407584
  0.10820041 0.02675291 0.10268518 0.12072937 0.01546331 0.01638818
  0.01310247 0.00621052 0.10420565 0.10463475 0.04528991 0.13220593
  0.14713025 0.13318594]
 [0.10421041 0.014252   1.         0.17864377 0.12182823 0.12154545
  0.03370578 0.06140426 0.11600193 0.00790545 0.04806186 0.11542458
  0.11952689 0.10754239 0.02277747 0.11902668 0.01737347 0.07579773
  0.00606453 0.01898154]
 [0.15321936 0.13490712 0.17864377 1.         0.07081167 0.04987786
  0.11793405 0.01014243 0.13719891 0.11374318 0.15346671 0.07267521
  0.13343877 0.01322313 0.04167233 0.03046152 0.01049628 0.12542403
  0.01656608 0.13419528]
 [0.08807882 0.01546322 0.12182823 0.07081167 1.         0.12395406
  0.00938127 0.08467147 0.0130312  0.107384   0.09685581 0.08107796
  0.11190596 0.06397887 0.01024387 0.01630244 0.14410109 0.10820504
  0.02789435 0.09489119]
 [0.11602947 0.07407584 0.12154545 0.04987786 0.12395406 1.
  0.01886807 0.0787152  0.10100829 0.0130915  0.03385122 0.00824452
  0.01148411 0.09574733 0.00730607 0.10202116 0.04862774 0.02724076
  0.09006679 0.07727769]
 [0.16061967 0.10820041 0.03370578 0.11793405 0.00938127 0.01886807
  1.         0.01085408 0.11328942 0.09006586 0.14250834 0.12570353
  0.04488257 0.08444054 0.15076962 0.12372687 0.04252224 0.01578993
  0.11166252 0.02166922]
 [0.00780983 0.02675291 0.06140426 0.01014243 0.08467147 0.0787152
  0.01085408 1.         0.07856062 0.01280701 0.00867395 0.03350278
  0.09657458 0.11099237 0.14850072 0.13097808 0.12623626 0.12585518
  0.08506316 0.0564823 ]
 [0.0186553  0.10268518 0.11600193 0.13719891 0.0130312  0.10100829
  0.11328942 0.07856062 1.         0.01098218 0.06086088 0.01222303
  0.10330523 0.07203664 0.13391686 0.1038437  0.00656508 0.03218639
  0.08603489 0.13815743]
 [0.08912341 0.12072937 0.00790545 0.11374318 0.107384   0.0130915
  0.09006586 0.01280701 0.01098218 1.         0.1314629  0.0886274
  0.0674892  0.01073187 0.05578886 0.00993904 0.13591848 0.0867492
  0.10301222 0.13985221]
 [0.07491543 0.01546331 0.04806186 0.15346671 0.09685581 0.03385122
  0.14250834 0.00867395 0.06086088 0.1314629  1.         0.04494711
  0.15889343 0.11753747 0.0172562  0.00704434 0.01959305 0.00754663
  0.0707009  0.11199784]
 [0.14812883 0.01638818 0.11542458 0.07267521 0.08107796 0.00824452
  0.12570353 0.03350278 0.01222303 0.0886274  0.04494711 1.
  0.12518436 0.06353427 0.10168394 0.09629212 0.15411717 0.11044632
  0.01102214 0.00632038]
 [0.01188905 0.01310247 0.11952689 0.13343877 0.11190596 0.01148411
  0.04488257 0.09657458 0.10330523 0.0674892  0.15889343 0.12518436
  1.         0.06233064 0.16046368 0.01575958 0.02094818 0.10202337
  0.02310712 0.12428408]
 [0.05093041 0.00621052 0.10754239 0.01322313 0.06397887 0.09574733
  0.08444054 0.11099237 0.07203664 0.01073187 0.11753747 0.06353427
  0.06233064 1.         0.0317502  0.10313677 0.08690094 0.00599088
  0.09808527 0.01410781]
 [0.01107929 0.10420565 0.02277747 0.04167233 0.01024387 0.00730607
  0.15076962 0.14850072 0.13391686 0.05578886 0.0172562  0.10168394
  0.16046368 0.0317502  1.         0.13108874 0.05462898 0.13689251
  0.08778801 0.04664919]
 [0.11434749 0.10463475 0.11902668 0.03046152 0.01630244 0.10202116
  0.12372687 0.13097808 0.1038437  0.00993904 0.00704434 0.09629212
  0.01575958 0.10313677 0.13108874 1.         0.11027744 0.07106621
  0.05328404 0.00776488]
 [0.10954268 0.04528991 0.01737347 0.01049628 0.14410109 0.04862774
  0.04252224 0.12623626 0.00656508 0.13591848 0.01959305 0.15411717
  0.02094818 0.08690094 0.05462898 0.11027744 1.         0.07376712
  0.13595929 0.01772979]
 [0.03496638 0.13220593 0.07579773 0.12542403 0.10820504 0.02724076
  0.01578993 0.12585518 0.03218639 0.0867492  0.00754663 0.11044632
  0.10202337 0.00599088 0.13689251 0.07106621 0.07376712 1.
  0.0146564  0.07296291]
 [0.02963222 0.14713025 0.00606453 0.01656608 0.02789435 0.09006679
  0.11166252 0.08506316 0.08603489 0.10301222 0.0707009  0.01102214
  0.02310712 0.09808527 0.08778801 0.05328404 0.13595929 0.0146564
  1.         0.15476872]
 [0.012787   0.13318594 0.01898154 0.13419528 0.09489119 0.07727769
  0.02166922 0.0564823  0.13815743 0.13985221 0.11199784 0.00632038
  0.12428408 0.01410781 0.04664919 0.00776488 0.01772979 0.07296291
  0.15476872 1.        ]]
[[1.         0.13792557 0.0174047  0.13834252 0.05534687 0.01390625
  0.02356856 0.11149388 0.07823474 0.09002442 0.09832928 0.11396925
  0.12636618 0.0451226  0.16616407 0.05631039 0.10336682 0.09646276
  0.00717624 0.01952359 0.09072778]
 [0.13792557 1.         0.04783515 0.09572117 0.04680013 0.08841906
  0.0123462  0.01518281 0.00704469 0.05465236 0.09212776 0.0108795
  0.06550984 0.1257213  0.0505691  0.10886217 0.02237088 0.14877683
  0.00688636 0.12417241 0.15960026]
 [0.0174047  0.04783515 1.         0.1435367  0.11387866 0.13802884
  0.09684234 0.04131018 0.19916206 0.05172421 0.00934483 0.01847166
  0.1119233  0.0201267  0.01605681 0.02337076 0.03295851 0.08162432
  0.11277462 0.15711848 0.16287154]
 [0.13834252 0.09572117 0.1435367  1.         0.11085778 0.01329351
  0.0074287  0.02506966 0.10894835 0.09015363 0.00770365 0.09729743
  0.0508988  0.05848683 0.01523956 0.08196318 0.12249574 0.01415627
  0.03319856 0.04670945 0.15034169]
 [0.05534687 0.04680013 0.11387866 0.11085778 1.         0.17402672
  0.01861164 0.16287418 0.08084039 0.00974763 0.01268385 0.14201627
  0.00724081 0.06707073 0.07648884 0.12944638 0.01676649 0.07369763
  0.07063072 0.01557022 0.07139644]
 [0.01390625 0.08841906 0.13802884 0.01329351 0.17402672 1.
  0.1603379  0.0611686  0.02741592 0.02957683 0.08851154 0.02804658
  0.01601653 0.13510619 0.12459034 0.07307907 0.00909116 0.16904016
  0.12525076 0.10072999 0.07735256]
 [0.02356856 0.0123462  0.09684234 0.0074287  0.01861164 0.1603379
  1.         0.08164734 0.18541732 0.1576632  0.1322955  0.03953819
  0.11732735 0.02955612 0.14172671 0.00968468 0.03875108 0.08479379
  0.1405849  0.08297882 0.04758608]
 [0.11149388 0.01518281 0.04131018 0.02506966 0.16287418 0.0611686
  0.08164734 1.         0.14505764 0.0144364  0.09729643 0.11526973
  0.0528155  0.01191243 0.05877277 0.1102217  0.11730797 0.16642755
  0.08329288 0.03637438 0.00820123]
 [0.07823474 0.00704469 0.19916206 0.10894835 0.08084039 0.02741592
  0.18541732 0.14505764 1.         0.10581652 0.0139724  0.16446291
  0.11321712 0.01377439 0.06448735 0.01152909 0.0976048  0.03295503
  0.1133644  0.02366877 0.08297098]
 [0.09002442 0.05465236 0.05172421 0.09015363 0.00974763 0.02957683
  0.1576632  0.0144364  0.10581652 1.         0.11290484 0.10548004
  0.12062861 0.17607643 0.08893883 0.02804233 0.17038251 0.01234569
  0.08255593 0.11320169 0.1311815 ]
 [0.09832928 0.09212776 0.00934483 0.00770365 0.01268385 0.08851154
  0.1322955  0.09729643 0.0139724  0.11290484 1.         0.04027032
  0.06944559 0.09650629 0.11736974 0.12156838 0.10496388 0.10415939
  0.04243756 0.14529654 0.01240075]
 [0.11396925 0.0108795  0.01847166 0.09729743 0.14201627 0.02804658
  0.03953819 0.11526973 0.16446291 0.10548004 0.04027032 1.
  0.00800493 0.16325889 0.1376996  0.10458667 0.129393   0.00710159
  0.15624647 0.01063737 0.03150927]
 [0.12636618 0.06550984 0.1119233  0.0508988  0.00724081 0.01601653
  0.11732735 0.0528155  0.11321712 0.12062861 0.06944559 0.00800493
  1.         0.00560788 0.02097837 0.0104588  0.11250666 0.15561612
  0.01254665 0.16197265 0.05683704]
 [0.0451226  0.1257213  0.0201267  0.05848683 0.06707073 0.13510619
  0.02955612 0.01191243 0.01377439 0.17607643 0.09650629 0.16325889
  0.00560788 1.         0.14765046 0.1591278  0.03186813 0.01064291
  0.08243217 0.04556531 0.09798661]
 [0.16616407 0.0505691  0.01605681 0.01523956 0.07648884 0.12459034
  0.14172671 0.05877277 0.06448735 0.08893883 0.11736974 0.1376996
  0.02097837 0.14765046 1.         0.01830545 0.01096067 0.08199108
  0.01973631 0.00822878 0.15427694]
 [0.05631039 0.10886217 0.02337076 0.08196318 0.12944638 0.07307907
  0.00968468 0.1102217  0.01152909 0.02804233 0.12156838 0.10458667
  0.0104588  0.1591278  0.01830545 1.         0.16284514 0.02941368
  0.11061331 0.13090162 0.00913662]
 [0.10336682 0.02237088 0.03295851 0.12249574 0.01676649 0.00909116
  0.03875108 0.11730797 0.0976048  0.17038251 0.10496388 0.129393
  0.11250666 0.03186813 0.01096067 0.16284514 1.         0.01317455
  0.12974318 0.16563133 0.00831805]
 [0.09646276 0.14877683 0.08162432 0.01415627 0.07369763 0.16904016
  0.08479379 0.16642755 0.03295503 0.01234569 0.10415939 0.00710159
  0.15561612 0.01064291 0.08199108 0.02941368 0.01317455 1.
  0.00949469 0.06868525 0.05276608]
 [0.00717624 0.00688636 0.11277462 0.03319856 0.07063072 0.12525076
  0.1405849  0.08329288 0.1133644  0.08255593 0.04243756 0.15624647
  0.01254665 0.08243217 0.01973631 0.11061331 0.12974318 0.00949469
  1.         0.12427142 0.01209129]
 [0.01952359 0.12417241 0.15711848 0.04670945 0.01557022 0.10072999
  0.08297882 0.03637438 0.02366877 0.11320169 0.14529654 0.01063737
  0.16197265 0.04556531 0.00822878 0.13090162 0.16563133 0.06868525
  0.12427142 1.         0.02276264]
 [0.09072778 0.15960026 0.16287154 0.15034169 0.07139644 0.07735256
  0.04758608 0.00820123 0.08297098 0.1311815  0.01240075 0.03150927
  0.05683704 0.09798661 0.15427694 0.00913662 0.00831805 0.05276608
  0.01209129 0.02276264 1.        ]]
[[1.         0.01374555 0.10172049 0.15093323 0.01210291 0.07737781
  0.07941737 0.04526282 0.15249252 0.097306   0.01025048 0.16825858
  0.12304388 0.02029856 0.00729738 0.1037244  0.01290491 0.06017995
  0.11447075 0.07850714 0.12522272 0.00786544]
 [0.01374555 1.         0.11528098 0.12488538 0.05848252 0.02750421
  0.16759062 0.00782898 0.00699457 0.06203263 0.05160049 0.02601651
  0.02960177 0.08861174 0.13474788 0.09296069 0.07818857 0.01430855
  0.01314277 0.14245057 0.11607104 0.17080323]
 [0.10172049 0.11528098 1.         0.13330403 0.01620331 0.11908899
  0.01339646 0.11813267 0.01374962 0.05797167 0.01978836 0.09756907
  0.03996986 0.01836154 0.16499459 0.06490257 0.12610406 0.00746042
  0.13054389 0.10622269 0.08937954 0.05222182]
 [0.15093323 0.12488538 0.13330403 1.         0.01660255 0.12838278
  0.12946055 0.09425315 0.08271888 0.02993422 0.13318207 0.17480857
  0.11331908 0.10735883 0.05077315 0.01689592 0.01989129 0.01938327
  0.01529177 0.15226641 0.15782714 0.01557155]
 [0.01210291 0.05848252 0.01620331 0.01660255 1.         0.02144755
  0.1194322  0.04494929 0.15797759 0.0611859  0.09819689 0.05280143
  0.04393072 0.16415199 0.18722598 0.09036805 0.10536761 0.11222061
  0.12077609 0.12566322 0.01180817 0.11524896]
 [0.07737781 0.02750421 0.11908899 0.12838278 0.02144755 1.
  0.02281991 0.11346151 0.06272261 0.10115452 0.09709602 0.089813
  0.01711221 0.18355931 0.06087029 0.01513105 0.02561751 0.08259381
  0.14455217 0.00885996 0.16762124 0.12833751]
 [0.07941737 0.16759062 0.01339646 0.12946055 0.1194322  0.02281991
  1.         0.00608085 0.11039639 0.10058926 0.06302694 0.04923856
  0.10708842 0.16884468 0.01646805 0.15474541 0.01865612 0.15792873
  0.01819314 0.1401458  0.13260567 0.05188536]
 [0.04526282 0.00782898 0.11813267 0.09425315 0.04494929 0.11346151
  0.00608085 1.         0.16492419 0.00697309 0.12964007 0.12332502
  0.07213507 0.02926438 0.14566617 0.00611695 0.0747629  0.01452123
  0.12025858 0.06409935 0.01275603 0.00943183]
 [0.15249252 0.00699457 0.01374962 0.08271888 0.15797759 0.06272261
  0.11039639 0.16492419 1.         0.03269595 0.11477778 0.16145863
  0.15769404 0.10440948 0.02490842 0.02984504 0.02100435 0.18436803
  0.11156562 0.08568237 0.02487765 0.01061864]
 [0.097306   0.06203263 0.05797167 0.02993422 0.0611859  0.10115452
  0.10058926 0.00697309 0.03269595 1.         0.00506229 0.16528511
  0.00502712 0.17505395 0.04318514 0.12447698 0.00770611 0.05301753
  0.1322676  0.03049452 0.05005081 0.12345013]
 [0.01025048 0.05160049 0.01978836 0.13318207 0.09819689 0.09709602
  0.06302694 0.12964007 0.11477778 0.00506229 1.         0.01673359
  0.13050591 0.12872088 0.07277566 0.00976701 0.10561265 0.09376998
  0.02253081 0.03527246 0.07292892 0.06109845]
 [0.16825858 0.02601651 0.09756907 0.17480857 0.05280143 0.089813
  0.04923856 0.12332502 0.16145863 0.16528511 0.01673359 1.
  0.01596205 0.15133244 0.11508528 0.01619466 0.00603857 0.01095565
  0.07094833 0.15823597 0.01258827 0.00960898]
 [0.12304388 0.02960177 0.03996986 0.11331908 0.04393072 0.01711221
  0.10708842 0.07213507 0.15769404 0.00502712 0.13050591 0.01596205
  1.         0.00968792 0.01133655 0.10456088 0.1633992  0.101354
  0.04321075 0.15875405 0.12140535 0.01094066]
 [0.02029856 0.08861174 0.01836154 0.10735883 0.16415199 0.18355931
  0.16884468 0.02926438 0.10440948 0.17505395 0.12872088 0.15133244
  0.00968792 1.         0.12148313 0.01519409 0.00969955 0.07728868
  0.03430641 0.03292976 0.04034814 0.13147996]
 [0.00729738 0.13474788 0.16499459 0.05077315 0.18722598 0.06087029
  0.01646805 0.14566617 0.02490842 0.04318514 0.07277566 0.11508528
  0.01133655 0.12148313 1.         0.01727434 0.10595575 0.00686929
  0.07312814 0.12180585 0.00959916 0.09844221]
 [0.1037244  0.09296069 0.06490257 0.01689592 0.09036805 0.01513105
  0.15474541 0.00611695 0.02984504 0.12447698 0.00976701 0.01619466
  0.10456088 0.01519409 0.01727434 1.         0.1327225  0.13102065
  0.15899257 0.09455032 0.1276226  0.10811221]
 [0.01290491 0.07818857 0.12610406 0.01989129 0.10536761 0.02561751
  0.01865612 0.0747629  0.02100435 0.00770611 0.10561265 0.00603857
  0.1633992  0.00969955 0.10595575 0.1327225  1.         0.04749541
  0.13401227 0.06957088 0.06361635 0.12547642]
 [0.06017995 0.01430855 0.00746042 0.01938327 0.11222061 0.08259381
  0.15792873 0.01452123 0.18436803 0.05301753 0.09376998 0.01095565
  0.101354   0.07728868 0.00686929 0.13102065 0.04749541 1.
  0.13425522 0.01118112 0.15979927 0.11796141]
 [0.11447075 0.01314277 0.13054389 0.01529177 0.12077609 0.14455217
  0.01819314 0.12025858 0.11156562 0.1322676  0.02253081 0.07094833
  0.04321075 0.03430641 0.07312814 0.15899257 0.13401227 0.13425522
  1.         0.03261409 0.04483812 0.10843647]
 [0.07850714 0.14245057 0.10622269 0.15226641 0.12566322 0.00885996
  0.1401458  0.06409935 0.08568237 0.03049452 0.03527246 0.15823597
  0.15875405 0.03292976 0.12180585 0.09455032 0.06957088 0.01118112
  0.03261409 1.         0.02018305 0.01116962]
 [0.12522272 0.11607104 0.08937954 0.15782714 0.01180817 0.16762124
  0.13260567 0.01275603 0.02487765 0.05005081 0.07292892 0.01258827
  0.12140535 0.04034814 0.00959916 0.1276226  0.06361635 0.15979927
  0.04483812 0.02018305 1.         0.12767239]
 [0.00786544 0.17080323 0.05222182 0.01557155 0.11524896 0.12833751
  0.05188536 0.00943183 0.01061864 0.12345013 0.06109845 0.00960898
  0.01094066 0.13147996 0.09844221 0.10811221 0.12547642 0.11796141
  0.10843647 0.01116962 0.12767239 1.        ]]
[[1.         0.02986751 0.16196337 0.07497591 0.07051277 0.0870696
  0.12406473 0.01327326 0.14609065 0.18368298 0.13827243 0.1171431
  0.01443745 0.09626134 0.10562491 0.06953579 0.1618941  0.01711667
  0.02237612 0.04063932 0.12700026 0.00646522 0.07463881]
 [0.02986751 1.         0.07419848 0.09743413 0.01631714 0.02627307
  0.00679907 0.00797285 0.11345457 0.006839   0.1183378  0.01947165
  0.11258373 0.09771223 0.00914375 0.02420539 0.10919779 0.06230487
  0.13981977 0.14135994 0.17398159 0.10464379 0.09739774]
 [0.16196337 0.07419848 1.         0.01641837 0.01345464 0.10708239
  0.1558866  0.01165054 0.08739533 0.01632796 0.02201519 0.11639128
  0.04633871 0.09817266 0.05920521 0.12771203 0.10922615 0.01003782
  0.1712673  0.11678173 0.07290253 0.0233229  0.01043369]
 [0.07497591 0.09743413 0.01641837 1.         0.14759303 0.12493922
  0.0656472  0.0854587  0.17068478 0.11568636 0.14377174 0.02756653
  0.18846245 0.0085064  0.01453607 0.01601849 0.1165178  0.09920903
  0.03085882 0.1502586  0.06278058 0.03653827 0.12536772]
 [0.07051277 0.01631714 0.01345464 0.14759303 1.         0.01484527
  0.15418209 0.1240769  0.01944781 0.17885763 0.14984004 0.14102061
  0.06961545 0.04457523 0.03989711 0.09477726 0.1477957  0.05285113
  0.01428783 0.07426705 0.00621395 0.1459907  0.13460295]
 [0.0870696  0.02627307 0.10708239 0.12493922 0.01484527 1.
  0.14110423 0.0824238  0.10165051 0.15535831 0.0371629  0.01214628
  0.03612072 0.00690095 0.05275598 0.07604531 0.01212786 0.10489951
  0.13022227 0.12517606 0.17444814 0.01057484 0.01097759]
 [0.12406473 0.00679907 0.1558866  0.0656472  0.15418209 0.14110423
  1.         0.11187487 0.03774143 0.11289457 0.02005751 0.16966708
  0.07762284 0.01292016 0.05923821 0.12498937 0.09788849 0.01371827
  0.03880931 0.12521976 0.00814299 0.02650946 0.0100695 ]
 [0.01327326 0.00797285 0.01165054 0.0854587  0.1240769  0.0824238
  0.11187487 1.         0.05122156 0.14277097 0.01363796 0.07472964
  0.14242775 0.01210805 0.17376576 0.05369033 0.00760438 0.18977471
  0.1366998  0.02184357 0.01243115 0.10430062 0.06870479]
 [0.14609065 0.11345457 0.08739533 0.17068478 0.01944781 0.10165051
  0.03774143 0.05122156 1.         0.033807   0.02214491 0.12465116
  0.18425886 0.03786852 0.1092398  0.00816356 0.07592449 0.03295858
  0.13351466 0.0197296  0.17335069 0.01157812 0.17049749]
 [0.18368298 0.006839   0.01632796 0.11568636 0.17885763 0.15535831
  0.11289457 0.14277097 0.033807   1.         0.1783723  0.02882658
  0.01006437 0.02643505 0.14988084 0.1507224  0.01478445 0.18489019
  0.02478257 0.03487103 0.06648116 0.0197569  0.07797952]
 [0.13827243 0.1183378  0.02201519 0.14377174 0.14984004 0.0371629
  0.02005751 0.01363796 0.02214491 0.1783723  1.         0.01279669
  0.0115236  0.10208381 0.01804913 0.1403712  0.07822147 0.15828378
  0.02024994 0.14909355 0.13318468 0.06883739 0.13216388]
 [0.1171431  0.01947165 0.11639128 0.02756653 0.14102061 0.01214628
  0.16966708 0.07472964 0.12465116 0.02882658 0.01279669 1.
  0.14226372 0.13018735 0.19560466 0.03891084 0.17979171 0.00851733
  0.06296393 0.01524982 0.00879409 0.04983672 0.10682296]
 [0.01443745 0.11258373 0.04633871 0.18846245 0.06961545 0.03612072
  0.07762284 0.14242775 0.18425886 0.01006437 0.0115236  0.14226372
  1.         0.01497807 0.0226019  0.0117127  0.11999929 0.03034229
  0.14355666 0.08226526 0.01261285 0.12721478 0.06859925]
 [0.09626134 0.09771223 0.09817266 0.0085064  0.04457523 0.00690095
  0.01292016 0.01210805 0.03786852 0.02643505 0.10208381 0.13018735
  0.01497807 1.         0.14738485 0.14568718 0.05640083 0.04219448
  0.10113149 0.01767218 0.07539508 0.10409947 0.17314144]
 [0.10562491 0.00914375 0.05920521 0.01453607 0.03989711 0.05275598
  0.05923821 0.17376576 0.1092398  0.14988084 0.01804913 0.19560466
  0.0226019  0.14738485 1.         0.0928266  0.00918889 0.07807819
  0.168716   0.00504588 0.06390106 0.02683752 0.1234526 ]
 [0.06953579 0.02420539 0.12771203 0.01601849 0.09477726 0.07604531
  0.12498937 0.05369033 0.00816356 0.1507224  0.1403712  0.03891084
  0.0117127  0.14568718 0.0928266  1.         0.02332119 0.12178119
  0.10882363 0.14760945 0.04358351 0.15100146 0.02004096]
 [0.1618941  0.10919779 0.10922615 0.1165178  0.1477957  0.01212786
  0.09788849 0.00760438 0.07592449 0.01478445 0.07822147 0.17979171
  0.11999929 0.05640083 0.00918889 0.02332119 1.         0.00484021
  0.01451312 0.13358925 0.01359547 0.03672753 0.05735134]
 [0.01711667 0.06230487 0.01003782 0.09920903 0.05285113 0.10489951
  0.01371827 0.18977471 0.03295858 0.18489019 0.15828378 0.00851733
  0.03034229 0.04219448 0.07807819 0.12178119 0.00484021 1.
  0.17395031 0.05244796 0.15190122 0.15415727 0.12630688]
 [0.02237612 0.13981977 0.1712673  0.03085882 0.01428783 0.13022227
  0.03880931 0.1366998  0.13351466 0.02478257 0.02024994 0.06296393
  0.14355666 0.10113149 0.168716   0.10882363 0.01451312 0.17395031
  1.         0.05806396 0.14114983 0.15276918 0.05357844]
 [0.04063932 0.14135994 0.11678173 0.1502586  0.07426705 0.12517606
  0.12521976 0.02184357 0.0197296  0.03487103 0.14909355 0.01524982
  0.08226526 0.01767218 0.00504588 0.14760945 0.13358925 0.05244796
  0.05806396 1.         0.03662019 0.1126296  0.01097093]
 [0.12700026 0.17398159 0.07290253 0.06278058 0.00621395 0.17444814
  0.00814299 0.01243115 0.17335069 0.06648116 0.13318468 0.00879409
  0.01261285 0.07539508 0.06390106 0.04358351 0.01359547 0.15190122
  0.14114983 0.03662019 1.         0.01186156 0.07890564]
 [0.00646522 0.10464379 0.0233229  0.03653827 0.1459907  0.01057484
  0.02650946 0.10430062 0.01157812 0.0197569  0.06883739 0.04983672
  0.12721478 0.10409947 0.02683752 0.15100146 0.03672753 0.15415727
  0.15276918 0.1126296  0.01186156 1.         0.07765964]
 [0.07463881 0.09739774 0.01043369 0.12536772 0.13460295 0.01097759
  0.0100695  0.06870479 0.17049749 0.07797952 0.13216388 0.10682296
  0.06859925 0.17314144 0.1234526  0.02004096 0.05735134 0.12630688
  0.05357844 0.01097093 0.07890564 0.07765964 1.        ]]
[[1.         0.09508343 0.14754818 0.10854356 0.01153795 0.02274481
  0.17220665 0.15158141 0.04178627 0.09876317 0.12962211 0.04426227
  0.15392588 0.03673453 0.10643802 0.19020327 0.0105872  0.09344309
  0.00695274 0.01274594 0.17192193 0.01609764 0.00838887 0.11683741]
 [0.09508343 1.         0.20688136 0.02760203 0.03935353 0.01018921
  0.14691618 0.10673142 0.16176966 0.14719636 0.01344867 0.0989269
  0.10387401 0.10638567 0.18660826 0.1711347  0.02952012 0.01341516
  0.16874428 0.03017125 0.02822529 0.0409658  0.11631322 0.02068682]
 [0.14754818 0.20688136 1.         0.02066682 0.00971789 0.00609997
  0.18480423 0.02495533 0.15975403 0.16232686 0.0287642  0.01736585
  0.08211551 0.14069355 0.07515502 0.01898956 0.03582036 0.09981156
  0.02277045 0.01637889 0.11967484 0.14704024 0.05065203 0.15391825]
 [0.10854356 0.02760203 0.02066682 1.         0.10303027 0.08561234
  0.20167399 0.13172896 0.13662069 0.09942061 0.13047878 0.05221127
  0.05628304 0.01232751 0.00924315 0.15925792 0.1346601  0.16176822
  0.0397401  0.01467746 0.03925539 0.02648205 0.01290122 0.00935184]
 [0.01153795 0.03935353 0.00971789 0.10303027 1.         0.12540336
  0.0145282  0.02620354 0.065016   0.13901781 0.18242163 0.04220207
  0.10814316 0.01007323 0.05398384 0.18060015 0.057525   0.02791659
  0.1603711  0.114261   0.01056811 0.16176797 0.11703812 0.01706822]
 [0.02274481 0.01018921 0.00609997 0.08561234 0.12540336 1.
  0.01950411 0.1342433  0.01556651 0.01070291 0.13970475 0.1684662
  0.01902509 0.08884009 0.06551281 0.07290944 0.13872957 0.13755417
  0.08443439 0.15629012 0.10385207 0.08012846 0.04493728 0.04628986]
 [0.17220665 0.14691618 0.18480423 0.20167399 0.0145282  0.01950411
  1.         0.07468044 0.1026849  0.16610403 0.03136303 0.15040033
  0.01601994 0.06546104 0.0294411  0.06399623 0.19509311 0.07736499
  0.0299648  0.00312105 0.17814618 0.03078107 0.061556   0.01214061]
 [0.15158141 0.10673142 0.02495533 0.13172896 0.02620354 0.1342433
  0.07468044 1.         0.09636053 0.01105275 0.02362497 0.11893161
  0.07574662 0.14977306 0.05551697 0.19788002 0.04437826 0.09381399
  0.13341335 0.10499657 0.04066708 0.01202724 0.00897716 0.02409479]
 [0.04178627 0.16176966 0.15975403 0.13662069 0.065016   0.01556651
  0.1026849  0.09636053 1.         0.08475979 0.01768479 0.01123687
  0.16657373 0.06622385 0.01187882 0.04157874 0.08984712 0.13837615
  0.20963578 0.07273469 0.01033949 0.09960372 0.02016621 0.02160321]
 [0.09876317 0.14719636 0.16232686 0.09942061 0.13901781 0.01070291
  0.16610403 0.01105275 0.08475979 1.         0.17482951 0.03651682
  0.10968055 0.00977646 0.07728469 0.13570145 0.03826205 0.02749661
  0.02269541 0.00750236 0.05299302 0.12332012 0.14413462 0.03190853]
 [0.12962211 0.01344867 0.0287642  0.13047878 0.18242163 0.13970475
  0.03136303 0.02362497 0.01768479 0.17482951 1.         0.03452386
  0.12498112 0.01034492 0.09647346 0.14557052 0.0251155  0.11685883
  0.00909346 0.03759803 0.13255112 0.12577463 0.03588676 0.16131412]
 [0.04426227 0.0989269  0.01736585 0.05221127 0.04220207 0.1684662
  0.15040033 0.11893161 0.01123687 0.03651682 0.03452386 1.
  0.00624729 0.10505687 0.17178797 0.15290517 0.14852965 0.01725818
  0.08375172 0.01326079 0.17119774 0.02387633 0.21266345 0.00905163]
 [0.15392588 0.10387401 0.08211551 0.05628304 0.10814316 0.01902509
  0.01601994 0.07574662 0.16657373 0.10968055 0.12498112 0.00624729
  1.         0.01808189 0.07808763 0.18050894 0.00493945 0.06311025
  0.0395146  0.15822446 0.01163613 0.06557886 0.00906792 0.13866164]
 [0.03673453 0.10638567 0.14069355 0.01232751 0.01007323 0.08884009
  0.06546104 0.14977306 0.06622385 0.00977646 0.01034492 0.10505687
  0.01808189 1.         0.10700043 0.01590383 0.12022216 0.1217459
  0.14213943 0.10933072 0.14331393 0.10423312 0.06428759 0.0933361 ]
 [0.10643802 0.18660826 0.07515502 0.00924315 0.05398384 0.06551281
  0.0294411  0.05551697 0.01187882 0.07728469 0.09647346 0.17178797
  0.07808763 0.10700043 1.         0.18095832 0.0129506  0.01602424
  0.04153691 0.06725597 0.14243279 0.07811821 0.17071369 0.15544079]
 [0.19020327 0.1711347  0.01898956 0.15925792 0.18060015 0.07290944
  0.06399623 0.19788002 0.04157874 0.13570145 0.14557052 0.15290517
  0.18050894 0.01590383 0.18095832 1.         0.01686485 0.0180176
  0.06441472 0.04044259 0.031705   0.01762547 0.04078911 0.01945748]
 [0.0105872  0.02952012 0.03582036 0.1346601  0.057525   0.13872957
  0.19509311 0.04437826 0.08984712 0.03826205 0.0251155  0.14852965
  0.00493945 0.12022216 0.0129506  0.01686485 1.         0.13682922
  0.14794175 0.01853059 0.0898398  0.13372328 0.1403216  0.00841946]
 [0.09344309 0.01341516 0.09981156 0.16176822 0.02791659 0.13755417
  0.07736499 0.09381399 0.13837615 0.02749661 0.11685883 0.01725818
  0.06311025 0.1217459  0.01602424 0.0180176  0.13682922 1.
  0.02922102 0.08179429 0.14415752 0.15873482 0.01027008 0.17686205]
 [0.00695274 0.16874428 0.02277045 0.0397401  0.1603711  0.08443439
  0.0299648  0.13341335 0.20963578 0.02269541 0.00909346 0.08375172
  0.0395146  0.14213943 0.04153691 0.06441472 0.14794175 0.02922102
  1.         0.19745354 0.0082076  0.08857462 0.10775802 0.00793444]
 [0.01274594 0.03017125 0.01637889 0.01467746 0.114261   0.15629012
  0.00312105 0.10499657 0.07273469 0.00750236 0.03759803 0.01326079
  0.15822446 0.10933072 0.06725597 0.04044259 0.01853059 0.08179429
  0.19745354 1.         0.01021368 0.12862813 0.01657755 0.1107822 ]
 [0.17192193 0.02822529 0.11967484 0.03925539 0.01056811 0.10385207
  0.17814618 0.04066708 0.01033949 0.05299302 0.13255112 0.17119774
  0.01163613 0.14331393 0.14243279 0.031705   0.0898398  0.14415752
  0.0082076  0.01021368 1.         0.08000651 0.07218185 0.15473752]
 [0.01609764 0.0409658  0.14704024 0.02648205 0.16176797 0.08012846
  0.03078107 0.01202724 0.09960372 0.12332012 0.12577463 0.02387633
  0.06557886 0.10423312 0.07811821 0.01762547 0.13372328 0.15873482
  0.08857462 0.12862813 0.08000651 1.         0.20722408 0.18591366]
 [0.00838887 0.11631322 0.05065203 0.01290122 0.11703812 0.04493728
  0.061556   0.00897716 0.02016621 0.14413462 0.03588676 0.21266345
  0.00906792 0.06428759 0.17071369 0.04078911 0.1403216  0.01027008
  0.10775802 0.01657755 0.07218185 0.20722408 1.         0.01569007]
 [0.11683741 0.02068682 0.15391825 0.00935184 0.01706822 0.04628986
  0.01214061 0.02409479 0.02160321 0.03190853 0.16131412 0.00905163
  0.13866164 0.0933361  0.15544079 0.01945748 0.00841946 0.17686205
  0.00793444 0.1107822  0.15473752 0.18591366 0.01569007 1.        ]]
[[1.         0.10195936 0.13860492 0.1149504  0.12796617 0.01913352
  0.10114393 0.06437185 0.10413729 0.07189513 0.02097845 0.01556741
  0.17003711 0.00897324 0.0184894  0.01744859 0.11325685 0.09141867
  0.11456113 0.01315749 0.20668202 0.15937237 0.14444969 0.01706359
  0.15748181]
 [0.10195936 1.         0.00898778 0.13553095 0.18350065 0.09287994
  0.16789074 0.0139468  0.09836248 0.03675891 0.0862616  0.08893834
  0.02161263 0.14471567 0.01065632 0.08809375 0.08751398 0.0095979
  0.12944666 0.02182603 0.16058992 0.0853125  0.18496464 0.01193779
  0.01818572]
 [0.13860492 0.00898778 1.         0.05206247 0.06002607 0.01209325
  0.07181629 0.16121519 0.02609435 0.07575436 0.13581559 0.00993659
  0.17028419 0.01021201 0.12221205 0.01243272 0.16355413 0.07697579
  0.12233248 0.11091432 0.00873096 0.03486122 0.04981298 0.12258438
  0.16821753]
 [0.1149504  0.13553095 0.05206247 1.         0.08382284 0.05316883
  0.1778813  0.05698222 0.04033643 0.01102004 0.11022078 0.16948288
  0.1689855  0.01102854 0.17049748 0.10549461 0.15977355 0.0418709
  0.01552202 0.01818576 0.10891974 0.01728777 0.1579216  0.01422394
  0.01615507]
 [0.12796617 0.18350065 0.06002607 0.08382284 1.         0.01298645
  0.01939906 0.01347427 0.01690954 0.16331939 0.14175584 0.13760961
  0.19327129 0.12740845 0.01628694 0.05074033 0.11678312 0.02848526
  0.12176688 0.01575523 0.03749469 0.13132531 0.16442183 0.10430708
  0.01287662]
 [0.01913352 0.09287994 0.01209325 0.05316883 0.01298645 1.
  0.14765637 0.14181418 0.09654721 0.02314235 0.05399482 0.12702914
  0.02334549 0.11348409 0.14583759 0.17023217 0.01524245 0.0570882
  0.03632486 0.16407496 0.16317875 0.11810434 0.0601732  0.06133826
  0.1137585 ]
 [0.10114393 0.16789074 0.07181629 0.1778813  0.01939906 0.14765637
  1.         0.13470057 0.15530789 0.01197778 0.14334795 0.01687157
  0.01700442 0.02302374 0.07195358 0.03691915 0.13701277 0.01394461
  0.14660445 0.12018186 0.06052747 0.02363813 0.12086975 0.01146523
  0.11425994]
 [0.06437185 0.0139468  0.16121519 0.05698222 0.01347427 0.14181418
  0.13470057 1.         0.01232779 0.00813848 0.07423668 0.03486012
  0.1202294  0.00832134 0.17757725 0.0091555  0.01114117 0.04068811
  0.06123291 0.06419512 0.03614504 0.09065154 0.19791583 0.1363565
  0.18034621]
 [0.10413729 0.09836248 0.02609435 0.04033643 0.01690954 0.09654721
  0.15530789 0.01232779 1.         0.1373857  0.01498406 0.00811935
  0.01006346 0.04617788 0.03079188 0.17803536 0.19483773 0.11728884
  0.05302071 0.13564466 0.16629023 0.04366317 0.00790413 0.00554725
  0.22393467]
 [0.07189513 0.03675891 0.07575436 0.01102004 0.16331939 0.02314235
  0.01197778 0.00813848 0.1373857  1.         0.03365144 0.02169504
  0.05399517 0.19101222 0.02297177 0.12592291 0.14241601 0.19420385
  0.09899641 0.12074484 0.03688727 0.15368109 0.00919175 0.09780661
  0.11635383]
 [0.02097845 0.0862616  0.13581559 0.11022078 0.14175584 0.05399482
  0.14334795 0.07423668 0.01498406 0.03365144 1.         0.09242285
  0.05191691 0.1329925  0.11730191 0.04981931 0.14482061 0.00895876
  0.17114228 0.1694558  0.00637842 0.02218516 0.14193743 0.15991462
  0.01964646]
 [0.01556741 0.08893834 0.00993659 0.16948288 0.13760961 0.12702914
  0.01687157 0.03486012 0.00811935 0.02169504 0.09242285 1.
  0.17797163 0.08942627 0.12581256 0.19045719 0.01760654 0.04287625
  0.00905269 0.01747889 0.07748148 0.07183763 0.12067629 0.11481536
  0.0062631 ]
 [0.17003711 0.02161263 0.17028419 0.1689855  0.19327129 0.02334549
  0.01700442 0.1202294  0.01006346 0.05399517 0.05191691 0.17797163
  1.         0.01185135 0.14421773 0.03853737 0.04289303 0.19399909
  0.02003319 0.01366698 0.07316212 0.12622421 0.14876018 0.16752668
  0.041099  ]
 [0.00897324 0.14471567 0.01021201 0.01102854 0.12740845 0.11348409
  0.02302374 0.00832134 0.04617788 0.19101222 0.1329925  0.08942627
  0.01185135 1.         0.01846337 0.16349268 0.04112572 0.01690879
  0.12379976 0.15249365 0.02057311 0.10417811 0.02531598 0.12102973
  0.02206449]
 [0.0184894  0.01065632 0.12221205 0.17049748 0.01628694 0.14583759
  0.07195358 0.17757725 0.03079188 0.02297177 0.11730191 0.12581256
  0.14421773 0.01846337 1.         0.15665322 0.06291443 0.16420137
  0.00968206 0.17271177 0.02944745 0.01900901 0.02843048 0.10899778
  0.06584567]
 [0.01744859 0.08809375 0.01243272 0.10549461 0.05074033 0.17023217
  0.03691915 0.0091555  0.17803536 0.12592291 0.04981931 0.19045719
  0.03853737 0.16349268 0.15665322 1.         0.12460136 0.16357204
  0.0106262  0.12204636 0.11039015 0.0345921  0.01036606 0.03082817
  0.02915815]
 [0.11325685 0.08751398 0.16355413 0.15977355 0.11678312 0.01524245
  0.13701277 0.01114117 0.19483773 0.14241601 0.14482061 0.01760654
  0.04289303 0.04112572 0.06291443 0.12460136 1.         0.05351432
  0.08024767 0.11241377 0.02379931 0.01265444 0.02035949 0.01507007
  0.047294  ]
 [0.09141867 0.0095979  0.07697579 0.0418709  0.02848526 0.0570882
  0.01394461 0.04068811 0.11728884 0.19420385 0.00895876 0.04287625
  0.19399909 0.01690879 0.16420137 0.16357204 0.05351432 1.
  0.0091778  0.06024657 0.14898799 0.10840886 0.00881824 0.0583608
  0.20084211]
 [0.11456113 0.12944666 0.12233248 0.01552202 0.12176688 0.03632486
  0.14660445 0.06123291 0.05302071 0.09899641 0.17114228 0.00905269
  0.02003319 0.12379976 0.00968206 0.0106262  0.08024767 0.0091778
  1.         0.11011375 0.0167262  0.1343171  0.13048825 0.07756001
  0.12497709]
 [0.01315749 0.02182603 0.11091432 0.01818576 0.01575523 0.16407496
  0.12018186 0.06419512 0.13564466 0.12074484 0.1694558  0.01747889
  0.01366698 0.15249365 0.17271177 0.12204636 0.11241377 0.06024657
  0.11011375 1.         0.0116611  0.03129777 0.01077153 0.10990445
  0.19894467]
 [0.20668202 0.16058992 0.00873096 0.10891974 0.03749469 0.16317875
  0.06052747 0.03614504 0.16629023 0.03688727 0.00637842 0.07748148
  0.07316212 0.02057311 0.02944745 0.11039015 0.02379931 0.14898799
  0.0167262  0.0116611  1.         0.20805233 0.06649365 0.00990075
  0.08698705]
 [0.15937237 0.0853125  0.03486122 0.01728777 0.13132531 0.11810434
  0.02363813 0.09065154 0.04366317 0.15368109 0.02218516 0.07183763
  0.12622421 0.10417811 0.01900901 0.0345921  0.01265444 0.10840886
  0.1343171  0.03129777 0.20805233 1.         0.13681556 0.17216842
  0.16795262]
 [0.14444969 0.18496464 0.04981298 0.1579216  0.16442183 0.0601732
  0.12086975 0.19791583 0.00790413 0.00919175 0.14193743 0.12067629
  0.14876018 0.02531598 0.02843048 0.01036606 0.02035949 0.00881824
  0.13048825 0.01077153 0.06649365 0.13681556 1.         0.07087577
  0.02392058]
 [0.01706359 0.01193779 0.12258438 0.01422394 0.10430708 0.06133826
  0.01146523 0.1363565  0.00554725 0.09780661 0.15991462 0.11481536
  0.16752668 0.12102973 0.10899778 0.03082817 0.01507007 0.0583608
  0.07756001 0.10990445 0.00990075 0.17216842 0.07087577 1.
  0.05477686]
 [0.15748181 0.01818572 0.16821753 0.01615507 0.01287662 0.1137585
  0.11425994 0.18034621 0.22393467 0.11635383 0.01964646 0.0062631
  0.041099   0.02206449 0.06584567 0.02915815 0.047294   0.20084211
  0.12497709 0.19894467 0.08698705 0.16795262 0.02392058 0.05477686
  1.        ]]
[[1.         0.13169051 0.01420237 0.01201793 0.00778059 0.14599609
  0.16862783 0.03050614 0.19112478 0.11207947 0.16236477 0.17257331
  0.03475323 0.02557552 0.09835561 0.11919549 0.01188718 0.0422847
  0.01598863 0.09348832 0.01309167 0.12626166 0.15378477 0.03506234
  0.12472797 0.00777254]
 [0.13169051 1.         0.20677929 0.02913953 0.10446843 0.0525541
  0.1108496  0.0774094  0.02116223 0.12200057 0.02497497 0.19430295
  0.1572628  0.11973525 0.11814283 0.16169124 0.01190127 0.03743863
  0.0190932  0.02964213 0.12444871 0.02209712 0.18703811 0.00504808
  0.21106198 0.0151434 ]
 [0.01420237 0.20677929 1.         0.09800535 0.15547147 0.10442985
  0.02736111 0.12195269 0.00928521 0.01392321 0.04511289 0.07080347
  0.03823767 0.10534756 0.03364433 0.16176555 0.01637887 0.1336413
  0.07598903 0.01892227 0.19424396 0.01797636 0.04765042 0.02424314
  0.10560349 0.15448128]
 [0.01201793 0.02913953 0.09800535 1.         0.16718852 0.09823551
  0.15964097 0.01790719 0.07299544 0.02384593 0.01597236 0.0154762
  0.15007301 0.20587939 0.18398358 0.08335687 0.10797242 0.21983329
  0.15333073 0.03410149 0.10824725 0.04516646 0.02102646 0.16903986
  0.00832712 0.08669099]
 [0.00778059 0.10446843 0.15547147 0.16718852 1.         0.01288969
  0.02030304 0.12794693 0.03612353 0.14766053 0.01165549 0.11694764
  0.21372195 0.1938659  0.10704207 0.0247265  0.13029881 0.17026031
  0.0431352  0.01119609 0.08512936 0.04868113 0.03612034 0.00845158
  0.03573637 0.12566116]
 [0.14599609 0.0525541  0.10442985 0.09823551 0.01288969 1.
  0.12256799 0.01126628 0.04341278 0.01184241 0.12242598 0.05684371
  0.00943119 0.10231519 0.11017234 0.13363122 0.00881604 0.16257283
  0.026064   0.09416679 0.02840344 0.14855251 0.01857134 0.19172989
  0.08319619 0.0772454 ]
 [0.16862783 0.1108496  0.02736111 0.15964097 0.02030304 0.12256799
  1.         0.00785913 0.10559032 0.06895188 0.02977953 0.0150012
  0.1454594  0.14003717 0.14609876 0.133192   0.05052952 0.02548666
  0.06832904 0.19533305 0.14909387 0.03852167 0.14850095 0.11660341
  0.03536175 0.01011317]
 [0.03050614 0.0774094  0.12195269 0.01790719 0.12794693 0.01126628
  0.00785913 1.         0.09405499 0.06036424 0.16352533 0.19868304
  0.06799705 0.00886108 0.01202099 0.10053599 0.05570567 0.13343372
  0.15301744 0.00936263 0.03750139 0.02519164 0.18753761 0.01343614
  0.05551647 0.06356843]
 [0.19112478 0.02116223 0.00928521 0.07299544 0.03612353 0.04341278
  0.10559032 0.09405499 1.         0.14515452 0.18896989 0.08477082
  0.1125519  0.01906258 0.08157619 0.079233   0.16833714 0.15379615
  0.14921696 0.06335909 0.01616192 0.16556278 0.14385134 0.1485759
  0.01889142 0.0269596 ]
 [0.11207947 0.12200057 0.01392321 0.02384593 0.14766053 0.01184241
  0.06895188 0.06036424 0.14515452 1.         0.03793239 0.16113388
  0.12928616 0.12704496 0.08029694 0.01129092 0.18926257 0.0311337
  0.01494035 0.09619585 0.04651429 0.17749108 0.166476   0.00901394
  0.14054032 0.03188043]
 [0.16236477 0.02497497 0.04511289 0.01597236 0.01165549 0.12242598
  0.02977953 0.16352533 0.18896989 0.03793239 1.         0.08611618
  0.00775438 0.01279164 0.00873199 0.07705057 0.05680398 0.09436979
  0.12031476 0.14271138 0.0301853  0.15722656 0.15043796 0.18668521
  0.14805104 0.12159855]
 [0.17257331 0.19430295 0.07080347 0.0154762  0.11694764 0.05684371
  0.0150012  0.19868304 0.08477082 0.16113388 0.08611618 1.
  0.05092044 0.04006722 0.13660061 0.06298906 0.01422209 0.21970109
  0.0104798  0.0118195  0.00860811 0.159322   0.05238954 0.00607897
  0.14663935 0.04225033]
 [0.03475323 0.1572628  0.03823767 0.15007301 0.21372195 0.00943119
  0.1454594  0.06799705 0.1125519  0.12928616 0.00775438 0.05092044
  1.         0.05510659 0.19445385 0.12284915 0.0676167  0.0619827
  0.0889223  0.00974771 0.07170478 0.01162297 0.13764685 0.01047394
  0.00909051 0.00651198]
 [0.02557552 0.11973525 0.10534756 0.20587939 0.1938659  0.10231519
  0.14003717 0.00886108 0.01906258 0.12704496 0.01279164 0.04006722
  0.05510659 1.         0.16388705 0.01599512 0.08051033 0.05602182
  0.01345463 0.13476102 0.1714482  0.13455342 0.02492954 0.0311597
  0.12214285 0.13224934]
 [0.09835561 0.11814283 0.03364433 0.18398358 0.10704207 0.11017234
  0.14609876 0.01202099 0.08157619 0.08029694 0.00873199 0.13660061
  0.19445385 0.16388705 1.         0.0809128  0.01450987 0.19081448
  0.01083962 0.01278181 0.01295888 0.08717    0.01619954 0.01698505
  0.0167549  0.01253721]
 [0.11919549 0.16169124 0.16176555 0.08335687 0.0247265  0.13363122
  0.133192   0.10053599 0.079233   0.01129092 0.07705057 0.06298906
  0.12284915 0.01599512 0.0809128  1.         0.00825784 0.13015199
  0.18254328 0.01374133 0.05251719 0.0106772  0.13356637 0.0589773
  0.02152333 0.01081558]
 [0.01188718 0.01190127 0.01637887 0.10797242 0.13029881 0.00881604
  0.05052952 0.05570567 0.16833714 0.18926257 0.05680398 0.01422209
  0.0676167  0.08051033 0.01450987 0.00825784 1.         0.03984157
  0.15263618 0.14492272 0.12865835 0.09481489 0.10579018 0.09260503
  0.02802579 0.13683435]
 [0.0422847  0.03743863 0.1336413  0.21983329 0.17026031 0.16257283
  0.02548666 0.13343372 0.15379615 0.0311337  0.09436979 0.21970109
  0.0619827  0.05602182 0.19081448 0.13015199 0.03984157 1.
  0.08437179 0.01198339 0.01500381 0.15638006 0.0189452  0.08609702
  0.02300359 0.15752499]
 [0.01598863 0.0190932  0.07598903 0.15333073 0.0431352  0.026064
  0.06832904 0.15301744 0.14921696 0.01494035 0.12031476 0.0104798
  0.0889223  0.01345463 0.01083962 0.18254328 0.15263618 0.08437179
  1.         0.03760909 0.14961189 0.01239885 0.17863324 0.22600337
  0.01004916 0.05244272]
 [0.09348832 0.02964213 0.01892227 0.03410149 0.01119609 0.09416679
  0.19533305 0.00936263 0.06335909 0.09619585 0.14271138 0.0118195
  0.00974771 0.13476102 0.01278181 0.01374133 0.14492272 0.01198339
  0.03760909 1.         0.15858547 0.15818873 0.12234733 0.173245
  0.20075785 0.08244449]
 [0.01309167 0.12444871 0.19424396 0.10824725 0.08512936 0.02840344
  0.14909387 0.03750139 0.01616192 0.04651429 0.0301853  0.00860811
  0.07170478 0.1714482  0.01295888 0.05251719 0.12865835 0.01500381
  0.14961189 0.15858547 1.         0.01273158 0.20276201 0.04949094
  0.09244822 0.07417686]
 [0.12626166 0.02209712 0.01797636 0.04516646 0.04868113 0.14855251
  0.03852167 0.02519164 0.16556278 0.17749108 0.15722656 0.159322
  0.01162297 0.13455342 0.08717    0.0106772  0.09481489 0.15638006
  0.01239885 0.15818873 0.01273158 1.         0.02308783 0.08313949
  0.13785872 0.19130685]
 [0.15378477 0.18703811 0.04765042 0.02102646 0.03612034 0.01857134
  0.14850095 0.18753761 0.14385134 0.166476   0.15043796 0.05238954
  0.13764685 0.02492954 0.01619954 0.13356637 0.10579018 0.0189452
  0.17863324 0.12234733 0.20276201 0.02308783 1.         0.03431262
  0.1206619  0.01714101]
 [0.03506234 0.00504808 0.02424314 0.16903986 0.00845158 0.19172989
  0.11660341 0.01343614 0.1485759  0.00901394 0.18668521 0.00607897
  0.01047394 0.0311597  0.01698505 0.0589773  0.09260503 0.08609702
  0.22600337 0.173245   0.04949094 0.08313949 0.03431262 1.
  0.01435808 0.09525912]
 [0.12472797 0.21106198 0.10560349 0.00832712 0.03573637 0.08319619
  0.03536175 0.05551647 0.01889142 0.14054032 0.14805104 0.14663935
  0.00909051 0.12214285 0.0167549  0.02152333 0.02802579 0.02300359
  0.01004916 0.20075785 0.09244822 0.13785872 0.1206619  0.01435808
  1.         0.10843806]
 [0.00777254 0.0151434  0.15448128 0.08669099 0.12566116 0.0772454
  0.01011317 0.06356843 0.0269596  0.03188043 0.12159855 0.04225033
  0.00651198 0.13224934 0.01253721 0.01081558 0.13683435 0.15752499
  0.05244272 0.08244449 0.07417686 0.19130685 0.01714101 0.09525912
  0.10843806 1.        ]]
[[1.         0.01655307 0.18464663 0.04545436 0.06942008 0.08625485
  0.01144718 0.11055792 0.07569939 0.01787413 0.13443565 0.20965543
  0.17123853 0.03275169 0.15733967 0.21086825 0.16103286 0.07247647
  0.10184063 0.01220539 0.18323202 0.01296231 0.09661522 0.02741051
  0.02675186 0.032549   0.02339095]
 [0.01655307 1.         0.18674354 0.12351698 0.07944473 0.11057093
  0.11029793 0.04507812 0.00810088 0.14787353 0.02950298 0.01871643
  0.21263488 0.06176337 0.11120656 0.02615456 0.03457399 0.17303567
  0.0111425  0.09016427 0.04297458 0.10987904 0.01084369 0.22610772
  0.19435429 0.02605396 0.0858066 ]
 [0.18464663 0.18674354 1.         0.17433207 0.14482637 0.17398756
  0.03678556 0.0841039  0.01375853 0.01795461 0.03033767 0.14919142
  0.15117671 0.01414377 0.11091159 0.19435611 0.01930769 0.13376804
  0.10678753 0.1915215  0.10810786 0.04546116 0.02377026 0.10345737
  0.05825204 0.03467766 0.12830556]
 [0.04545436 0.12351698 0.17433207 1.         0.00739849 0.00994585
  0.12792695 0.1463335  0.04297177 0.01925709 0.00978016 0.02134356
  0.10637    0.13006398 0.12795094 0.18166552 0.02593998 0.02632949
  0.07622    0.10686575 0.09730304 0.00983938 0.00711827 0.07219328
  0.08157136 0.10458688 0.08203214]
 [0.06942008 0.07944473 0.14482637 0.00739849 1.         0.17027951
  0.00803093 0.00303045 0.00513062 0.01783872 0.1710523  0.08007519
  0.05681242 0.01138304 0.01928454 0.03776146 0.02649368 0.06801876
  0.02418291 0.05740267 0.15757746 0.18888797 0.13639793 0.18352677
  0.10918973 0.03742431 0.01388402]
 [0.08625485 0.11057093 0.17398756 0.00994585 0.17027951 1.
  0.01562595 0.04413598 0.01781581 0.15119551 0.18523264 0.17050983
  0.0459864  0.01297731 0.15996213 0.01147856 0.02780317 0.13445785
  0.06228289 0.02768855 0.01964172 0.15510653 0.02029822 0.12235102
  0.01370611 0.0130542  0.19467513]
 [0.01144718 0.11029793 0.03678556 0.12792695 0.00803093 0.01562595
  1.         0.16053541 0.18836972 0.14293127 0.01741516 0.07844888
  0.02549102 0.09209346 0.02415943 0.10483313 0.07834341 0.17268752
  0.01313198 0.17359677 0.01044683 0.1393608  0.04899592 0.02681255
  0.18589164 0.15036772 0.1099532 ]
 [0.11055792 0.04507812 0.0841039  0.1463335  0.00303045 0.04413598
  0.16053541 1.         0.19325218 0.10667139 0.01804194 0.11042861
  0.08012594 0.04906733 0.19828685 0.09045912 0.1097366  0.15384026
  0.03388422 0.01930017 0.00944189 0.01274151 0.011478   0.00939406
  0.01759112 0.02074652 0.14745779]
 [0.07569939 0.00810088 0.01375853 0.04297177 0.00513062 0.01781581
  0.18836972 0.19325218 1.         0.10497964 0.10611403 0.19430103
  0.01278495 0.1596539  0.05658064 0.09445569 0.19888088 0.0430284
  0.07370623 0.02300409 0.02019133 0.04729841 0.10315742 0.01561205
  0.03136202 0.21663826 0.07402586]
 [0.01787413 0.14787353 0.01795461 0.01925709 0.01783872 0.15119551
  0.14293127 0.10667139 0.10497964 1.         0.15366522 0.04449014
  0.04863238 0.15554794 0.1677338  0.00706081 0.15593412 0.14019631
  0.0131056  0.01222532 0.00892342 0.16281897 0.02134727 0.08043883
  0.04654635 0.03259974 0.12786298]
 [0.13443565 0.02950298 0.03033767 0.00978016 0.1710523  0.18523264
  0.01741516 0.01804194 0.10611403 0.15366522 1.         0.11765173
  0.04210207 0.14858903 0.13044583 0.02132722 0.1671345  0.03638262
  0.09695116 0.01233329 0.13280252 0.15300705 0.15202497 0.2058011
  0.04655231 0.11715771 0.04099484]
 [0.20965543 0.01871643 0.14919142 0.02134356 0.08007519 0.17050983
  0.07844888 0.11042861 0.19430103 0.04449014 0.11765173 1.
  0.01811051 0.01388715 0.03622739 0.18367855 0.06472514 0.17633063
  0.12244273 0.11426665 0.02687669 0.16127304 0.19966771 0.02489068
  0.03056232 0.09251629 0.14212154]
 [0.17123853 0.21263488 0.15117671 0.10637    0.05681242 0.0459864
  0.02549102 0.08012594 0.01278495 0.04863238 0.04210207 0.01811051
  1.         0.07499318 0.19125103 0.07893841 0.20432669 0.15001042
  0.00801008 0.00929257 0.16065209 0.01211389 0.02669047 0.05522901
  0.14692686 0.01181158 0.01028206]
 [0.03275169 0.06176337 0.01414377 0.13006398 0.01138304 0.01297731
  0.09209346 0.04906733 0.1596539  0.15554794 0.14858903 0.01388715
  0.07499318 1.         0.18087239 0.03116993 0.18699389 0.01563752
  0.04519615 0.01331115 0.1303338  0.03150361 0.03009865 0.16338074
  0.11610385 0.22305196 0.03223909]
 [0.15733967 0.11120656 0.11091159 0.12795094 0.01928454 0.15996213
  0.02415943 0.19828685 0.05658064 0.1677338  0.13044583 0.03622739
  0.19125103 0.18087239 1.         0.02187329 0.08612879 0.03874467
  0.12096583 0.00886696 0.07407687 0.01566678 0.00653354 0.14516766
  0.0172474  0.02702956 0.14337367]
 [0.21086825 0.02615456 0.19435611 0.18166552 0.03776146 0.01147856
  0.10483313 0.09045912 0.09445569 0.00706081 0.02132722 0.18367855
  0.07893841 0.03116993 0.02187329 1.         0.08194158 0.09409722
  0.04931251 0.14583731 0.14236971 0.02486498 0.17199543 0.01787203
  0.15753142 0.14215819 0.02123538]
 [0.16103286 0.03457399 0.01930769 0.02593998 0.02649368 0.02780317
  0.07834341 0.1097366  0.19888088 0.15593412 0.1671345  0.06472514
  0.20432669 0.18699389 0.08612879 0.08194158 1.         0.16677703
  0.00810914 0.00544299 0.06889281 0.0373746  0.20735765 0.02098779
  0.1477972  0.04731128 0.00934303]
 [0.07247647 0.17303567 0.13376804 0.02632949 0.06801876 0.13445785
  0.17268752 0.15384026 0.0430284  0.14019631 0.03638262 0.17633063
  0.15001042 0.01563752 0.03874467 0.09409722 0.16677703 1.
  0.00510644 0.052089   0.01391793 0.14149306 0.09931489 0.01800838
  0.14019513 0.01547082 0.04644186]
 [0.10184063 0.0111425  0.10678753 0.07622    0.02418291 0.06228289
  0.01313198 0.03388422 0.07370623 0.0131056  0.09695116 0.12244273
  0.00801008 0.04519615 0.12096583 0.04931251 0.00810914 0.00510644
  1.         0.06126922 0.08199604 0.0231793  0.01236166 0.12551829
  0.00630609 0.16529958 0.20658053]
 [0.01220539 0.09016427 0.1915215  0.10686575 0.05740267 0.02768855
  0.17359677 0.01930017 0.02300409 0.01222532 0.01233329 0.11426665
  0.00929257 0.01331115 0.00886696 0.14583731 0.00544299 0.052089
  0.06126922 1.         0.0293562  0.17527308 0.03579792 0.07890673
  0.10702384 0.18758329 0.13339431]
 [0.18323202 0.04297458 0.10810786 0.09730304 0.15757746 0.01964172
  0.01044683 0.00944189 0.02019133 0.00892342 0.13280252 0.02687669
  0.16065209 0.1303338  0.07407687 0.14236971 0.06889281 0.01391793
  0.08199604 0.0293562  1.         0.01931002 0.08334441 0.20488248
  0.14949003 0.14189183 0.00819642]
 [0.01296231 0.10987904 0.04546116 0.00983938 0.18888797 0.15510653
  0.1393608  0.01274151 0.04729841 0.16281897 0.15300705 0.16127304
  0.01211389 0.03150361 0.01566678 0.02486498 0.0373746  0.14149306
  0.0231793  0.17527308 0.01931002 1.         0.14089426 0.14023253
  0.13454814 0.12851255 0.10034492]
 [0.09661522 0.01084369 0.02377026 0.00711827 0.13639793 0.02029822
  0.04899592 0.011478   0.10315742 0.02134727 0.15202497 0.19966771
  0.02669047 0.03009865 0.00653354 0.17199543 0.20735765 0.09931489
  0.01236166 0.03579792 0.08334441 0.14089426 1.         0.01984995
  0.19460317 0.13407853 0.0055886 ]
 [0.02741051 0.22610772 0.10345737 0.07219328 0.18352677 0.12235102
  0.02681255 0.00939406 0.01561205 0.08043883 0.2058011  0.02489068
  0.05522901 0.16338074 0.14516766 0.01787203 0.02098779 0.01800838
  0.12551829 0.07890673 0.20488248 0.14023253 0.01984995 1.
  0.09270922 0.1497471  0.09637682]
 [0.02675186 0.19435429 0.05825204 0.08157136 0.10918973 0.01370611
  0.18589164 0.01759112 0.03136202 0.04654635 0.04655231 0.03056232
  0.14692686 0.11610385 0.0172474  0.15753142 0.1477972  0.14019513
  0.00630609 0.10702384 0.14949003 0.13454814 0.19460317 0.09270922
  1.         0.14659321 0.01007163]
 [0.032549   0.02605396 0.03467766 0.10458688 0.03742431 0.0130542
  0.15036772 0.02074652 0.21663826 0.03259974 0.11715771 0.09251629
  0.01181158 0.22305196 0.02702956 0.14215819 0.04731128 0.01547082
  0.16529958 0.18758329 0.14189183 0.12851255 0.13407853 0.1497471
  0.14659321 1.         0.06284988]
 [0.02339095 0.0858066  0.12830556 0.08203214 0.01388402 0.19467513
  0.1099532  0.14745779 0.07402586 0.12786298 0.04099484 0.14212154
  0.01028206 0.03223909 0.14337367 0.02123538 0.00934303 0.04644186
  0.20658053 0.13339431 0.00819642 0.10034492 0.0055886  0.09637682
  0.01007163 0.06284988 1.        ]]
[[1.         0.02915622 0.01483101 0.18594821 0.01663877 0.04347545
  0.01551768 0.00744753 0.17338621 0.07195615 0.1001233  0.03424989
  0.18284405 0.1070472  0.22144013 0.00951524 0.02693986 0.21925785
  0.10652492 0.02393132 0.02665205 0.00675599 0.18408448 0.0868353
  0.09698192 0.23806355 0.01820939 0.05338895]
 [0.02915622 1.         0.02578181 0.15915258 0.0711629  0.02903433
  0.07752306 0.19133937 0.02824996 0.0980823  0.04000067 0.10288308
  0.13591052 0.03731245 0.03014806 0.18450352 0.02179489 0.23049334
  0.2572102  0.10242969 0.171696   0.03604478 0.01067339 0.08939364
  0.0164128  0.0281318  0.15058372 0.18184514]
 [0.01483101 0.02578181 1.         0.02679697 0.20051085 0.04543441
  0.1470028  0.22235876 0.12947291 0.04087142 0.0231807  0.09723406
  0.03194465 0.02086649 0.07586563 0.02653524 0.19455066 0.00651468
  0.02623974 0.08760188 0.16092545 0.15346107 0.18617676 0.14676225
  0.11641628 0.0865301  0.151578   0.01229457]
 [0.18594821 0.15915258 0.02679697 1.         0.01808572 0.2087536
  0.03067962 0.11145282 0.14651675 0.02886302 0.19983961 0.20486983
  0.15690424 0.09400612 0.01912421 0.15964832 0.15153125 0.18975967
  0.09982779 0.08530414 0.01700189 0.0264215  0.09773085 0.08873493
  0.02326008 0.12541712 0.11252524 0.09071716]
 [0.01663877 0.0711629  0.20051085 0.01808572 1.         0.00381217
  0.13866042 0.04119466 0.03166339 0.17706258 0.01901957 0.11733946
  0.00731807 0.08736802 0.13470124 0.07784496 0.08614178 0.02635421
  0.19801162 0.01525738 0.11000338 0.06495612 0.02034259 0.05147155
  0.04211443 0.20132614 0.17894554 0.01627971]
 [0.04347545 0.02903433 0.04543441 0.2087536  0.00381217 1.
  0.04737871 0.15948191 0.11674831 0.01707395 0.21116222 0.01497662
  0.16055217 0.04887012 0.00789202 0.06142258 0.15116926 0.01454222
  0.00671631 0.14814038 0.0250015  0.15068321 0.16490113 0.01660923
  0.12342707 0.01859288 0.02086599 0.15764557]
 [0.01551768 0.07752306 0.1470028  0.03067962 0.13866042 0.04737871
  1.         0.180047   0.20654486 0.03738296 0.01278431 0.07097104
  0.05231222 0.15104081 0.10110611 0.06796627 0.16137932 0.00551043
  0.1450049  0.01120446 0.13777176 0.10527065 0.0164383  0.01992643
  0.18327087 0.02195234 0.01677238 0.16745501]
 [0.00744753 0.19133937 0.22235876 0.11145282 0.04119466 0.15948191
  0.180047   1.         0.09600245 0.01592915 0.02597685 0.13154464
  0.10932429 0.01515634 0.01188237 0.1118107  0.13166007 0.01302051
  0.03532236 0.16590178 0.13226074 0.12984271 0.04185578 0.09525242
  0.03462525 0.01336049 0.12659509 0.06980115]
 [0.17338621 0.02824996 0.12947291 0.14651675 0.03166339 0.11674831
  0.20654486 0.09600245 1.         0.01209922 0.02076818 0.16434211
  0.2020733  0.0844976  0.17260122 0.01371103 0.17985987 0.01482999
  0.10932006 0.01611356 0.04629538 0.0182091  0.15189012 0.11721867
  0.16008971 0.07225089 0.01526224 0.05473175]
 [0.07195615 0.0980823  0.04087142 0.02886302 0.17706258 0.01707395
  0.03738296 0.01592915 0.01209922 1.         0.19323041 0.00908935
  0.03199465 0.13356804 0.12617346 0.07894305 0.02243447 0.17497247
  0.07404191 0.08864128 0.18813346 0.14653046 0.04989734 0.02435433
  0.14125104 0.1683045  0.1015381  0.11246154]
 [0.1001233  0.04000067 0.0231807  0.19983961 0.01901957 0.21116222
  0.01278431 0.02597685 0.02076818 0.19323041 1.         0.01096197
  0.03797606 0.15142889 0.01319423 0.17663135 0.10204343 0.11867072
  0.01401499 0.16395326 0.01955304 0.19143723 0.15249025 0.01199153
  0.08106141 0.15922238 0.09225582 0.10664025]
 [0.03424989 0.10288308 0.09723406 0.20486983 0.11733946 0.01497662
  0.07097104 0.13154464 0.16434211 0.00908935 0.01096197 1.
  0.02972521 0.03234196 0.03301099 0.06335793 0.15558552 0.03317214
  0.23481968 0.01355985 0.01888062 0.00807752 0.02675038 0.18511895
  0.00697345 0.11127421 0.15015975 0.00969548]
 [0.18284405 0.13591052 0.03194465 0.15690424 0.00731807 0.16055217
  0.05231222 0.10932429 0.2020733  0.03199465 0.03797606 0.02972521
  1.         0.02015034 0.09294843 0.01093609 0.0157086  0.10143308
  0.06253475 0.12980671 0.1753903  0.01738809 0.11082947 0.17263896
  0.11014305 0.01909386 0.01854239 0.1829676 ]
 [0.1070472  0.03731245 0.02086649 0.09400612 0.08736802 0.04887012
  0.15104081 0.01515634 0.0844976  0.13356804 0.15142889 0.03234196
  0.02015034 1.         0.07614305 0.16366656 0.19726993 0.03506238
  0.14074436 0.00675619 0.01759399 0.07766905 0.02601138 0.00497895
  0.14827982 0.16052907 0.01730335 0.19286114]
 [0.22144013 0.03014806 0.07586563 0.01912421 0.13470124 0.00789202
  0.10110611 0.01188237 0.17260122 0.12617346 0.01319423 0.03301099
  0.09294843 0.07614305 1.         0.00465141 0.01935315 0.04676798
  0.20951671 0.01120226 0.18582165 0.01220147 0.07506645 0.10878763
  0.22939061 0.13527337 0.01551376 0.03893392]
 [0.00951524 0.18450352 0.02653524 0.15964832 0.07784496 0.06142258
  0.06796627 0.1118107  0.01371103 0.07894305 0.17663135 0.06335793
  0.01093609 0.16366656 0.00465141 1.         0.18716502 0.04315517
  0.05755837 0.0445053  0.01810262 0.18360546 0.00999849 0.0068622
  0.01536322 0.05364231 0.15739229 0.11344231]
 [0.02693986 0.02179489 0.19455066 0.15153125 0.08614178 0.15116926
  0.16137932 0.13166007 0.17985987 0.02243447 0.10204343 0.15558552
  0.0157086  0.19726993 0.01935315 0.18716502 1.         0.00720694
  0.03644391 0.02297984 0.01334721 0.15905329 0.09244911 0.01896353
  0.07291017 0.13672181 0.07569332 0.03520341]
 [0.21925785 0.23049334 0.00651468 0.18975967 0.02635421 0.01454222
  0.00551043 0.01302051 0.01482999 0.17497247 0.11867072 0.03317214
  0.10143308 0.03506238 0.04676798 0.04315517 0.00720694 1.
  0.1307727  0.08530383 0.0459787  0.00840196 0.03591148 0.09451534
  0.01288822 0.12913014 0.11148842 0.05496042]
 [0.10652492 0.2572102  0.02623974 0.09982779 0.19801162 0.00671631
  0.1450049  0.03532236 0.10932006 0.07404191 0.01401499 0.23481968
  0.06253475 0.14074436 0.20951671 0.05755837 0.03644391 0.1307727
  1.         0.00750948 0.07223604 0.00808786 0.01044013 0.08268291
  0.02739335 0.10861437 0.04653343 0.07566492]
 [0.02393132 0.10242969 0.08760188 0.08530414 0.01525738 0.14814038
  0.01120446 0.16590178 0.01611356 0.08864128 0.16395326 0.01355985
  0.12980671 0.00675619 0.01120226 0.0445053  0.02297984 0.08530383
  0.00750948 1.         0.15323138 0.14454691 0.17618728 0.10968869
  0.04205948 0.03088659 0.21932704 0.04470669]
 [0.02665205 0.171696   0.16092545 0.01700189 0.11000338 0.0250015
  0.13777176 0.13226074 0.04629538 0.18813346 0.01955304 0.01888062
  0.1753903  0.01759399 0.18582165 0.01810262 0.01334721 0.0459787
  0.07223604 0.15323138 1.         0.09134166 0.05059977 0.13605429
  0.1689359  0.02415097 0.06274399 0.10347733]
 [0.00675599 0.03604478 0.15346107 0.0264215  0.06495612 0.15068321
  0.10527065 0.12984271 0.0182091  0.14653046 0.19143723 0.00807752
  0.01738809 0.07766905 0.01220147 0.18360546 0.15905329 0.00840196
  0.00808786 0.14454691 0.09134166 1.         0.06078964 0.00709357
  0.17253676 0.03293201 0.0774104  0.10691566]
 [0.18408448 0.01067339 0.18617676 0.09773085 0.02034259 0.16490113
  0.0164383  0.04185578 0.15189012 0.04989734 0.15249025 0.02675038
  0.11082947 0.02601138 0.07506645 0.00999849 0.09244911 0.03591148
  0.01044013 0.17618728 0.05059977 0.06078964 1.         0.14587276
  0.17243535 0.18664186 0.06897179 0.0169417 ]
 [0.0868353  0.08939364 0.14676225 0.08873493 0.05147155 0.01660923
  0.01992643 0.09525242 0.11721867 0.02435433 0.01199153 0.18511895
  0.17263896 0.00497895 0.10878763 0.0068622  0.01896353 0.09451534
  0.08268291 0.10968869 0.13605429 0.00709357 0.14587276 1.
  0.01974702 0.08502191 0.15859457 0.0081004 ]
 [0.09698192 0.0164128  0.11641628 0.02326008 0.04211443 0.12342707
  0.18327087 0.03462525 0.16008971 0.14125104 0.08106141 0.00697345
  0.11014305 0.14827982 0.22939061 0.01536322 0.07291017 0.01288822
  0.02739335 0.04205948 0.1689359  0.17253676 0.17243535 0.01974702
  1.         0.05533128 0.01016169 0.17249097]
 [0.23806355 0.0281318  0.0865301  0.12541712 0.20132614 0.01859288
  0.02195234 0.01336049 0.07225089 0.1683045  0.15922238 0.11127421
  0.01909386 0.16052907 0.13527337 0.05364231 0.13672181 0.12913014
  0.10861437 0.03088659 0.02415097 0.03293201 0.18664186 0.08502191
  0.05533128 1.         0.18007409 0.01414991]
 [0.01820939 0.15058372 0.151578   0.11252524 0.17894554 0.02086599
  0.01677238 0.12659509 0.01526224 0.1015381  0.09225582 0.15015975
  0.01854239 0.01730335 0.01551376 0.15739229 0.07569332 0.11148842
  0.04653343 0.21932704 0.06274399 0.0774104  0.06897179 0.15859457
  0.01016169 0.18007409 1.         0.0109619 ]
 [0.05338895 0.18184514 0.01229457 0.09071716 0.01627971 0.15764557
  0.16745501 0.06980115 0.05473175 0.11246154 0.10664025 0.00969548
  0.1829676  0.19286114 0.03893392 0.11344231 0.03520341 0.05496042
  0.07566492 0.04470669 0.10347733 0.10691566 0.0169417  0.0081004
  0.17249097 0.01414991 0.0109619  1.        ]]
[[1.         0.07134953 0.16785943 0.00614523 0.01707383 0.12911432
  0.15958896 0.04881306 0.20190952 0.15529818 0.00765571 0.06541686
  0.00560607 0.01127505 0.15228243 0.21695233 0.08141894 0.1175423
  0.16412192 0.20167854 0.0268625  0.02113668 0.0112965  0.0325552
  0.01476887 0.02433265 0.0485162  0.09397919 0.05173287]
 [0.07134953 1.         0.10406842 0.06402409 0.05552756 0.16694003
  0.01735774 0.17424652 0.13514102 0.01122818 0.01633888 0.01670855
  0.17151631 0.15380726 0.09452563 0.17788067 0.17838572 0.05246542
  0.14050309 0.06231187 0.02322648 0.05726857 0.14777533 0.02751545
  0.10763121 0.02148121 0.1806847  0.01939165 0.14723101]
 [0.16785943 0.10406842 1.         0.10581655 0.07155326 0.01919381
  0.17021231 0.16233336 0.05102089 0.04522411 0.02205947 0.07090599
  0.02839071 0.01215905 0.01242209 0.21683205 0.21545731 0.034097
  0.12896005 0.02517198 0.06210482 0.02023572 0.00946102 0.03845842
  0.17759425 0.00451785 0.13508325 0.17973365 0.07225552]
 [0.00614523 0.06402409 0.10581655 1.         0.09490256 0.0241606
  0.08521949 0.10441224 0.02848398 0.00664058 0.15174335 0.09087795
  0.19111763 0.08535942 0.00394089 0.03660818 0.2278266  0.01318856
  0.02208582 0.00432107 0.10954088 0.16159949 0.06420109 0.21890706
  0.19932444 0.02292116 0.1271144  0.04090124 0.0142978 ]
 [0.01707383 0.05552756 0.07155326 0.09490256 1.         0.01038114
  0.09970666 0.01764647 0.01853673 0.13745297 0.16823694 0.04521893
  0.15455706 0.17817238 0.08245243 0.19475028 0.02955485 0.02699668
  0.18158585 0.01363579 0.12833317 0.15788917 0.01947155 0.01648717
  0.18759816 0.0459603  0.01048931 0.03111912 0.1621827 ]
 [0.12911432 0.16694003 0.01919381 0.0241606  0.01038114 1.
  0.03534671 0.03695975 0.15912514 0.02760558 0.02672443 0.1230058
  0.01869724 0.16409317 0.15922677 0.10470896 0.12081292 0.21159667
  0.02412544 0.09294079 0.01185501 0.08716498 0.19010292 0.139097
  0.01955698 0.11767084 0.18502136 0.02025712 0.01872874]
 [0.15958896 0.01735774 0.17021231 0.08521949 0.09970666 0.03534671
  1.         0.03143534 0.13536672 0.15179331 0.0588823  0.19314459
  0.02294052 0.01985478 0.0425034  0.11222774 0.16522931 0.02685813
  0.15910612 0.02976317 0.18536196 0.20557771 0.00745427 0.15840085
  0.02470281 0.05659097 0.02007776 0.09143324 0.01450161]
 [0.04881306 0.17424652 0.16233336 0.10441224 0.01764647 0.03695975
  0.03143534 1.         0.16775703 0.0091379  0.03869978 0.0138893
  0.17097734 0.01460062 0.00975077 0.01936612 0.07847776 0.03826742
  0.05833355 0.14375519 0.17960501 0.02189445 0.15338823 0.12979988
  0.09798153 0.02899538 0.16817684 0.20069563 0.10664291]
 [0.20190952 0.13514102 0.05102089 0.02848398 0.01853673 0.15912514
  0.13536672 0.16775703 1.         0.02379558 0.01329501 0.01739575
  0.08949364 0.02327377 0.11671891 0.03664699 0.15058105 0.02522196
  0.25959648 0.23087429 0.133976   0.16318173 0.06318696 0.1387338
  0.00744278 0.11944237 0.03001577 0.03410836 0.03014679]
 [0.15529818 0.01122818 0.04522411 0.00664058 0.13745297 0.02760558
  0.15179331 0.0091379  0.02379558 1.         0.10778589 0.13507212
  0.00735221 0.03772899 0.19143593 0.17682306 0.00744187 0.21771724
  0.07392049 0.10487159 0.07111256 0.03074937 0.01145274 0.02167162
  0.04381997 0.09541365 0.00961167 0.14507913 0.12179516]
 [0.00765571 0.01633888 0.02205947 0.15174335 0.16823694 0.02672443
  0.0588823  0.03869978 0.01329501 0.10778589 1.         0.17142798
  0.09088302 0.16850821 0.02295922 0.03301621 0.01227398 0.13832808
  0.01246487 0.03104827 0.21240275 0.09264339 0.15272032 0.17270146
  0.22518937 0.23013187 0.04263294 0.15407666 0.07287281]
 [0.06541686 0.01670855 0.07090599 0.09087795 0.04521893 0.1230058
  0.19314459 0.0138893  0.01739575 0.13507212 0.17142798 1.
  0.00643061 0.08589835 0.02648438 0.16179091 0.08461179 0.21714957
  0.01009774 0.01471294 0.02789226 0.06560012 0.0303334  0.19761325
  0.09378029 0.05303697 0.1420887  0.10743383 0.01197194]
 [0.00560607 0.17151631 0.02839071 0.19111763 0.15455706 0.01869724
  0.02294052 0.17097734 0.08949364 0.00735221 0.09088302 0.00643061
  1.         0.1181438  0.02637446 0.01938742 0.04584555 0.00962566
  0.1100588  0.03072593 0.2307507  0.18053915 0.16339929 0.055745
  0.08576986 0.07694069 0.02241208 0.01905084 0.10074392]
 [0.01127505 0.15380726 0.01215905 0.08535942 0.17817238 0.16409317
  0.01985478 0.01460062 0.02327377 0.03772899 0.16850821 0.08589835
  0.1181438  1.         0.14533107 0.14540222 0.04226201 0.10667068
  0.02881826 0.01772625 0.02325372 0.20064808 0.20904321 0.04555416
  0.12454381 0.13122623 0.06047524 0.0101755  0.06451105]
 [0.15228243 0.09452563 0.01242209 0.00394089 0.08245243 0.15922677
  0.0425034  0.00975077 0.11671891 0.19143593 0.02295922 0.02648438
  0.02637446 0.14533107 1.         0.18608755 0.0172099  0.11263821
  0.18769108 0.16355304 0.02497884 0.09398364 0.04024288 0.012967
  0.01235142 0.15848063 0.00902184 0.01233957 0.11070116]
 [0.21695233 0.17788067 0.21683205 0.03660818 0.19475028 0.10470896
  0.11222774 0.01936612 0.03664699 0.17682306 0.03301621 0.16179091
  0.01938742 0.14540222 0.18608755 1.         0.13129406 0.13234828
  0.15166344 0.02816668 0.01669625 0.05812947 0.01726978 0.01742633
  0.14134784 0.01726194 0.08586207 0.03955467 0.10866439]
 [0.08141894 0.17838572 0.21545731 0.2278266  0.02955485 0.12081292
  0.16522931 0.07847776 0.15058105 0.00744187 0.01227398 0.08461179
  0.04584555 0.04226201 0.0172099  0.13129406 1.         0.0137167
  0.08201771 0.00933211 0.02655243 0.14879098 0.02195933 0.12518013
  0.0381187  0.01050214 0.1634015  0.01757721 0.00764646]
 [0.1175423  0.05246542 0.034097   0.01318856 0.02699668 0.21159667
  0.02685813 0.03826742 0.02522196 0.21771724 0.13832808 0.21714957
  0.00962566 0.10667068 0.11263821 0.13234828 0.0137167  1.
  0.01281925 0.18417513 0.02430008 0.01487517 0.15521377 0.06691107
  0.11483018 0.11282898 0.16230415 0.19884535 0.13206602]
 [0.16412192 0.14050309 0.12896005 0.02208582 0.18158585 0.02412544
  0.15910612 0.05833355 0.25959648 0.07392049 0.01246487 0.01009774
  0.1100588  0.02881826 0.18769108 0.15166344 0.08201771 0.01281925
  1.         0.08175209 0.1247482  0.12352888 0.01092612 0.01480276
  0.02186396 0.03248108 0.0079938  0.02411384 0.12233007]
 [0.20167854 0.06231187 0.02517198 0.00432107 0.01363579 0.09294079
  0.02976317 0.14375519 0.23087429 0.10487159 0.03104827 0.01471294
  0.03072593 0.01772625 0.16355304 0.02816668 0.00933211 0.18417513
  0.08175209 1.         0.10565312 0.01760584 0.11432287 0.04946193
  0.01601339 0.17599408 0.02651334 0.15362995 0.18680449]
 [0.0268625  0.02322648 0.06210482 0.10954088 0.12833317 0.01185501
  0.18536196 0.17960501 0.133976   0.07111256 0.21240275 0.02789226
  0.2307507  0.02325372 0.02497884 0.01669625 0.02655243 0.02430008
  0.1247482  0.10565312 1.         0.13487027 0.0573969  0.17268331
  0.05428822 0.18183349 0.01327052 0.19225073 0.0851905 ]
 [0.02113668 0.05726857 0.02023572 0.16159949 0.15788917 0.08716498
  0.20557771 0.02189445 0.16318173 0.03074937 0.09264339 0.06560012
  0.18053915 0.20064808 0.09398364 0.05812947 0.14879098 0.01487517
  0.12352888 0.01760584 0.13487027 1.         0.05355236 0.16176035
  0.02037946 0.20381027 0.01490702 0.0097395  0.01331849]
 [0.0112965  0.14777533 0.00946102 0.06420109 0.01947155 0.19010292
  0.00745427 0.15338823 0.06318696 0.01145274 0.15272032 0.0303334
  0.16339929 0.20904321 0.04024288 0.01726978 0.02195933 0.15521377
  0.01092612 0.11432287 0.0573969  0.05355236 1.         0.15744615
  0.0827851  0.21787728 0.15032945 0.0463647  0.0781911 ]
 [0.0325552  0.02751545 0.03845842 0.21890706 0.01648717 0.139097
  0.15840085 0.12979988 0.1387338  0.02167162 0.17270146 0.19761325
  0.055745   0.04555416 0.012967   0.01742633 0.12518013 0.06691107
  0.01480276 0.04946193 0.17268331 0.16176035 0.15744615 1.
  0.03667358 0.18772472 0.13151196 0.11952002 0.00903078]
 [0.01476887 0.10763121 0.17759425 0.19932444 0.18759816 0.01955698
  0.02470281 0.09798153 0.00744278 0.04381997 0.22518937 0.09378029
  0.08576986 0.12454381 0.01235142 0.14134784 0.0381187  0.11483018
  0.02186396 0.01601339 0.05428822 0.02037946 0.0827851  0.03667358
  1.         0.01531174 0.20141739 0.15349378 0.20831145]
 [0.02433265 0.02148121 0.00451785 0.02292116 0.0459603  0.11767084
  0.05659097 0.02899538 0.11944237 0.09541365 0.23013187 0.05303697
  0.07694069 0.13122623 0.15848063 0.01726194 0.01050214 0.11282898
  0.03248108 0.17599408 0.18183349 0.20381027 0.21787728 0.18772472
  0.01531174 1.         0.01258028 0.04374738 0.04119692]
 [0.0485162  0.1806847  0.13508325 0.1271144  0.01048931 0.18502136
  0.02007776 0.16817684 0.03001577 0.00961167 0.04263294 0.1420887
  0.02241208 0.06047524 0.00902184 0.08586207 0.1634015  0.16230415
  0.0079938  0.02651334 0.01327052 0.01490702 0.15032945 0.13151196
  0.20141739 0.01258028 1.         0.09708936 0.03053479]
 [0.09397919 0.01939165 0.17973365 0.04090124 0.03111912 0.02025712
  0.09143324 0.20069563 0.03410836 0.14507913 0.15407666 0.10743383
  0.01905084 0.0101755  0.01233957 0.03955467 0.01757721 0.19884535
  0.02411384 0.15362995 0.19225073 0.0097395  0.0463647  0.11952002
  0.15349378 0.04374738 0.09708936 1.         0.12375633]
 [0.05173287 0.14723101 0.07225552 0.0142978  0.1621827  0.01872874
  0.01450161 0.10664291 0.03014679 0.12179516 0.07287281 0.01197194
  0.10074392 0.06451105 0.11070116 0.10866439 0.00764646 0.13206602
  0.12233007 0.18680449 0.0851905  0.01331849 0.0781911  0.00903078
  0.20831145 0.04119692 0.03053479 0.12375633 1.        ]]
[[1.         0.03896109 0.15017559 0.01902074 0.19966429 0.21171821
  0.14631504 0.04978451 0.02350532 0.00463542 0.02528327 0.11711815
  0.15126062 0.08333689 0.1849291  0.01028123 0.01308753 0.16468839
  0.02374855 0.14705738 0.01309175 0.03265596 0.02105188 0.21094563
  0.01921819 0.15799121 0.12154095 0.02743779 0.11440714 0.02866553]
 [0.03896109 1.         0.1138007  0.17421284 0.16470369 0.1722504
  0.07832402 0.01481512 0.08141498 0.02138495 0.02480797 0.04277937
  0.01719953 0.01623826 0.17963072 0.06870508 0.22321713 0.16016519
  0.02719467 0.09437332 0.01439005 0.01405902 0.21006906 0.0080113
  0.21495471 0.00844766 0.04768802 0.02020053 0.00422874 0.11777383]
 [0.15017559 0.1138007  1.         0.09230543 0.06831782 0.2057923
  0.16564274 0.04751866 0.00753299 0.0204805  0.00927807 0.15922723
  0.02711804 0.09424371 0.12196089 0.16572118 0.10211001 0.03585939
  0.01504997 0.14531982 0.0164868  0.14883711 0.01571905 0.01592381
  0.0900509  0.0428306  0.1105959  0.01958733 0.13129993 0.13894907]
 [0.01902074 0.17421284 0.09230543 1.         0.01607001 0.23174313
  0.12988722 0.14918962 0.14684922 0.131031   0.0098001  0.00970993
  0.02964509 0.22510505 0.17427263 0.17564005 0.15661075 0.04923114
  0.19777687 0.04366665 0.02433229 0.02603391 0.0622818  0.01725409
  0.16870793 0.00332165 0.027429   0.03738243 0.01749753 0.01702781]
 [0.19966429 0.16470369 0.06831782 0.01607001 1.         0.04274219
  0.02839682 0.00835076 0.06609664 0.01531001 0.15494539 0.0759433
  0.19132087 0.0250487  0.20481764 0.02489842 0.03565442 0.13268478
  0.01764371 0.18665423 0.01723667 0.06926207 0.1817273  0.05950732
  0.18012978 0.23713279 0.13922173 0.13858596 0.01969466 0.21641069]
 [0.21171821 0.1722504  0.2057923  0.23174313 0.04274219 1.
  0.19202536 0.22281172 0.08054715 0.01702686 0.0111716  0.0633382
  0.04915005 0.09031681 0.15735277 0.02146627 0.12104811 0.18724227
  0.03618292 0.21006834 0.01097334 0.0187845  0.02023532 0.04074711
  0.04483402 0.00839519 0.01928463 0.00687332 0.03706975 0.01218385]
 [0.14631504 0.07832402 0.16564274 0.12988722 0.02839682 0.19202536
  1.         0.09372865 0.02040744 0.0234522  0.01288419 0.13505124
  0.01153514 0.10275538 0.08325994 0.12184628 0.05902902 0.23069086
  0.20952548 0.02530122 0.13983239 0.01237308 0.07510866 0.14522125
  0.01446894 0.03375436 0.19532823 0.02439128 0.12898835 0.05009824]
 [0.04978451 0.01481512 0.04751866 0.14918962 0.00835076 0.22281172
  0.09372865 1.         0.12794323 0.16216697 0.04345398 0.0514415
  0.06775034 0.17802882 0.02094693 0.02813438 0.1234682  0.08908319
  0.10601528 0.14467003 0.07006627 0.05258145 0.01271781 0.11597555
  0.02395345 0.01403013 0.00535958 0.01793257 0.16763772 0.00593832]
 [0.02350532 0.08141498 0.00753299 0.14684922 0.06609664 0.08054715
  0.02040744 0.12794323 1.         0.15585069 0.16306723 0.00923623
  0.18011386 0.06563401 0.0779162  0.01562468 0.09366464 0.15296795
  0.14049464 0.11389951 0.03260362 0.02001929 0.15900969 0.07270392
  0.14175202 0.01283713 0.00732728 0.08578383 0.00835366 0.01049448]
 [0.00463542 0.02138495 0.0204805  0.131031   0.01531001 0.01702686
  0.0234522  0.16216697 0.15585069 1.         0.16784602 0.02316178
  0.04951449 0.1047504  0.01418571 0.19419605 0.2060171  0.02728241
  0.16049104 0.0609288  0.19199801 0.16322883 0.08286489 0.03559402
  0.15908649 0.02453983 0.010315   0.16545713 0.0636395  0.04854672]
 [0.02528327 0.02480797 0.00927807 0.0098001  0.15494539 0.0111716
  0.01288419 0.04345398 0.16306723 0.16784602 1.         0.10034737
  0.11426732 0.01510722 0.01131331 0.02128563 0.09624247 0.1389329
  0.04042555 0.15964658 0.17482413 0.08989875 0.18103476 0.11785735
  0.07320689 0.1918666  0.01401824 0.15181848 0.04462744 0.10555476]
 [0.11711815 0.04277937 0.15922723 0.00970993 0.0759433  0.0633382
  0.13505124 0.0514415  0.00923623 0.02316178 0.10034737 1.
  0.01329264 0.01054572 0.00969153 0.03913844 0.14746817 0.19757865
  0.01251059 0.16658229 0.14911392 0.06165898 0.037949   0.06742401
  0.01501481 0.14466252 0.03888627 0.01263608 0.19881651 0.2005356 ]
 [0.15126062 0.01719953 0.02711804 0.02964509 0.19132087 0.04915005
  0.01153514 0.06775034 0.18011386 0.04951449 0.11426732 0.01329264
  1.         0.19297031 0.16721471 0.01157798 0.01407119 0.03756495
  0.03790721 0.20913472 0.00935094 0.1477615  0.02875241 0.13211609
  0.13564219 0.13251651 0.02804582 0.20183521 0.0500076  0.01610041]
 [0.08333689 0.01623826 0.09424371 0.22510505 0.0250487  0.09031681
  0.10275538 0.17802882 0.06563401 0.1047504  0.01510722 0.01054572
  0.19297031 1.         0.21685972 0.11946662 0.0192423  0.02106663
  0.23623502 0.04279727 0.02700079 0.11447962 0.02117323 0.11713979
  0.08557388 0.04076455 0.08812797 0.17078739 0.15394349 0.01366192]
 [0.1849291  0.17963072 0.12196089 0.17427263 0.20481764 0.15735277
  0.08325994 0.02094693 0.0779162  0.01418571 0.01131331 0.00969153
  0.16721471 0.21685972 1.         0.05361145 0.01803207 0.05391323
  0.07284516 0.05803278 0.00538701 0.03150519 0.0740249  0.04175469
  0.1933213  0.03088495 0.2011247  0.10527951 0.01497352 0.03373399]
 [0.01028123 0.06870508 0.16572118 0.17564005 0.02489842 0.02146627
  0.12184628 0.02813438 0.01562468 0.19419605 0.02128563 0.03913844
  0.01157798 0.11946662 0.05361145 1.         0.11898631 0.01804895
  0.12811835 0.01978371 0.1213475  0.12347562 0.09671467 0.0153136
  0.15885299 0.03057007 0.15152279 0.13648543 0.0726076  0.23497363]
 [0.01308753 0.22321713 0.10211001 0.15661075 0.03565442 0.12104811
  0.05902902 0.1234682  0.09366464 0.2060171  0.09624247 0.14746817
  0.01407119 0.0192423  0.01803207 0.11898631 1.         0.1227251
  0.03171789 0.21655984 0.09443865 0.06756616 0.09050633 0.01146191
  0.14740323 0.01080894 0.00822763 0.01695912 0.02921149 0.11397905]
 [0.16468839 0.16016519 0.03585939 0.04923114 0.13268478 0.18724227
  0.23069086 0.08908319 0.15296795 0.02728241 0.1389329  0.19757865
  0.03756495 0.02106663 0.05391323 0.01804895 0.1227251  1.
  0.09820597 0.11686918 0.13270847 0.00890734 0.23238831 0.21487659
  0.02413222 0.05190899 0.04312003 0.02511672 0.03537889 0.05052048]
 [0.02374855 0.02719467 0.01504997 0.19777687 0.01764371 0.03618292
  0.20952548 0.10601528 0.14049464 0.16049104 0.04042555 0.01251059
  0.03790721 0.23623502 0.07284516 0.12811835 0.03171789 0.09820597
  1.         0.01047607 0.21067518 0.01413165 0.18576517 0.21706784
  0.03509854 0.02552189 0.09004161 0.18323204 0.05164871 0.01875324]
 [0.14705738 0.09437332 0.14531982 0.04366665 0.18665423 0.21006834
  0.02530122 0.14467003 0.11389951 0.0609288  0.15964658 0.16658229
  0.20913472 0.04279727 0.05803278 0.01978371 0.21655984 0.11686918
  0.01047607 1.         0.01899456 0.20588831 0.02827322 0.04036072
  0.15704608 0.06969693 0.0109239  0.02840552 0.06919403 0.06282751]
 [0.01309175 0.01439005 0.0164868  0.02433229 0.01723667 0.01097334
  0.13983239 0.07006627 0.03260362 0.19199801 0.17482413 0.14911392
  0.00935094 0.02700079 0.00538701 0.1213475  0.09443865 0.13270847
  0.21067518 0.01899456 1.         0.02907455 0.16144157 0.15905537
  0.01391887 0.08161931 0.042206   0.0791432  0.13989657 0.09792771]
 [0.03265596 0.01405902 0.14883711 0.02603391 0.06926207 0.0187845
  0.01237308 0.05258145 0.02001929 0.16322883 0.08989875 0.06165898
  0.1477615  0.11447962 0.03150519 0.12347562 0.06756616 0.00890734
  0.01413165 0.20588831 0.02907455 1.         0.0146612  0.02241013
  0.20600435 0.15167222 0.0294342  0.14316464 0.191119   0.13021876]
 [0.02105188 0.21006906 0.01571905 0.0622818  0.1817273  0.02023532
  0.07510866 0.01271781 0.15900969 0.08286489 0.18103476 0.037949
  0.02875241 0.02117323 0.0740249  0.09671467 0.09050633 0.23238831
  0.18576517 0.02827322 0.16144157 0.0146612  1.         0.06556743
  0.12113043 0.05260165 0.11175814 0.18922873 0.00966986 0.18137128]
 [0.21094563 0.0080113  0.01592381 0.01725409 0.05950732 0.04074711
  0.14522125 0.11597555 0.07270392 0.03559402 0.11785735 0.06742401
  0.13211609 0.11713979 0.04175469 0.0153136  0.01146191 0.21487659
  0.21706784 0.04036072 0.15905537 0.02241013 0.06556743 1.
  0.00925553 0.22148009 0.07934012 0.11219698 0.19624523 0.01726966]
 [0.01921819 0.21495471 0.0900509  0.16870793 0.18012978 0.04483402
  0.01446894 0.02395345 0.14175202 0.15908649 0.07320689 0.01501481
  0.13564219 0.08557388 0.1933213  0.15885299 0.14740323 0.02413222
  0.03509854 0.15704608 0.01391887 0.20600435 0.12113043 0.00925553
  1.         0.02853751 0.0398434  0.18751183 0.01240159 0.13828512]
 [0.15799121 0.00844766 0.0428306  0.00332165 0.23713279 0.00839519
  0.03375436 0.01403013 0.01283713 0.02453983 0.1918666  0.14466252
  0.13251651 0.04076455 0.03088495 0.03057007 0.01080894 0.05190899
  0.02552189 0.06969693 0.08161931 0.15167222 0.05260165 0.22148009
  0.02853751 1.         0.16212781 0.2120367  0.21127304 0.16976014]
 [0.12154095 0.04768802 0.1105959  0.027429   0.13922173 0.01928463
  0.19532823 0.00535958 0.00732728 0.010315   0.01401824 0.03888627
  0.02804582 0.08812797 0.2011247  0.15152279 0.00822763 0.04312003
  0.09004161 0.0109239  0.042206   0.0294342  0.11175814 0.07934012
  0.0398434  0.16212781 1.         0.16718497 0.05803814 0.17078449]
 [0.02743779 0.02020053 0.01958733 0.03738243 0.13858596 0.00687332
  0.02439128 0.01793257 0.08578383 0.16545713 0.15181848 0.01263608
  0.20183521 0.17078739 0.10527951 0.13648543 0.01695912 0.02511672
  0.18323204 0.02840552 0.0791432  0.14316464 0.18922873 0.11219698
  0.18751183 0.2120367  0.16718497 1.         0.05192178 0.10654485]
 [0.11440714 0.00422874 0.13129993 0.01749753 0.01969466 0.03706975
  0.12898835 0.16763772 0.00835366 0.0636395  0.04462744 0.19881651
  0.0500076  0.15394349 0.01497352 0.0726076  0.02921149 0.03537889
  0.05164871 0.06919403 0.13989657 0.191119   0.00966986 0.19624523
  0.01240159 0.21127304 0.05803814 0.05192178 1.         0.04612182]
 [0.02866553 0.11777383 0.13894907 0.01702781 0.21641069 0.01218385
  0.05009824 0.00593832 0.01049448 0.04854672 0.10555476 0.2005356
  0.01610041 0.01366192 0.03373399 0.23497363 0.11397905 0.05052048
  0.01875324 0.06282751 0.09792771 0.13021876 0.18137128 0.01726966
  0.13828512 0.16976014 0.17078449 0.10654485 0.04612182 1.        ]]
[[1.         0.10503755 0.06616675 0.02662413 0.12040104 0.02553339
  0.00481749 0.03123295 0.17691493 0.01383571 0.03560647 0.01076748
  0.06440337 0.11316374 0.02889642 0.09473795 0.17009813 0.01015049
  0.13907469 0.12390665 0.01248402 0.03129417 0.00865272 0.22129714
  0.01118012 0.17090613 0.00673626 0.17466824 0.04947231 0.02152216
  0.02115386]
 [0.10503755 1.         0.2009488  0.07702187 0.18826938 0.0082868
  0.05737814 0.00880064 0.18842546 0.10967728 0.03783095 0.08169509
  0.02827527 0.05284354 0.19959147 0.20488709 0.01860506 0.01859453
  0.14622221 0.04005682 0.01747925 0.09904512 0.19442068 0.01719448
  0.01160835 0.16394272 0.01940423 0.01637616 0.01668388 0.00754793
  0.06631521]
 [0.06616675 0.2009488  1.         0.069173   0.04000974 0.0280255
  0.07186139 0.03908087 0.19727602 0.14594797 0.15525948 0.18735713
  0.20093868 0.17125518 0.01602891 0.21021587 0.14481669 0.01345853
  0.04123828 0.03177929 0.01125272 0.06637918 0.13310078 0.01635015
  0.05542692 0.07396615 0.15327166 0.01466913 0.18696188 0.00742144
  0.01229524]
 [0.02662413 0.07702187 0.069173   1.         0.14397458 0.01463046
  0.08525854 0.13413137 0.18261482 0.22852808 0.00339281 0.04933343
  0.16098846 0.01817483 0.13965839 0.01889707 0.02005266 0.02557886
  0.01680007 0.18160489 0.13757708 0.18929264 0.01960659 0.0671786
  0.01394058 0.0310705  0.20127581 0.00707533 0.02860439 0.07413669
  0.00994749]
 [0.12040104 0.18826938 0.04000974 0.14397458 1.         0.02413177
  0.17212521 0.01447883 0.04912145 0.08369138 0.01013396 0.00810134
  0.13538496 0.09858943 0.21745578 0.15570256 0.02851565 0.03299535
  0.05358083 0.22478082 0.0338891  0.19559464 0.03958227 0.0775441
  0.04709296 0.03986372 0.02751499 0.05862957 0.00591553 0.19908798
  0.18794338]
 [0.02553339 0.0082868  0.0280255  0.01463046 0.02413177 1.
  0.06006618 0.08017936 0.02912695 0.02039615 0.1794711  0.06785861
  0.04460369 0.27744247 0.02479146 0.03336848 0.08923056 0.14298566
  0.16282884 0.01854871 0.19700434 0.16128306 0.07332254 0.19694063
  0.19119085 0.0283868  0.15056857 0.23723991 0.2264643  0.16756798
  0.11407708]
 [0.00481749 0.05737814 0.07186139 0.08525854 0.17212521 0.06006618
  1.         0.01443451 0.01229156 0.21006216 0.03148669 0.04205235
  0.12237895 0.10224194 0.08173372 0.12596712 0.01643704 0.07433208
  0.01761091 0.03660432 0.04412908 0.23243627 0.20082877 0.00995615
  0.24176417 0.00970442 0.22607933 0.01413481 0.01224921 0.14485186
  0.17486668]
 [0.03123295 0.00880064 0.03908087 0.13413137 0.01447883 0.08017936
  0.01443451 1.         0.06127904 0.15408131 0.03040914 0.11686647
  0.07239639 0.01602616 0.03553455 0.01968386 0.19770324 0.1537617
  0.02561795 0.20131375 0.20791079 0.0263168  0.00625761 0.1151531
  0.05601189 0.12086635 0.16997851 0.07080691 0.191865   0.07562515
  0.00638879]
 [0.17691493 0.18842546 0.19727602 0.18261482 0.04912145 0.02912695
  0.01229156 0.06127904 1.         0.0359585  0.02242366 0.10856429
  0.06251089 0.07212718 0.0525393  0.02237152 0.03777569 0.00791329
  0.15227494 0.03333169 0.06850945 0.16938732 0.04760225 0.16089376
  0.00430291 0.09117677 0.06935184 0.01653866 0.18226887 0.00905478
  0.00724863]
 [0.01383571 0.10967728 0.14594797 0.22852808 0.08369138 0.02039615
  0.21006216 0.15408131 0.0359585  1.         0.04211728 0.19440728
  0.09613254 0.01931387 0.15884053 0.17865605 0.07062055 0.19665998
  0.01946779 0.20365628 0.06923169 0.05008311 0.06981466 0.0107359
  0.13824823 0.12930797 0.19334845 0.02040466 0.0309304  0.05531743
  0.03986694]
 [0.03560647 0.03783095 0.15525948 0.00339281 0.01013396 0.1794711
  0.03148669 0.03040914 0.02242366 0.04211728 1.         0.18449979
  0.02234001 0.19295415 0.01214391 0.24029405 0.20114918 0.09603697
  0.14313619 0.0108961  0.01708141 0.02215271 0.15575977 0.01702896
  0.19967739 0.12890232 0.04515305 0.14878702 0.20142746 0.01117085
  0.06983164]
 [0.01076748 0.08169509 0.18735713 0.04933343 0.00810134 0.06785861
  0.04205235 0.11686647 0.10856429 0.19440728 0.18449979 1.
  0.0157316  0.03012379 0.06422726 0.05248941 0.04319386 0.1238776
  0.11454844 0.01386567 0.12222251 0.05942116 0.22882173 0.0155863
  0.04209289 0.16620654 0.18971736 0.01864924 0.2413969  0.00723956
  0.02043262]
 [0.06440337 0.02827527 0.20093868 0.16098846 0.13538496 0.04460369
  0.12237895 0.07239639 0.06251089 0.09613254 0.02234001 0.0157316
  1.         0.19285336 0.01065553 0.08938823 0.19017358 0.01228648
  0.00835817 0.16204755 0.01634183 0.09250414 0.01408226 0.06141354
  0.11482585 0.01350256 0.20965357 0.02629056 0.06680847 0.11430438
  0.01212762]
 [0.11316374 0.05284354 0.17125518 0.01817483 0.09858943 0.27744247
  0.10224194 0.01602616 0.07212718 0.01931387 0.19295415 0.03012379
  0.19285336 1.         0.01393726 0.14826297 0.13023971 0.01943015
  0.12154168 0.02162434 0.02209739 0.20453245 0.12092985 0.11171921
  0.1411642  0.02261737 0.08971508 0.11850382 0.14147779 0.06913935
  0.10062635]
 [0.02889642 0.19959147 0.01602891 0.13965839 0.21745578 0.02479146
  0.08173372 0.03553455 0.0525393  0.15884053 0.01214391 0.06422726
  0.01065553 0.01393726 1.         0.05575706 0.00831572 0.18417502
  0.15591438 0.10055266 0.22000607 0.14546366 0.08784479 0.0468112
  0.02004614 0.14868232 0.02762317 0.04238955 0.00758631 0.07665274
  0.19936924]
 [0.09473795 0.20488709 0.21021587 0.01889707 0.15570256 0.03336848
  0.12596712 0.01968386 0.02237152 0.17865605 0.24029405 0.05248941
  0.08938823 0.14826297 0.05575706 1.         0.19126111 0.08356977
  0.06270756 0.10485437 0.00847075 0.03037641 0.10960396 0.01271885
  0.24448324 0.17071844 0.02870691 0.11693359 0.02550617 0.03489647
  0.16344115]
 [0.17009813 0.01860506 0.14481669 0.02005266 0.02851565 0.08923056
  0.01643704 0.19770324 0.03777569 0.07062055 0.20114918 0.04319386
  0.19017358 0.13023971 0.00831572 0.19126111 1.         0.05931472
  0.03312312 0.1713745  0.01579184 0.01297249 0.00963646 0.07227039
  0.18561217 0.14452868 0.05473819 0.23953614 0.19821312 0.04635011
  0.01523761]
 [0.01015049 0.01859453 0.01345853 0.02557886 0.03299535 0.14298566
  0.07433208 0.1537617  0.00791329 0.19665998 0.09603697 0.1238776
  0.01228648 0.01943015 0.18417502 0.08356977 0.05931472 1.
  0.08044455 0.09104934 0.22653324 0.03415834 0.0516944  0.03110343
  0.23000541 0.16158429 0.06329177 0.1835967  0.03133516 0.1430258
  0.18377033]
 [0.13907469 0.14622221 0.04123828 0.01680007 0.05358083 0.16282884
  0.01761091 0.02561795 0.15227494 0.01946779 0.14313619 0.11454844
  0.00835817 0.12154168 0.15591438 0.06270756 0.03312312 0.08044455
  1.         0.01762602 0.12983134 0.14233761 0.17099655 0.16631141
  0.01986888 0.22214433 0.01981959 0.18690228 0.09460617 0.0234185
  0.16641187]
 [0.12390665 0.04005682 0.03177929 0.18160489 0.22478082 0.01854871
  0.03660432 0.20131375 0.03333169 0.20365628 0.0108961  0.01386567
  0.16204755 0.02162434 0.10055266 0.10485437 0.1713745  0.09104934
  0.01762602 1.         0.04631884 0.02677309 0.0043655  0.08670401
  0.06685538 0.12822043 0.03527744 0.10685172 0.01559845 0.19280695
  0.02829963]
 [0.01248402 0.01747925 0.01125272 0.13757708 0.0338891  0.19700434
  0.04412908 0.20791079 0.06850945 0.06923169 0.01708141 0.12222251
  0.01634183 0.02209739 0.22000607 0.00847075 0.01579184 0.22653324
  0.12983134 0.04631884 1.         0.2175978  0.04362043 0.18901571
  0.02899285 0.05398523 0.1572093  0.05507002 0.07474783 0.14574611
  0.05355546]
 [0.03129417 0.09904512 0.06637918 0.18929264 0.19559464 0.16128306
  0.23243627 0.0263168  0.16938732 0.05008311 0.02215271 0.05942116
  0.09250414 0.20453245 0.14546366 0.03037641 0.01297249 0.03415834
  0.14233761 0.02677309 0.2175978  1.         0.20504342 0.15379233
  0.03602993 0.01707405 0.21586713 0.02612263 0.05810256 0.12990376
  0.11622355]
 [0.00865272 0.19442068 0.13310078 0.01960659 0.03958227 0.07332254
  0.20082877 0.00625761 0.04760225 0.06981466 0.15575977 0.22882173
  0.01408226 0.12092985 0.08784479 0.10960396 0.00963646 0.0516944
  0.17099655 0.0043655  0.04362043 0.20504342 1.         0.00899913
  0.05434073 0.03776202 0.08498659 0.01504052 0.04234931 0.01134511
  0.16856875]
 [0.22129714 0.01719448 0.01635015 0.0671786  0.0775441  0.19694063
  0.00995615 0.1151531  0.16089376 0.0107359  0.01702896 0.0155863
  0.06141354 0.11171921 0.0468112  0.01271885 0.07227039 0.03110343
  0.16631141 0.08670401 0.18901571 0.15379233 0.00899913 1.
  0.01638849 0.04883792 0.04015304 0.1968969  0.11067996 0.14901456
  0.02888305]
 [0.01118012 0.01160835 0.05542692 0.01394058 0.04709296 0.19119085
  0.24176417 0.05601189 0.00430291 0.13824823 0.19967739 0.04209289
  0.11482585 0.1411642  0.02004614 0.24448324 0.18561217 0.23000541
  0.01986888 0.06685538 0.02899285 0.03602993 0.05434073 0.01638849
  1.         0.03010652 0.13023488 0.13627978 0.04285895 0.18248085
  0.14003655]
 [0.17090613 0.16394272 0.07396615 0.0310705  0.03986372 0.0283868
  0.00970442 0.12086635 0.09117677 0.12930797 0.12890232 0.16620654
  0.01350256 0.02261737 0.14868232 0.17071844 0.14452868 0.16158429
  0.22214433 0.12822043 0.05398523 0.01707405 0.03776202 0.04883792
  0.03010652 1.         0.01527944 0.16665124 0.06617212 0.01398923
  0.04431056]
 [0.00673626 0.01940423 0.15327166 0.20127581 0.02751499 0.15056857
  0.22607933 0.16997851 0.06935184 0.19334845 0.04515305 0.18971736
  0.20965357 0.08971508 0.02762317 0.02870691 0.05473819 0.06329177
  0.01981959 0.03527744 0.1572093  0.21586713 0.08498659 0.04015304
  0.13023488 0.01527944 1.         0.01311836 0.19915461 0.08345716
  0.01691417]
 [0.17466824 0.01637616 0.01466913 0.00707533 0.05862957 0.23723991
  0.01413481 0.07080691 0.01653866 0.02040466 0.14878702 0.01864924
  0.02629056 0.11850382 0.04238955 0.11693359 0.23953614 0.1835967
  0.18690228 0.10685172 0.05507002 0.02612263 0.01504052 0.1968969
  0.13627978 0.16665124 0.01311836 1.         0.05523075 0.14035438
  0.15540057]
 [0.04947231 0.01668388 0.18696188 0.02860439 0.00591553 0.2264643
  0.01224921 0.191865   0.18226887 0.0309304  0.20142746 0.2413969
  0.06680847 0.14147779 0.00758631 0.02550617 0.19821312 0.03133516
  0.09460617 0.01559845 0.07474783 0.05810256 0.04234931 0.11067996
  0.04285895 0.06617212 0.19915461 0.05523075 1.         0.01370536
  0.00654864]
 [0.02152216 0.00754793 0.00742144 0.07413669 0.19908798 0.16756798
  0.14485186 0.07562515 0.00905478 0.05531743 0.01117085 0.00723956
  0.11430438 0.06913935 0.07665274 0.03489647 0.04635011 0.1430258
  0.0234185  0.19280695 0.14574611 0.12990376 0.01134511 0.14901456
  0.18248085 0.01398923 0.08345716 0.14035438 0.01370536 1.
  0.13787947]
 [0.02115386 0.06631521 0.01229524 0.00994749 0.18794338 0.11407708
  0.17486668 0.00638879 0.00724863 0.03986694 0.06983164 0.02043262
  0.01212762 0.10062635 0.19936924 0.16344115 0.01523761 0.18377033
  0.16641187 0.02829963 0.05355546 0.11622355 0.16856875 0.02888305
  0.14003655 0.04431056 0.01691417 0.15540057 0.00654864 0.13787947
  1.        ]]
[[1.         0.19681814 0.09657522 ... 0.08393118 0.12011786 0.09160024]
 [0.19681814 1.         0.21558391 ... 0.17946229 0.10639318 0.14254791]
 [0.09657522 0.21558391 1.         ... 0.05837643 0.1847267  0.11842877]
 ...
 [0.08393118 0.17946229 0.05837643 ... 1.         0.15964985 0.23361995]
 [0.12011786 0.10639318 0.1847267  ... 0.15964985 1.         0.1521962 ]
 [0.09160024 0.14254791 0.11842877 ... 0.23361995 0.1521962  1.        ]]
[[1.         0.00936845 0.07940294 ... 0.20592132 0.106355   0.04409915]
 [0.00936845 1.         0.14923291 ... 0.02188128 0.03408131 0.15134462]
 [0.07940294 0.14923291 1.         ... 0.07874746 0.01370207 0.06155891]
 ...
 [0.20592132 0.02188128 0.07874746 ... 1.         0.06550626 0.01445373]
 [0.106355   0.03408131 0.01370207 ... 0.06550626 1.         0.02748242]
 [0.04409915 0.15134462 0.06155891 ... 0.01445373 0.02748242 1.        ]]
[[1.         0.11931222 0.1274414  ... 0.16591962 0.14898549 0.15551036]
 [0.11931222 1.         0.00982587 ... 0.21343742 0.02603031 0.10744529]
 [0.1274414  0.00982587 1.         ... 0.02292609 0.15149287 0.19453326]
 ...
 [0.16591962 0.21343742 0.02292609 ... 1.         0.15214685 0.24176889]
 [0.14898549 0.02603031 0.15149287 ... 0.15214685 1.         0.08928037]
 [0.15551036 0.10744529 0.19453326 ... 0.24176889 0.08928037 1.        ]]
