[[-2.63256743e+00  7.50517031e-01 -2.86221596e+00 -1.20710191e-01
   2.25114184e+00 -1.57792314e+00]
 [ 1.43608518e+00 -2.70115584e+00 -1.64805760e+00  4.29557138e+00
  -1.62078824e+00  4.74068410e+00]
 [ 4.86377174e+00 -4.35589293e+00  2.75662190e-01  1.20682039e+00
  -2.35461031e+00 -2.02569081e+00]
 [-1.52245451e+00  1.19184199e+00 -1.57847011e+00 -3.80858866e+00
  -2.42603273e+00 -3.24854836e+00]
 [ 1.45763958e-02 -1.25015786e+00  2.09366289e+00 -3.51715901e-01
   3.66055754e+00 -4.96958855e+00]
 [ 4.98033291e+00 -4.63025480e+00  2.11172553e+00 -1.79849630e+00
   3.98261395e+00  3.20092668e+00]
 [-2.15010343e+00  1.09665663e-01 -1.57087487e+00 -8.54556916e-01
   7.39044880e-01 -1.79039237e+00]
 [-1.40956202e+00 -3.15006676e+00  3.10628577e+00 -2.13665829e+00
  -2.13465941e-01 -2.87503311e+00]
 [-1.18716237e+00 -2.55259755e+00 -2.29811291e+00 -1.94887589e+00
   4.58618502e+00  4.69536303e+00]
 [-8.30579370e-01  2.75306899e+00  3.51059960e+00 -2.10694228e+00
   4.02287316e+00 -4.19585070e+00]
 [-1.56867380e-02 -2.65928219e+00  4.75707485e+00 -3.95862955e+00
   1.00766507e+00 -2.76859507e+00]
 [-7.57983444e-01 -1.08654341e-01  3.02004435e+00  4.94153156e+00
  -3.76992441e+00 -1.47491323e+00]
 [-4.55457133e+00  2.18215143e+00  4.02296394e-01  3.72916965e-01
  -2.69516334e+00 -4.82595601e+00]
 [ 4.27800449e+00 -2.64117096e+00 -3.59754252e+00  2.85470481e+00
  -3.69948288e+00 -3.44423209e+00]
 [ 4.04975034e+00  7.64391297e-02  4.80455335e+00  1.48770797e+00
  -2.33624146e-02  1.10299756e+00]
 [-3.64022677e-02  3.64228518e+00  2.82563542e+00  9.05802641e-01
   8.54699503e-01  3.10114586e+00]
 [-4.95217967e+00  4.65871925e+00 -2.90650955e+00 -3.92032946e+00
  -2.39921729e+00 -3.05109048e-03]
 [-2.26105555e+00 -3.10104480e+00 -3.24353791e+00  3.19249384e+00
  -1.62368703e+00 -2.96351876e+00]
 [-1.64769542e+00 -7.40422405e-01 -4.15071407e+00 -3.97324177e+00
  -8.56995634e-01  3.74125671e+00]
 [ 3.45657706e+00 -3.76608501e+00 -4.23222594e+00 -3.34345834e+00
   2.51847750e+00 -2.12234330e-02]]
