[[ 2.33749498 -0.3011847   4.12536692 -2.98119874 -4.08939446  2.17685312]
 [ 2.35141576  3.22964891  2.61739821  3.70941564 -2.73556265  2.17028236]
 [-0.27975688 -2.04474447 -3.88054979  1.41187451 -4.99384927 -4.67916279]
 [ 3.12605187 -3.51996854 -0.50328646  2.86653388 -1.37783811 -4.82733921]
 [-2.07968003 -2.63270132  3.77909797 -4.71879698 -4.98538556  0.07747831]
 [-3.72705584 -1.57616772  3.18595557 -4.68734907 -0.3389056   1.10561244]
 [ 0.42666012 -3.0108071  -3.76409603 -1.57810166 -0.52559486  3.1634986 ]
 [ 4.02418671 -2.29614651 -1.89219066  2.9755892  -3.98495062  3.61973065]
 [-2.70198231  1.51309105 -1.07311159  4.28138041  1.93004794 -3.55877498]
 [ 2.80980316 -3.70702324 -3.86197551 -4.81018988  1.48373888  0.49274014]
 [ 3.55665956  3.95016168 -4.14518525 -4.57130842 -3.17035473  0.8037658 ]
 [ 3.75638206  3.7911218  -0.94597076 -2.50911957  0.38869068  1.26706658]
 [-0.60719357 -2.72795247 -2.38302517 -2.42554573  2.15694633  2.12593441]
 [ 2.59869001  1.73409342  4.83680419  3.66607183  4.70328823  1.58465645]
 [-0.29943648 -4.06850037 -3.36363571 -2.61015132  4.73360765  4.55092254]
 [-3.23535924 -3.14612073 -3.45318647  0.03975796 -2.67201806  3.19666515]
 [ 3.83398016  0.93022838 -0.35434608 -4.21972528 -4.97809346  4.34914423]
 [-4.16976859  3.39936056 -1.99505242  1.79730516  3.96092712  3.85782005]
 [ 2.20376608  1.03936868 -1.38263293  4.17498267 -0.71799211 -3.98735759]
 [ 2.92877331  4.89009444 -4.40834498 -2.48336315 -1.88279636 -2.25380907]]
