[[-0.36349908  3.08775544 -0.61661719 -1.85713237 -1.03126903 -2.87192868]
 [-0.15676733  1.18262657  1.0079016   0.08613976  2.56497514 -0.90011997]
 [ 2.54678218 -4.01075086  1.1742069  -1.45435213 -0.86895491 -2.33970237]
 [ 0.18768639 -4.49333292 -3.67116992  2.73883218  3.49719537 -1.46170816]
 [-1.61147613  2.45575897  1.04308696 -4.41831273 -0.33515034  4.61565116]
 [-3.84714329 -0.83865758  0.88576811 -4.23369719 -3.11299308 -1.57567934]
 [ 1.97097029  3.59666187  0.14816371 -4.15247829 -2.54742786 -4.13371516]
 [-2.66459648 -4.79763646  1.28312764 -3.01296138 -1.36628355 -3.4508808 ]
 [-1.93781074  0.38417569 -3.18131729 -0.47605025 -1.51970263  0.31074639]
 [ 4.98974092  4.99927219  3.89216571  4.63583154 -1.7992664   2.7801682 ]
 [ 3.54359705  2.11714216  3.43673605  1.33259314 -1.34281387 -0.61129711]
 [-4.23293465 -2.02295672  1.05847667 -0.09859721 -1.78286585  2.81207225]
 [ 4.23115181 -4.16124319 -4.88533905  2.23367504  1.99237705 -4.28408025]
 [-0.41644252 -1.0975199  -1.63785418  0.91717716  2.66731338 -1.07043116]
 [-2.40274689 -4.05417296 -2.68300018  2.39938268 -4.87529493  0.41303748]
 [-1.39220701 -3.03390235  1.05096818 -3.06122987  4.01771788 -4.9629293 ]
 [ 4.41229285 -1.07469386  3.87699867  2.01500003 -4.1195833   4.61052934]
 [ 2.17248214  0.01723039  3.53457797 -0.73118867  0.35632125 -3.5946306 ]
 [-2.57220933 -3.77657142  2.19803808 -0.22551264  3.41583787 -1.35689301]
 [ 1.70024364  2.91596077  0.79051516 -1.38927105 -4.77376456  2.94506278]
 [-3.42111043  3.35327472  2.93295714  1.85259611  3.71529425 -4.39448728]
 [-2.22881063 -1.27583166  2.44264425  3.05925848 -1.92282693  2.71026579]
 [ 2.27898527 -1.0781304  -3.64248259 -2.87822944 -4.59118525  1.47571628]
 [-2.67906413  0.89692741  3.66808375  0.35782649 -4.18438078  4.82622102]
 [-1.04453059  2.07170173 -1.9011082   4.82290336  4.99622111 -1.38622767]
 [ 3.21841533  3.90710427 -0.54028071  0.03953552  0.22489904  1.07553464]
 [-3.22751669  0.79554478  2.42785531  1.8764794   4.68234328 -3.5570233 ]
 [ 2.98823831 -2.71337438  0.60612876  2.88670747  2.84032738 -1.79589167]
 [-0.82277295 -1.85476284 -0.62673353 -4.31045229 -0.34803159  0.30871336]
 [ 1.21597965  3.73200803  4.15644458  0.58979689 -4.38684217 -1.23257543]
 [-2.03794362  0.27084824  4.45636395  3.00161368  4.15305245 -0.19699747]
 [ 3.45421533 -3.14298452 -1.15354365 -0.9170998   0.30655317  2.13111372]
 [-1.71029654  4.79987275  4.50141757  2.79046983  0.37577484 -1.35429775]
 [-0.42101565  3.37105713  4.38234299  2.23437288  3.30634437 -0.90749686]
 [ 0.69598246  4.06524733 -4.24882555  3.42023469 -0.22732805 -1.53749591]
 [-0.59531387 -3.34284864 -0.006274    3.53321881 -2.55939569  3.93585041]
 [-0.72020831 -2.43981361 -1.58839369 -0.55902818  4.8935132   3.3045381 ]
 [-0.41510253  3.47508265  0.07541099  3.59564283 -3.5216821   3.64906784]
 [ 3.4783918  -0.77240774 -4.43729146  3.4443988   2.11021066 -1.90222785]
 [ 0.87619005 -4.89662895 -3.02318045 -2.00815165 -2.80801123 -0.60098079]
 [ 4.81196817  3.43582214 -1.94870253  3.31443675 -3.81227827  1.47103207]
 [ 4.64888878 -1.4246333   4.55368653  4.3844056  -4.85426927  0.07725756]
 [ 3.32771971  3.56552733 -0.819392   -4.07096479 -3.13026284 -4.34798771]
 [-1.68124525  2.1185964  -1.19956874  2.93921372  4.82092279 -1.36538488]
 [-1.27972784  1.32016485 -1.42127894 -4.2131385   3.05588626 -4.75141493]
 [ 0.45241479  1.4861494  -4.24861275 -0.69804439 -0.12565203  1.04030853]
 [ 4.94223212 -4.81004616  0.68815402 -1.53771623 -0.44738857  3.29565259]
 [ 3.93576563  0.95098027  3.99160963  3.75336898 -3.42041689  4.39600742]
 [ 1.85779328  2.29469057  0.25513441  4.75800229  4.30135398 -4.81487695]
 [ 3.91365879 -2.02947422 -4.61561546  1.03692319 -2.72935893 -0.59130686]
 [ 4.50498656  2.00336047 -0.5028827   1.44229606 -3.03950959 -3.9449302 ]
 [ 4.55147596  4.21182987  1.50819175  2.84127408 -3.95502157  4.88078854]
 [-1.76983163  4.87407404 -2.14255772 -3.86781705 -4.64487607 -4.43324932]
 [-3.74267437  1.01320338 -2.99702338  4.87159793 -2.77146946 -1.05852455]
 [-4.41421877 -2.37368681 -2.09121042  4.88796596  3.56454994 -3.96006429]
 [ 3.78658     2.8769684   1.85014062 -2.36999123  4.6980181   3.93160853]
 [ 3.74662242 -1.30715579 -3.19953793 -2.12691277  1.27190606 -2.49912359]
 [ 0.64145231 -0.740709    4.7235362  -3.26009181 -2.23637475 -2.69411973]
 [-4.19193174 -2.11195897 -0.09335166 -4.73670556  0.88441115  1.82481741]
 [ 2.6152868  -1.15514425  3.11979328  0.55891813  3.64282619 -4.91720928]
 [ 3.04057213  0.2116485   3.2408797  -4.8527665   2.30144751  3.07930406]
 [-3.47793215  3.77405947  0.18972199 -4.76237099  1.60762362  3.40524788]
 [ 1.04524069  0.1854918   0.3317258  -1.65385894  0.5571971  -4.95072681]
 [-1.69720517 -1.22272312  0.70342607 -4.40765065 -3.12418014 -2.53315475]
 [-3.79166076  3.55818033  3.18461938 -2.51756612  4.29369614 -0.6999805 ]
 [ 0.97449347  2.99222677 -1.56948117  3.16133337 -1.14166765  1.76838293]
 [ 4.23085475  1.91346329  3.15549329  0.47002715  0.50627227  3.10682401]
 [ 0.87586569 -1.05325238 -4.66628826 -0.1656936   1.25060662 -0.58814393]
 [ 0.53379198 -1.19498103 -3.70083827  2.10816656 -4.68742767 -2.35670752]
 [-2.68087393  3.98354345  3.26466599  3.85769529 -0.5882736   4.55258679]
 [-4.600027   -4.22902339  3.13851153 -4.33917282 -1.5891428   3.35821807]
 [-1.10763868  2.48661259 -2.17589888 -0.01626818  1.61987751 -3.11136839]
 [ 2.63555109  2.76485291  1.28050371  4.41535482  0.71172312 -0.84202322]
 [ 1.64018106 -2.36295417 -4.45321284 -4.21649647 -0.384233   -0.7781185 ]]
