[[ 4.4538438   3.6372121  -4.90949013  0.0717198  -4.32658249 -2.44308712]
 [-0.94599769  4.35297782 -3.59136993  2.37524756 -1.70646486 -4.88941557]
 [-4.99504075 -1.39239782  0.39222928  4.1889412  -3.25141945 -4.22346795]
 [-1.88594104 -1.06849246 -1.43161938  2.45087274  2.0540173   3.69684445]
 [-2.97625233 -3.08367537  1.082503    1.98735136 -1.73002498  4.98391602]
 [ 4.63123039 -0.90489116  0.25295578  2.80931218  2.67813023 -3.13414483]
 [-1.10625815  0.55520224  0.93647228  4.10769239 -0.61785876  1.41554081]
 [-3.68164769  2.9365511  -4.78683546  2.96795672 -3.3403232  -3.33218557]
 [ 0.30266042 -4.60052538  3.3783868  -1.51842159 -4.30559931  4.25841125]
 [ 1.12433971  1.06499629  4.43708194 -1.55809988 -4.99053596  2.73796163]
 [-4.74574451 -3.01260993 -3.89084065 -0.87581616  0.48322153 -2.17567896]
 [ 0.39052096  0.776822   -0.09830396  2.18847267  0.41606498 -1.9089627 ]
 [ 4.59605936  4.51192989  1.0658186   0.82785365 -1.36232929 -4.08398488]
 [ 1.56886057  3.52516519 -4.01725858 -1.36809532  0.01343627  2.82795104]
 [ 3.31524374  1.43574876  3.69003009  3.42656416  1.29806731 -1.60017404]
 [ 3.42797674 -4.56766539 -4.86604685  3.83817628  4.32236601 -4.37494899]
 [-0.52734745 -4.99129336  3.54391529 -3.995782   -2.81564948  2.0972739 ]
 [-2.96730305 -2.65507101  0.96550121 -1.17272141  2.51822288 -1.51868531]
 [ 4.0888328   4.3779876   0.88889711  0.12520518 -3.36838769  2.85672975]
 [ 3.8390838   1.7073102  -1.38899801 -2.88235667  4.41880465 -2.80128095]]
