[[ 3.39056320e+00 -2.57873740e+00 -5.32727138e-01 -3.89855387e+00
  -2.49449545e+00 -3.58619287e+00]
 [ 2.03099237e+00  2.92329808e+00  3.73514091e+00  4.18384923e+00
  -6.99849089e-01 -1.71651823e+00]
 [ 1.10933190e-01  4.71960912e+00 -1.97760454e+00 -5.91552228e-01
   8.24432840e-01 -1.81719763e+00]
 [-1.85437210e+00 -2.86238882e+00 -1.10526275e+00 -7.21658004e-01
  -1.99289089e-01 -4.16617601e+00]
 [-1.84107062e-01  2.97523464e+00  1.56024024e+00  1.48109968e+00
   2.58365013e+00  1.54068019e+00]
 [ 2.64504264e+00 -4.27426339e+00 -3.16980500e+00 -4.93279503e+00
   1.51840299e+00 -4.91823115e+00]
 [-8.63406881e-02  4.08416050e+00 -4.55032673e+00 -4.49281953e+00
   2.56882700e+00  3.35297608e+00]
 [-3.17661552e+00  3.83191286e+00  1.77791591e+00  2.76746013e+00
  -4.94598678e+00 -2.21238390e+00]
 [ 4.44420410e+00  3.77206203e+00  2.93385056e+00 -2.04511964e+00
  -3.52953703e+00  3.85227231e+00]
 [-2.12738278e+00  2.52801241e-04  4.33891720e+00  4.25869722e+00
  -6.50976130e-02  3.75187831e+00]
 [-1.20495779e+00  4.10762864e+00 -3.62924028e+00 -3.18678798e+00
  -2.70726222e+00 -3.94710559e+00]
 [ 4.41981100e+00 -3.71781603e+00 -8.98295176e-01 -3.11473917e+00
  -3.80191439e+00  1.23843307e-01]
 [ 4.19106871e+00  3.00525198e+00 -3.88613187e+00 -4.80498591e+00
   4.24616292e+00  3.45639775e+00]
 [-1.73127089e+00  1.29941887e+00  3.87248098e+00 -4.65559508e+00
  -3.54279294e+00 -1.91593566e-01]
 [-8.25496853e-01  7.67454830e-01 -5.51962540e-02 -1.49680038e+00
  -4.94529811e+00  3.09529656e+00]
 [-1.71115702e+00 -2.42415057e+00 -1.91470682e+00  2.98778412e+00
  -2.83765156e-01 -3.66263209e+00]
 [-4.66204734e+00  5.67979018e-01  2.40062686e+00 -3.27602999e-01
  -4.43057192e-01  1.99833829e+00]
 [ 2.84405153e+00 -1.03239167e+00 -4.02586911e+00 -2.36462474e-01
  -3.12535271e+00  3.40386556e+00]
 [-4.62526952e+00 -4.59311070e+00 -2.22975782e-01 -1.94402515e+00
   4.72778780e+00  2.05720817e+00]
 [ 3.19470661e+00  1.34583755e+00  4.70138799e+00  3.57519630e+00
   3.21747827e+00 -4.60479089e+00]]
