[[ 3.01635584 -2.33780578  0.54696526 -0.01455486  2.61822697  4.15647554]
 [-3.64290897 -4.63669072 -3.00183525 -4.57914415  0.45426902  1.91342211]
 [-4.82704046 -0.0210466  -3.84554683 -3.78681361 -0.59081758  1.3496343 ]
 [-0.69671636  2.38870174  4.05019881  3.61876154  2.38989096  4.56138601]
 [ 3.60495014 -4.62713216  3.33880943  4.24475687 -1.19476618  2.38337997]
 [-2.27376303 -1.51465951 -3.11542727 -4.80220788 -4.92632695 -4.60829318]
 [ 0.05796134  3.03484556  0.41519737  1.19870709  0.1797641   4.54382549]
 [-2.96437602 -4.70758549  3.53836247 -0.04834353  0.43310485 -1.75286639]
 [-1.83547792  1.40762279  4.07402517 -4.59047685  1.42855998  2.59043876]
 [-3.3417746   0.83809263 -1.53630481  1.93504442  3.29320827 -2.87212061]
 [-4.70914085 -1.38740532  0.38271918 -0.50178541 -0.5295777  -3.41335445]
 [ 3.81170323  0.20583885 -4.26756466 -2.11282197 -2.66975927  1.77149239]
 [ 2.14530775 -3.59851158  1.6401562   0.95939168  4.26816394 -1.81056046]
 [-2.99923526  1.07246497 -3.40335571  0.23662802 -2.47951866 -1.65806642]
 [ 1.47183499 -1.38958691 -2.13637428 -0.3273839   2.89915046 -4.76224586]
 [ 1.80130276 -2.52487026  2.13634076 -1.04130386 -3.75976952  2.16626189]
 [ 0.26904131  3.81737518 -2.68207167 -0.59154031 -3.55703191  2.09133409]
 [-3.34413471  4.4521864  -3.29631951 -0.88035084  0.91623263 -3.48268553]
 [ 1.5037977   4.44073757  3.55261738  1.05046592 -1.38273818 -0.09369402]
 [-0.63216634 -2.68718039 -0.04139604  2.69833796 -0.25237685 -4.66352762]]
