[[-0.99207357  4.40300152  3.44301426  2.34689049 -1.83358686 -3.26744345]
 [ 1.09515182 -3.4290197   2.29022726  2.05979542 -2.53420716 -2.55628367]
 [-3.86936836 -0.31783916 -2.09705978 -1.80182897 -4.19198494 -0.32015799]
 [-3.05463438 -0.62649605  2.60990759 -1.04217331 -0.86142284  3.14906856]
 [ 0.74131809 -0.82993183  3.98066263 -0.26423018 -4.38267442  2.05451031]
 [ 1.99492057 -1.68604369  0.52888925  3.36562189  3.04049685 -0.37153043]
 [-1.37174742 -1.01241177  1.91566011 -0.40010584  2.10258018  0.68989567]
 [-0.09166931 -1.17552746 -3.1513282  -4.98620797 -0.57511659 -2.20802187]
 [-3.56043484 -0.13259545  1.83773486 -3.29870051  3.12997017 -1.71806447]
 [ 2.72740702  3.49309766  1.61682405  0.57819416  0.5755765   4.08549343]
 [-4.2023039   4.82252893  4.74618843 -3.76058766 -1.78923542  3.26912298]
 [ 4.73805573 -4.82103629  3.55512964  2.22686141 -1.55609334  1.45165211]
 [-4.42846531  1.58184453 -3.24605723  1.25378876  3.0455022  -0.14082711]
 [-3.53438316 -2.32172179 -1.42800076 -2.00011788 -3.03214111  3.4814649 ]
 [-1.11225729 -4.66241664  0.97405299 -0.02334875 -0.21575079  1.55173883]
 [-2.50358932  4.81231673  1.21668868  3.63369625 -0.90838651 -4.12969471]
 [ 1.44368898 -0.40465253 -4.1011908  -1.55118025 -0.13055857  4.15601024]
 [-2.28746992 -1.80642907 -2.14284399  4.21158164  1.02960671 -4.17890691]
 [ 2.05455799  2.30360448 -0.4991023  -2.87125201  3.85311307  3.16110358]
 [-3.77204928  2.51668002 -1.49864211 -0.86795749 -2.23444254 -2.64653079]]
