[[-2.4827746   0.98245803  0.32866387  0.80235161 -4.36668888  4.36743165]
 [-1.29351965  3.78626885 -4.68780375  1.90138745 -1.6093894   0.1217312 ]
 [ 2.53637406  3.4924311   2.66963982 -4.95716224  0.98878599  1.65115004]
 [-1.19602135  1.03784237 -3.60673981  1.50270688  2.95366299  3.55733604]
 [ 4.77531505 -4.00987585  2.38469292  2.45770492 -0.43928803 -0.33591533]
 [ 4.27339856  0.03834679 -2.61304964  3.68283251  2.3200817  -0.06007268]
 [ 0.46684662  1.2117963  -3.25963305 -0.89426416 -0.92462819 -1.69180596]
 [ 4.55136902  2.37624077 -2.0850542   2.21941536  4.95992924  2.83465602]
 [ 2.5037799   3.49427374 -1.12801283 -0.47451472  1.58049529  2.25209735]
 [-2.12895887 -1.01665157  0.53729435 -0.6115218   4.16654093 -1.57975164]
 [-1.18086574  2.23563312  2.16718254  3.25541354 -1.16690734 -2.11845534]
 [-2.74282651  1.24338326 -0.91008908 -4.5001383   3.27370079  3.85744644]
 [ 1.56890669 -3.87453508  4.91180523  3.73801732 -2.14467432  3.28000882]
 [-2.59949114  1.70923148  4.72826677  4.82524868  4.04412091  4.61128888]
 [-4.07308805  2.16299295  3.24865737  4.36225253  3.6423714  -1.94702584]
 [-0.56733659  0.10810101  4.71331063  4.85445854  0.65215997 -4.1816427 ]
 [-2.38833327  0.44149545  4.94837275  0.19733043 -3.72418729 -0.53788696]
 [ 3.77463944 -1.95776721  1.81276342 -1.02202735 -4.38279723  3.56331321]
 [-1.143494   -2.93881995 -3.38396151  4.40345146 -1.43458095  2.32000955]
 [ 0.55598526  3.11695869  1.34217451  2.13729139  1.03984446 -0.46711831]]
