[[ 4.00583897 -0.73235736  0.25281049 -0.62484513  1.27783644 -0.78847835]
 [-4.68633345 -3.83010036  0.25784114 -4.73293933  4.8152533   3.39983353]
 [ 2.38579233 -0.80270144  4.933628    4.91393257 -0.99574308  2.27923179]
 [ 3.75671546 -2.79960361  1.41360456 -3.98010108  1.76437953  3.74407298]
 [ 4.44169044  3.09811561  2.18846202  4.14892295 -4.97005678 -4.07004847]
 [-3.66460251  0.39434383  2.4560906  -4.83381275 -3.12968349  3.07376829]
 [-3.46565098 -4.05481752  3.82901871  0.07670055  2.07778639  0.93515351]
 [-1.61636445 -3.3599353  -1.05423114  4.47349844 -0.14430059 -3.0416236 ]
 [-2.0717801  -4.80164363 -2.13149311  3.60620268  4.30579634  2.47551577]
 [-0.44549123  1.65387815  0.74049137  0.34422217  4.59105639 -4.74916972]
 [ 3.69770244 -4.39841592 -4.50737009 -2.00044181  2.47118407 -4.17376704]
 [ 0.95042879 -1.85687721  3.49329359 -4.42807506  1.41680684 -4.67663236]
 [-3.88845925 -0.33122468 -2.07332602  2.1865522  -0.72554365 -4.90917338]
 [-1.05118616  4.08021754  0.49478048  4.78260487 -1.36315358 -1.03882647]
 [ 1.09298329  1.16772333  2.9215291   2.38300497 -3.60242217 -4.74424009]
 [-1.63231426  4.77396917 -4.35279941  3.5546015   4.8479999  -4.53977434]
 [-0.07245816  4.82023222 -3.00139505  2.79891077 -0.88185642  4.78038364]
 [-3.90497721 -3.58148158  1.99781498 -4.18585211  4.22391263 -2.42779011]
 [-1.24560968 -4.21878964 -4.88958708 -1.00772567  2.28480073 -0.01688682]
 [-2.28097711 -0.74229316 -0.02854445 -4.85222933 -2.60978315 -1.28925683]]
