[[1.00000000e+000 7.25679614e-019 5.27461422e-047 1.46747688e-013
  7.07790705e-025 2.05277558e-047 2.12957512e-050 1.28634291e-011
  1.70001273e-032 3.53211268e-046 8.46415331e-038 4.97732230e-030
  8.04877336e-021 1.02063493e-033 4.02074514e-042 2.79793420e-041
  3.12868368e-049 3.73760848e-029 9.11477931e-029 1.06521010e-029
  1.00000000e+000]
 [7.25679614e-019 1.00000000e+000 8.52946568e-059 3.29623820e-029
  9.19334369e-052 7.99134342e-044 1.57403738e-065 4.40703867e-017
  1.71188378e-050 2.21981559e-060 9.15154669e-034 7.66430302e-031
  3.23536435e-013 2.54285083e-046 1.10837347e-074 8.17627544e-055
  6.47115933e-030 4.79028982e-009 1.64572969e-039 1.65192735e-061
  1.00000000e+000]
 [5.27461422e-047 8.52946568e-059 1.00000000e+000 9.99412571e-065
  9.78217226e-045 3.94083353e-085 7.24190473e-054 2.13784975e-027
  8.30418218e-033 1.16812441e-027 2.19412255e-093 1.92712265e-092
  1.53344812e-038 2.55906096e-038 7.98769345e-037 2.98998533e-093
  1.01386912e-117 4.46113778e-065 3.06657124e-066 1.67397121e-011
  1.00000000e+000]
 [1.46747688e-013 3.29623820e-029 9.99412571e-065 1.00000000e+000
  2.35612196e-034 2.85245735e-018 1.52290518e-040 2.08001183e-027
  2.37043159e-051 4.32324389e-033 4.08078995e-022 7.49078023e-019
  2.08105642e-033 1.89083015e-049 2.24551846e-034 4.40885298e-020
  1.03167201e-033 2.85935602e-025 2.39290787e-036 3.69564164e-040
  1.00000000e+000]
 [7.07790705e-025 9.19334369e-052 9.78217226e-045 2.35612196e-034
  1.00000000e+000 1.04945495e-077 2.50827478e-024 7.87409465e-015
  1.37098652e-011 1.30163746e-054 1.84507409e-039 7.36090181e-046
  8.30233421e-065 7.34780870e-048 4.71795530e-025 5.35198444e-037
  7.89170519e-056 3.42464764e-042 3.31581248e-013 8.91132142e-021
  1.00000000e+000]
 [2.05277558e-047 7.99134342e-044 3.94083353e-085 2.85245735e-018
  1.04945495e-077 1.00000000e+000 4.35430977e-070 9.64164291e-054
  5.70176520e-099 1.30009925e-044 1.16238234e-047 1.63605829e-049
  5.05920683e-040 1.06390872e-085 5.56896944e-063 3.65267319e-041
  3.47521095e-049 3.05472101e-032 2.90764905e-073 1.96842812e-070
  1.00000000e+000]
 [2.12957512e-050 1.57403738e-065 7.24190473e-054 1.52290518e-040
  2.50827478e-024 4.35430977e-070 1.00000000e+000 9.65324893e-039
  6.23835506e-044 4.23786129e-032 1.64894058e-027 4.82750438e-033
  5.54062766e-085 5.66109801e-031 1.07438903e-010 7.10604884e-058
  1.38476360e-054 8.19830719e-051 2.11778924e-052 2.28240200e-036
  1.00000000e+000]
 [1.28634291e-011 4.40703867e-017 2.13784975e-027 2.08001183e-027
  7.87409465e-015 9.64164291e-054 9.65324893e-039 1.00000000e+000
  4.27228257e-017 8.07305130e-046 4.42575517e-040 3.60592923e-042
  1.81549450e-022 4.03596782e-035 1.42894450e-038 6.48441064e-045
  1.88855380e-046 9.01146123e-019 1.16706565e-017 2.05723551e-021
  1.00000000e+000]
 [1.70001273e-032 1.71188378e-050 8.30418218e-033 2.37043159e-051
  1.37098652e-011 5.70176520e-099 6.23835506e-044 4.27228257e-017
  1.00000000e+000 2.13108318e-057 2.86073168e-055 5.41142534e-061
  5.42127717e-058 9.78821570e-057 4.23369912e-044 5.02768000e-046
  1.44799549e-070 4.17333390e-046 1.04442507e-014 3.85151474e-023
  1.00000000e+000]
 [3.53211268e-046 2.21981559e-060 1.16812441e-027 4.32324389e-033
  1.30163746e-054 1.30009925e-044 4.23786129e-032 8.07305130e-046
  2.13108318e-057 1.00000000e+000 1.08386457e-055 3.84032951e-051
  7.77248208e-047 2.82042333e-033 7.79681970e-018 4.53347460e-064
  4.02019731e-087 1.65602970e-058 1.03159328e-078 2.24037989e-024
  1.00000000e+000]
 [8.46415331e-038 9.15154669e-034 2.19412255e-093 4.08078995e-022
  1.84507409e-039 1.16238234e-047 1.64894058e-027 4.42575517e-040
  2.86073168e-055 1.08386457e-055 1.00000000e+000 1.64067332e-004
  2.82279895e-067 9.10254070e-055 3.69630014e-049 1.43959270e-028
  1.46720149e-008 1.04707655e-020 4.64821473e-037 5.01830843e-073
  1.00000000e+000]
 [4.97732230e-030 7.66430302e-031 1.92712265e-092 7.49078023e-019
  7.36090181e-046 1.63605829e-049 4.82750438e-033 3.60592923e-042
  5.41142534e-061 3.84032951e-051 1.64067332e-004 1.00000000e+000
  1.55098013e-059 1.53781210e-042 3.74879925e-049 4.94859054e-038
  2.87814217e-017 1.18674833e-027 9.44506215e-048 3.90243260e-072
  1.00000000e+000]
 [8.04877336e-021 3.23536435e-013 1.53344812e-038 2.08105642e-033
  8.30233421e-065 5.05920683e-040 5.54062766e-085 1.81549450e-022
  5.42127717e-058 7.77248208e-047 2.82279895e-067 1.55098013e-059
  1.00000000e+000 1.19493229e-050 1.85236248e-073 5.08730807e-069
  1.14346795e-069 2.11901326e-028 1.56919392e-058 7.76148832e-046
  1.00000000e+000]
 [1.02063493e-033 2.54285083e-046 2.55906096e-038 1.89083015e-049
  7.34780870e-048 1.06390872e-085 5.66109801e-031 4.03596782e-035
  9.78821570e-057 2.82042333e-033 9.10254070e-055 1.53781210e-042
  1.19493229e-050 1.00000000e+000 3.49027256e-029 7.97849403e-104
  8.41512480e-086 9.15421620e-063 1.37048803e-081 1.49479566e-036
  1.00000000e+000]
 [4.02074514e-042 1.10837347e-074 7.98769345e-037 2.24551846e-034
  4.71795530e-025 5.56896944e-063 1.07438903e-010 1.42894450e-038
  4.23369912e-044 7.79681970e-018 3.69630014e-049 3.74879925e-049
  1.85236248e-073 3.49027256e-029 1.00000000e+000 2.03814554e-060
  1.09084274e-083 2.64176669e-066 2.15772586e-060 4.89309238e-016
  1.00000000e+000]
 [2.79793420e-041 8.17627544e-055 2.98998533e-093 4.40885298e-020
  5.35198444e-037 3.65267319e-041 7.10604884e-058 6.48441064e-045
  5.02768000e-046 4.53347460e-064 1.43959270e-028 4.94859054e-038
  5.08730807e-069 7.97849403e-104 2.03814554e-060 1.00000000e+000
  1.21839513e-031 2.12467747e-032 5.00432328e-021 1.77361089e-062
  1.00000000e+000]
 [3.12868368e-049 6.47115933e-030 1.01386912e-117 1.03167201e-033
  7.89170519e-056 3.47521095e-049 1.38476360e-054 1.88855380e-046
  1.44799549e-070 4.02019731e-087 1.46720149e-008 2.87814217e-017
  1.14346795e-069 8.41512480e-086 1.09084274e-083 1.21839513e-031
  1.00000000e+000 1.77711307e-013 5.89570220e-037 1.41979958e-100
  1.00000000e+000]
 [3.73760848e-029 4.79028982e-009 4.46113778e-065 2.85935602e-025
  3.42464764e-042 3.05472101e-032 8.19830719e-051 9.01146123e-019
  4.17333390e-046 1.65602970e-058 1.04707655e-020 1.18674833e-027
  2.11901326e-028 9.15421620e-063 2.64176669e-066 2.12467747e-032
  1.77711307e-013 1.00000000e+000 2.99616558e-026 4.60911622e-062
  1.00000000e+000]
 [9.11477931e-029 1.64572969e-039 3.06657124e-066 2.39290787e-036
  3.31581248e-013 2.90764905e-073 2.11778924e-052 1.16706565e-017
  1.04442507e-014 1.03159328e-078 4.64821473e-037 9.44506215e-048
  1.56919392e-058 1.37048803e-081 2.15772586e-060 5.00432328e-021
  5.89570220e-037 2.99616558e-026 1.00000000e+000 1.87676665e-045
  1.00000000e+000]
 [1.06521010e-029 1.65192735e-061 1.67397121e-011 3.69564164e-040
  8.91132142e-021 1.96842812e-070 2.28240200e-036 2.05723551e-021
  3.85151474e-023 2.24037989e-024 5.01830843e-073 3.90243260e-072
  7.76148832e-046 1.49479566e-036 4.89309238e-016 1.77361089e-062
  1.41979958e-100 4.60911622e-062 1.87676665e-045 1.00000000e+000
  1.00000000e+000]
 [1.00000000e+000 1.00000000e+000 1.00000000e+000 1.00000000e+000
  1.00000000e+000 1.00000000e+000 1.00000000e+000 1.00000000e+000
  1.00000000e+000 1.00000000e+000 1.00000000e+000 1.00000000e+000
  1.00000000e+000 1.00000000e+000 1.00000000e+000 1.00000000e+000
  1.00000000e+000 1.00000000e+000 1.00000000e+000 1.00000000e+000
  0.00000000e+000]]
