[[ 1.6678353   2.0436482   1.6579652   0.65594619 -2.31190218 -2.04640415]
 [ 1.23161937 -0.8514733   1.69939496 -4.95956599 -2.6076122  -3.30020939]
 [-2.95168384  3.07746358 -4.80366811 -1.98888265 -4.49015487  3.49049509]
 [-0.01245744  2.76039098  2.6099775  -0.35007295  2.61701847 -2.02916934]
 [ 1.57267472 -1.12717808 -3.27729993  3.33452774  0.39146806  0.54292059]
 [-2.48773161  4.62169276  1.20837374 -4.63115731  4.71763107 -4.49942736]
 [ 2.94682596  0.41799038 -2.95322678 -1.07467446  4.17418643  4.56927925]
 [ 0.80402992 -0.18997833 -2.44514181 -0.84788651 -2.48851466 -1.5846751 ]
 [-1.25509988 -3.1624682  -2.53105678  2.64259874 -2.75726776  1.93000694]
 [-2.76701631  4.9341083  -0.1875166  -3.01990468  1.39304466  4.73519123]
 [ 2.76017177 -2.5932424   2.61858434 -2.43021006  4.57251053  0.15044639]
 [ 3.55384825 -0.96079789  4.42850824 -2.37579995  3.21290358  0.69185214]
 [-1.85851439  3.00982278  1.13226086 -4.48081116 -4.5400482  -3.17461333]
 [ 4.8497237   3.71192971 -0.45175595 -3.0815344  -2.52557267  4.63131752]
 [ 0.99729311  4.13558639 -2.94200665  0.82346903  2.86233005  4.47515934]
 [-3.22705878 -2.07230923  2.0274915   1.98807727  4.76961846 -2.69212571]
 [ 2.39053756 -4.55067542  2.43023806 -3.73811796  4.47430374 -3.35860027]
 [-0.04499851 -2.43891593  0.10568576 -4.58821623  0.89546645 -3.54016329]
 [-0.53667967 -4.28781353 -1.47819083  2.56693726  0.08215664 -2.6779875 ]
 [-1.6760938   3.74883293 -3.8561204   1.75680781 -1.87160577  2.51554517]]
