[[ 1.90647945  2.54446879 -0.03509206  3.67848272  3.37496122  3.77991367]
 [ 3.41861202  4.59574093 -1.83271286 -1.69311535 -2.23881318 -2.86775848]
 [-0.93634237  1.49106611  0.01524023 -4.74805619  4.9195016  -0.93488125]
 [-4.65248166  1.77502381 -3.8360271   2.23236294  0.82405091 -1.92306449]
 [-4.01144982 -4.39972959  1.6828058   1.20657794  1.59049625  3.08313197]
 [ 2.9096443  -3.87869939 -4.99990469 -0.38902893  1.84302343 -0.57040364]
 [-3.16295646  3.67837999  4.95382896  0.62512026 -1.52514132  1.07801179]
 [ 0.57208411 -0.48241031  2.97843134  2.62227381  2.99108795 -4.92305117]
 [-0.75137764  0.69552139 -3.31051034 -3.71765272 -2.98557933  4.28122892]
 [ 1.06703666 -0.92116111 -1.59579649  4.65546253 -4.87770342  0.62347138]
 [-2.38301088 -2.6015688   0.91935501 -2.77461041 -3.8173379  -3.59565042]
 [ 4.71982887 -2.33491543  3.91200013 -1.63412101 -0.25676907  1.88795555]]
