[[-2.68400533e+00 -4.33059196e+00  4.36751887e+00 -3.31606013e+00
  -2.97768304e+00  3.17900522e+00]
 [ 2.71811640e+00  1.78007998e+00  4.66337249e+00  1.91723906e+00
   5.80439832e-01  4.14005267e+00]
 [-2.25611917e+00 -2.76332788e+00  1.53977216e+00  3.45880626e+00
  -5.26274549e-01 -2.72616003e+00]
 [ 2.09600322e+00  1.04519058e+00  1.83501475e+00 -3.33060834e+00
  -3.00729268e+00  4.50399520e+00]
 [-4.46395305e-01 -3.17379620e+00 -3.29639560e+00 -2.70047304e+00
   2.58257480e+00 -4.52558642e+00]
 [-1.81024693e+00 -2.44913949e+00 -2.69063529e+00  3.38209141e+00
   2.74348231e+00 -4.57781090e+00]
 [ 1.16684776e+00  1.70619089e+00  1.34288628e+00 -2.70225726e+00
   1.36328082e+00 -3.08477004e-01]
 [-4.61545149e+00 -2.94549881e-01 -7.07124265e-02 -3.08290820e+00
  -1.92307220e+00  3.43646421e+00]
 [ 3.24082395e+00 -4.20949099e+00 -2.53768757e+00  2.34415867e+00
  -4.66730912e+00  9.23862014e-01]
 [ 3.57119289e+00  1.66066508e+00  4.47979733e+00  4.26759068e+00
   3.33758639e+00 -2.47093826e+00]
 [-3.37877623e+00 -2.34664875e-03  1.76127447e+00 -3.64784485e+00
  -1.00372490e+00 -3.81496088e+00]
 [ 5.23017344e-01 -1.65867694e+00 -2.59461344e+00  2.56455496e+00
  -1.52425351e-01 -1.69938264e+00]
 [-1.77781030e-01 -3.34303159e+00 -9.13994304e-01  4.53364143e+00
   3.45392140e+00  2.08186505e+00]
 [ 2.38557293e+00  4.56001463e+00 -4.57491142e-01  4.74566352e+00
  -3.97885883e-01  1.76464491e+00]
 [-4.32103865e+00 -6.94329023e-01  4.06565251e+00  2.04363573e+00
  -1.03496966e+00 -3.87416626e+00]
 [-3.59489820e+00 -8.22783347e-01  4.86184271e+00  2.85806741e+00
   4.20180656e+00 -3.98623276e+00]
 [ 3.89220966e+00 -3.41077101e+00  2.76834397e+00  2.03029032e+00
   3.57788552e+00  1.00218938e+00]
 [ 2.49826826e+00 -2.11310597e+00 -1.34426244e+00  2.73671563e+00
   4.86404186e+00  2.16224398e+00]
 [-4.36023056e+00 -1.55320906e+00 -3.35265682e+00  3.85925025e+00
  -2.52573248e+00 -4.77911113e+00]
 [-6.83951453e-01  1.73075498e+00 -4.83832933e+00 -7.17368750e-01
   4.15215334e+00  1.23874440e+00]]
