[[ 2.99254145e+00  1.30506627e+00 -2.11446584e+00  2.00831064e+00
   6.33408434e-01  1.57104462e+00]
 [ 2.96540768e+00 -1.31228428e+00  1.14274968e+00 -2.68522278e+00
  -2.90488151e+00 -2.03604466e+00]
 [-2.37327072e+00  2.90785505e+00  4.15224187e+00 -2.25131491e+00
   8.03758321e-01  3.36174244e+00]
 [ 1.37790308e+00 -7.55044391e-01 -4.07348231e+00  9.46337572e-01
   4.76961798e+00 -7.87489019e-01]
 [ 1.64915719e+00  2.60447124e+00  3.96808463e+00 -5.97514411e-01
  -3.34680710e-01  3.04155017e+00]
 [ 3.59704465e+00  1.77021403e+00 -4.76292770e-01  4.22596288e+00
  -7.26305535e-01 -6.76618225e-01]
 [-2.51622059e+00  4.45849461e+00 -3.80399958e-01 -4.94708119e+00
  -1.44927300e+00  1.10365289e+00]
 [-1.23725357e+00  4.39467164e+00 -2.77509231e+00 -4.90206965e+00
   2.23694794e-01  3.48296772e+00]
 [-2.85100771e+00 -3.66412563e+00  2.80942582e+00 -1.21743152e+00
  -2.09771560e+00  4.52730537e+00]
 [ 1.35480794e+00 -4.05374783e+00 -4.83160130e+00 -1.41188471e+00
   4.94537406e+00 -1.87056846e+00]
 [-2.54714584e+00 -4.65552370e+00 -1.02447411e+00 -2.85039157e-03
  -4.13531967e+00 -4.43637808e-01]
 [-2.06665564e+00  1.46069228e+00  1.97093290e+00  3.96818492e+00
   3.35125068e+00  2.71707702e+00]
 [ 5.49070242e-01 -3.35077361e+00 -4.22751048e+00  1.39069609e+00
   7.95822901e-01 -3.64128204e-01]
 [ 1.75986795e+00  3.64028525e+00 -1.25384286e+00  3.87402635e+00
   3.37031548e-01 -4.16850224e+00]
 [ 1.05990263e+00  2.63294346e+00  1.35075662e+00  3.30135336e+00
  -3.91136312e+00  1.75304270e+00]
 [ 4.90437737e+00  2.13966093e+00  4.24437631e+00  1.54289129e+00
  -1.50519288e+00  1.55131563e+00]
 [ 1.48447559e+00  4.31667457e+00 -1.70784002e+00 -2.66575985e+00
   8.25098311e-01 -3.78169204e+00]
 [ 3.19220837e+00  3.92745125e+00 -1.89058955e+00  3.19405996e+00
  -3.96034151e+00 -3.96890857e+00]
 [ 4.59897876e+00 -1.89768631e+00  1.41156553e-01  3.33390482e-01
  -1.66316064e-01  2.72836061e+00]
 [-7.64612505e-01 -1.83100657e+00 -1.58456076e-01 -3.51725190e+00
  -2.50822081e+00  4.33506238e+00]]
