[[-4.6621675  -2.93753217  4.87445061  4.24502325  4.10481962 -4.68974493]
 [-4.53019108 -2.37439092 -4.45261769 -2.33766845  4.44839819  3.52179748]
 [ 3.82681923 -1.73313272  0.83425122  0.70238798 -4.95005326  1.33809496]
 [-1.74092196  0.07200206  0.82646671  1.03348784  3.55392614  1.65930259]
 [-4.9100705  -4.54063775 -3.23364655 -4.07861761  1.5209425  -0.72111393]
 [-4.57407082 -2.04386838 -4.56530523 -2.63743456 -2.12930769  0.92080307]
 [-2.5793     -4.7138647  -1.22689895  1.7924348   1.10078004  1.56636151]
 [-4.67027756  4.97061917 -3.3746394  -2.63616559  4.98799446  0.07526471]
 [ 4.63893897 -1.94242364 -1.92898837  1.42925935 -3.05858617  3.67761701]
 [ 4.67372845 -0.37268891 -3.47738109 -1.26537119  2.59243591 -2.13029183]
 [ 4.07018975 -0.09494994 -3.27781086  2.98118519 -1.45106062  3.5300095 ]
 [-1.7773506  -1.48867547 -1.30733491 -1.897287   -0.31791359  4.52072849]
 [ 3.67292998 -4.3722674   2.60395981 -4.47352311  0.1694911  -4.0991525 ]
 [ 2.47524783  3.6822565   4.55454873  2.79853436  0.27036624  4.17540351]
 [-3.88128929 -1.76664065  1.91703989 -3.43413165 -3.67915809  1.05295461]
 [ 4.92057726  1.00541089  3.01583518  0.86173633 -4.06380558 -4.99726757]
 [ 0.69770034 -1.645383    3.53502689  3.51821402  3.77691817  3.28381208]
 [ 1.16355039  4.17637424  0.13575603  0.68289082 -0.34937422 -2.70243996]
 [ 0.71582604  3.14284799  3.85126371 -2.29921776  4.82061968  1.45361751]
 [ 1.66007333 -3.15813214  3.98136422 -4.55637122 -0.22725567 -1.28456721]]
