[[ 4.22574335 -4.66856747  1.74872271 -4.24969428 -4.82157741 -1.96846546]
 [ 2.56688907  2.72526264 -2.71926543 -2.65177317 -0.15463836  4.28586154]
 [ 3.73653133  0.29651011  2.09804039 -2.46367669  4.22247396 -4.63286806]
 [ 1.08311083  3.02433786  3.09203531  0.09552989  1.6855881  -3.47817591]
 [ 1.43875049 -0.13199133  3.01332054 -1.11031379  2.25337607  4.60118604]
 [-4.98401889 -3.46086722 -0.20109394 -4.7842403  -1.39163154 -4.55021475]
 [-3.21889475 -4.43185892 -4.55089416 -2.08738204 -3.27359274 -1.57452486]
 [ 3.244115   -0.69647177  0.67504273 -2.04681441 -3.52889506  3.2237208 ]
 [-1.68751179 -4.07898405  1.19445128 -1.47985216  3.13906582 -1.25242694]
 [-0.93886825 -1.67774492 -3.03131485 -4.11960752  3.32111432  0.28251634]
 [ 4.68095731  2.67046724 -3.42209916 -0.87218068  1.79781069 -0.25801007]
 [-1.16030403 -3.17852022 -4.55397253  0.71139021  1.94788409 -3.61807231]
 [-0.38866827  0.1260929  -2.68071829 -0.68977314  4.6672995  -1.76799255]
 [ 2.90304134  1.07588592  4.55942423 -2.96223675 -4.62830287 -3.57984141]
 [ 2.93353361 -3.59012862 -4.72190494  3.26465592 -2.16529563 -2.26313991]
 [ 2.08073192 -2.76735629  1.41008173  1.18565517 -4.05333874 -3.91694636]
 [-2.4001667  -2.32137375  3.35724412 -0.78286514  0.87893773  4.93282075]
 [-0.09095338 -2.24335891  1.24811048 -4.25774703  0.89347123  0.64766654]
 [-2.82658413 -2.48685714 -0.10591743 -0.57859644  0.90396131 -4.777835  ]
 [ 3.99667771 -4.2282007   2.77845772 -1.37103402 -0.04475426 -3.57244336]]
