[[-2.17780008 -1.27316874  4.94662515  1.52401491  1.2547881   4.51064302]
 [-3.96606153  3.08904963 -0.60464931  2.65121153 -3.71745648 -1.27612427]
 [ 0.87348986 -1.08343356 -4.87868499 -0.02299998 -2.04962437  3.68799632]
 [-4.38854094  0.16378851  1.35945904 -2.09763847 -2.79112476  4.8745058 ]
 [-0.280522   -0.49552319  1.39188978  4.35180396  0.87513791 -0.57195026]
 [-0.81413966  0.51701285  4.90446217 -4.28100473 -3.86254766  0.70170611]
 [-0.14264058  1.09807402  0.11784072  3.17973211  2.78614366  1.93204623]
 [ 4.07757712  0.82432839 -0.60211031 -1.36172455  2.91585776 -4.19105481]
 [ 3.41846944 -4.28993181  4.26909771 -0.9933068   4.02945776  4.17605138]
 [-1.63768494 -4.53765334  2.36756969  3.87928527 -2.79211844 -1.75630816]
 [ 1.62092412  1.9550677   3.88036254  4.50667392 -4.94882597  0.903107  ]
 [ 1.73536612  1.17861459  3.73470748  4.8534715  -1.46709043  3.12934192]
 [-2.4649332   3.49497843  1.69071854  2.67334128 -1.17179423  4.44640156]
 [ 4.92057898 -4.59761594  0.90521544 -4.21518445 -2.07651297 -1.0744121 ]
 [-4.12694539 -4.65547243 -4.16100312  3.67682426  1.53561441 -4.73205018]
 [-4.76880117  1.33337959 -0.59657639 -4.21563028 -0.049265   -1.65900331]
 [-3.04621784  2.04384118 -0.45358788 -3.16422216 -0.04840687  1.29355906]
 [-2.49440536 -2.89997418  0.88596846 -0.89641966 -2.92643689  2.75459276]
 [-0.58489454 -1.8340963  -0.65776365  1.13084188 -3.32153345  0.91230476]
 [-1.10357249 -3.75951819 -3.47946251  0.32996051  0.99506389  2.19194795]]
