[[-0.26211199  3.47416446 -3.79241619  3.49470552 -3.50787878  2.27784944]
 [-2.57269796  3.52706543 -4.85287296  4.40462364  2.12595765 -0.27136156]
 [-4.19268897 -2.99731012  3.28236741 -2.52533226  3.05625308 -4.47020395]
 [-4.81017595  1.58589431  4.12254436 -1.52595431  0.34235015 -2.44689441]
 [-0.29640091  0.83351262 -2.7628176   4.78880013  0.19479124 -0.63065717]
 [ 2.49950513 -3.93894755 -4.95529718 -0.84245866  1.63029742  4.40413323]
 [ 0.19517663 -4.13505247 -3.04224447  0.31416773 -0.29942452  1.79591355]
 [-1.40364064  3.61623882 -2.49247749  3.24236695  2.18974149 -3.62826002]
 [ 0.07572799 -1.68550204 -1.0761843  -3.89833835  1.89495004  0.92179596]
 [ 4.06537986  1.42287936 -3.53566736 -0.22815151  4.42143432 -1.63307409]
 [ 4.93589674  1.9821076   0.77878744  3.41418512 -2.94332162 -0.54742575]
 [ 4.85476059  1.64382354  1.76670407  2.04380933  2.77705255 -0.48377017]
 [-0.62288957  3.32548167  2.86826368 -0.1636763  -1.04314052 -1.13857177]
 [ 4.2887664   3.06499725  4.11650018 -0.66708039  4.03827424  1.67499112]
 [ 0.31275094 -0.829336   -4.47497682  4.04642216  4.88505158  2.11193005]
 [-0.41986044 -4.33240968  4.86122071  2.83795648 -2.62849311  3.10483695]
 [ 4.31773369 -0.79341687  2.14612641  0.10098227 -0.84476671  0.75337712]
 [ 2.21378474 -3.47419004  2.98624924  2.94705009 -1.77847912 -3.93248668]
 [ 1.5211506  -0.37392014  2.89801407 -0.95384435 -0.45584613 -0.90842137]
 [ 0.235423    4.15777174 -0.17284048 -0.30209502 -3.88981654 -1.54494748]]
