[[-2.96289074 -4.57499334 -2.86989303 -4.71514331 -4.2731767   4.50876028]
 [-2.5884778   2.43886864 -4.51454062  4.34859562  0.87674974  3.40035462]
 [-1.46557274 -0.46320138  3.91732335  3.05332229 -4.30690169 -1.55732874]
 [ 4.3100127  -0.58332936 -2.01549477  1.26649307  2.63381718  3.39106798]
 [-1.00979873 -4.1479473   0.69586987 -4.81235686 -2.14569205  2.58885469]
 [ 0.99065919 -0.20022581  2.11101832  3.21885645  0.77617367  0.13667465]
 [ 4.15440302 -2.85281111  0.29497287 -2.7961701  -0.73901295  3.83297788]
 [ 1.90382256  2.61583451  0.41124971  4.28254017 -4.84086657  2.24939231]
 [ 1.93696258  1.75172603 -4.14242066 -2.70973656  4.49912681 -3.27355463]
 [-1.82543219  1.0578901   2.25733684 -0.01396486  4.60877738  2.5616289 ]
 [ 2.87937362 -0.18630413 -1.11008059  4.99904574  2.70221308  3.19480989]
 [ 3.25532658 -4.33477199  4.81863085  0.42661615 -0.20203802  3.17581391]
 [-1.35128235 -3.54033553 -3.48378337  2.15032324 -3.86542113  1.81168543]
 [ 3.23211385  0.36455431  3.49491257  0.44200499  2.16915807 -2.0059287 ]
 [-2.91626572 -3.47752755 -2.49665738 -1.91613704  4.96689175  1.37305541]
 [-3.45071399 -0.72608817  2.10965119  0.16935443  3.31515095 -4.60390635]
 [ 4.27127045  0.35828354 -0.99511513  1.93687982  4.60634381 -2.10971738]
 [ 4.81620344 -1.25285055 -3.26371621  4.22012199 -1.73141376  3.15872617]
 [ 3.62046705  3.12971753 -1.38722594  0.20179723  2.82629427  1.1545396 ]
 [ 2.32271068  1.9741168   0.35673914 -3.31153059  3.92881322  2.43021021]]
