[[-3.53969136  3.2882973   1.68682232  0.50452589 -2.97146249 -1.20860951]
 [-1.05489161 -3.32067168 -1.92842209  2.00344759  0.29409377  2.77999888]
 [ 1.34633741 -2.39869974  2.71356276 -2.86317539 -2.87775719  0.57646516]
 [-3.64967543 -1.13084844  4.33789321 -4.99227287  3.70773732  0.00581905]
 [-4.21909166 -3.44638185  3.54711812 -2.04108728 -0.21504627 -2.48160689]
 [ 2.66783116 -3.81723847  3.24652384  4.26822697  3.98759258 -0.95749465]
 [-3.42909115 -2.29145554  4.60999506 -4.91149646 -0.73159793 -2.95669098]
 [ 3.96357979  3.18818338  0.68255544 -1.82144451  1.23494515  1.14303381]
 [-4.05253621  4.82816715  4.82511325 -0.70763438  4.03931495  1.24601302]
 [ 0.76881447 -4.66488464  1.93854485 -2.2621397  -1.35228304 -4.0363238 ]
 [ 4.64790392 -4.75825474 -4.90411897 -4.9527159  -4.00027004 -2.72134388]
 [ 1.32487617  0.1241262   1.25375233 -3.1055727   4.0174207  -4.02349083]
 [ 4.56985462 -4.10886909  2.28753248 -4.20294898  0.521653    0.21054619]
 [-0.20081531  0.11601927  0.48958787  4.61202258  1.21699011  0.85323336]
 [-2.88852484 -1.90437243  1.81221689 -1.27435952  4.66317911 -0.25620212]
 [ 0.0092627  -2.81824112  2.22057369 -0.11800845  2.0047852  -2.57676626]
 [-1.3200887   2.15642206  1.89668919 -2.79938646  0.18155549  1.68740793]
 [-2.88585895 -1.55573323 -3.39980523 -1.08822433 -3.24958445 -0.78640958]
 [-0.47108668 -0.33195789  1.07586474 -2.60074879 -2.47723296 -4.88768089]
 [-2.67961005 -3.40609573  2.4712588  -2.17375814 -1.15749971  4.90235053]]
