[[1.00000000e+00 3.08685217e-55 2.02990495e-42 2.81997576e-62
  8.30811114e-27 2.57875261e-39 5.59346484e-30 6.57736246e-71
  2.44555559e-36 7.81172807e-48 1.45977382e-46 7.55685785e-51
  1.88741238e-29 1.43554547e-18 5.10454506e-20 3.52929643e-28
  2.87167914e-82 2.60479697e-37 5.28183976e-21 1.11983132e-50
  1.00000000e+00]
 [3.08685217e-55 1.00000000e+00 2.35243822e-79 4.42995026e-22
  2.43809675e-23 4.35154484e-32 7.05059332e-31 2.57276462e-60
  2.99181482e-29 6.69874000e-32 3.51046257e-86 1.11444592e-64
  6.63304221e-29 3.51817960e-48 3.98546974e-68 2.77404371e-38
  1.78116986e-54 6.76185214e-21 6.39853316e-45 3.79389139e-46
  1.00000000e+00]
 [2.02990495e-42 2.35243822e-79 1.00000000e+00 1.35933364e-59
  6.88102972e-47 1.37091645e-62 1.04726764e-39 4.37099408e-43
  3.33258783e-40 1.91696482e-24 3.96232910e-06 5.34789304e-07
  6.26755021e-21 2.79872438e-41 5.13059810e-39 1.31754594e-13
  8.30916586e-23 1.65673170e-46 1.77716207e-56 2.18782072e-12
  1.00000000e+00]
 [2.81997576e-62 4.42995026e-22 1.35933364e-59 1.00000000e+00
  9.59527456e-25 3.61968288e-18 2.48607607e-51 2.69034456e-50
  1.76595840e-48 3.08388536e-34 9.91136254e-63 6.19101603e-41
  2.08000905e-32 9.50951473e-42 2.78458505e-65 2.31383013e-34
  8.16653195e-44 9.27258679e-16 3.26583571e-66 1.79591844e-43
  1.00000000e+00]
 [8.30811114e-27 2.43809675e-23 6.88102972e-47 9.59527456e-25
  1.00000000e+00 4.29893012e-39 4.09805866e-40 6.98321291e-52
  2.32952954e-37 5.45896178e-25 1.45456481e-61 2.45330995e-35
  1.34842408e-24 6.56206780e-37 3.87869177e-47 6.32933587e-16
  5.03671382e-53 2.75138045e-14 9.00286351e-38 1.18258268e-39
  1.00000000e+00]
 [2.57875261e-39 4.35154484e-32 1.37091645e-62 3.61968288e-18
  4.29893012e-39 1.00000000e+00 4.17720678e-44 6.46440912e-47
  1.51262983e-38 4.42048794e-55 1.30915881e-51 1.10130366e-60
  1.58695720e-34 1.61229054e-20 6.24223505e-37 9.23982562e-43
  1.75022792e-62 5.32293655e-17 4.52464132e-38 4.95316438e-54
  1.00000000e+00]
 [5.59346484e-30 7.05059332e-31 1.04726764e-39 2.48607607e-51
  4.09805866e-40 4.17720678e-44 1.00000000e+00 4.26173017e-77
  2.43209899e-24 3.58748280e-24 1.20188682e-46 3.90667946e-41
  7.38403403e-10 1.12063517e-35 2.20798808e-48 3.11542871e-30
  3.64455262e-48 2.06464166e-46 4.37677828e-35 1.30015968e-25
  1.00000000e+00]
 [6.57736246e-71 2.57276462e-60 4.37099408e-43 2.69034456e-50
  6.98321291e-52 6.46440912e-47 4.26173017e-77 1.00000000e+00
  1.22613402e-30 7.01156805e-48 2.72638284e-33 5.52563709e-48
  1.95776609e-48 4.42722112e-48 3.57641764e-41 3.76503596e-27
  8.99233397e-27 5.80190112e-20 3.22668668e-50 2.07825580e-34
  1.00000000e+00]
 [2.44555559e-36 2.99181482e-29 3.33258783e-40 1.76595840e-48
  2.32952954e-37 1.51262983e-38 2.43209899e-24 1.22613402e-30
  1.00000000e+00 8.60070769e-20 8.17887375e-38 7.75845561e-42
  7.49946057e-27 1.29077689e-19 1.48836451e-20 3.80293001e-17
  1.29581191e-38 1.10458083e-26 3.01846341e-36 1.80626713e-17
  1.00000000e+00]
 [7.81172807e-48 6.69874000e-32 1.91696482e-24 3.08388536e-34
  5.45896178e-25 4.42048794e-55 3.58748280e-24 7.01156805e-48
  8.60070769e-20 1.00000000e+00 1.29535099e-37 9.64774436e-13
  4.75588162e-18 6.14525929e-37 2.60092860e-46 8.54627280e-09
  1.34619439e-23 1.38973973e-33 2.57902138e-63 1.83075771e-06
  1.00000000e+00]
 [1.45977382e-46 3.51046257e-86 3.96232910e-06 9.91136254e-63
  1.45456481e-61 1.30915881e-51 1.20188682e-46 2.72638284e-33
  8.17887375e-38 1.29535099e-37 1.00000000e+00 2.13011683e-18
  3.37451794e-28 6.18134547e-35 1.69150228e-30 1.10563327e-21
  3.73682387e-26 1.00001634e-45 1.84484974e-53 4.69420004e-18
  1.00000000e+00]
 [7.55685785e-51 1.11444592e-64 5.34789304e-07 6.19101603e-41
  2.45330995e-35 1.10130366e-60 3.90667946e-41 5.52563709e-48
  7.75845561e-42 9.64774436e-13 2.13011683e-18 1.00000000e+00
  8.84237334e-22 4.45370096e-43 7.98456512e-49 9.11170382e-11
  8.62013996e-21 1.21743375e-41 1.56130147e-72 5.04917539e-10
  1.00000000e+00]
 [1.88741238e-29 6.63304221e-29 6.26755021e-21 2.08000905e-32
  1.34842408e-24 1.58695720e-34 7.38403403e-10 1.95776609e-48
  7.49946057e-27 4.75588162e-18 3.37451794e-28 8.84237334e-22
  1.00000000e+00 7.13154101e-37 8.42521474e-47 1.14719689e-15
  4.14865489e-23 1.33464199e-25 1.51410749e-26 3.26250462e-16
  1.00000000e+00]
 [1.43554547e-18 3.51817960e-48 2.79872438e-41 9.50951473e-42
  6.56206780e-37 1.61229054e-20 1.12063517e-35 4.42722112e-48
  1.29077689e-19 6.14525929e-37 6.18134547e-35 4.45370096e-43
  7.13154101e-37 1.00000000e+00 4.65580799e-06 9.12243609e-25
  1.35205600e-67 2.49637878e-29 1.64347382e-42 3.93820998e-36
  1.00000000e+00]
 [5.10454506e-20 3.98546974e-68 5.13059810e-39 2.78458505e-65
  3.87869177e-47 6.24223505e-37 2.20798808e-48 3.57641764e-41
  1.48836451e-20 2.60092860e-46 1.69150228e-30 7.98456512e-49
  8.42521474e-47 4.65580799e-06 1.00000000e+00 8.05404860e-26
  1.33387509e-71 7.57747902e-37 1.28330671e-40 1.39930609e-39
  1.00000000e+00]
 [3.52929643e-28 2.77404371e-38 1.31754594e-13 2.31383013e-34
  6.32933587e-16 9.23982562e-43 3.11542871e-30 3.76503596e-27
  3.80293001e-17 8.54627280e-09 1.10563327e-21 9.11170382e-11
  1.14719689e-15 9.12243609e-25 8.05404860e-26 1.00000000e+00
  4.86772200e-23 9.26229267e-19 2.32222684e-39 4.16473940e-09
  1.00000000e+00]
 [2.87167914e-82 1.78116986e-54 8.30916586e-23 8.16653195e-44
  5.03671382e-53 1.75022792e-62 3.64455262e-48 8.99233397e-27
  1.29581191e-38 1.34619439e-23 3.73682387e-26 8.62013996e-21
  4.14865489e-23 1.35205600e-67 1.33387509e-71 4.86772200e-23
  1.00000000e+00 1.01181119e-36 9.26869969e-66 2.81102436e-12
  1.00000000e+00]
 [2.60479697e-37 6.76185214e-21 1.65673170e-46 9.27258679e-16
  2.75138045e-14 5.32293655e-17 2.06464166e-46 5.80190112e-20
  1.10458083e-26 1.38973973e-33 1.00001634e-45 1.21743375e-41
  1.33464199e-25 2.49637878e-29 7.57747902e-37 9.26229267e-19
  1.01181119e-36 1.00000000e+00 3.26783986e-28 3.83478319e-36
  1.00000000e+00]
 [5.28183976e-21 6.39853316e-45 1.77716207e-56 3.26583571e-66
  9.00286351e-38 4.52464132e-38 4.37677828e-35 3.22668668e-50
  3.01846341e-36 2.57902138e-63 1.84484974e-53 1.56130147e-72
  1.51410749e-26 1.64347382e-42 1.28330671e-40 2.32222684e-39
  9.26869969e-66 3.26783986e-28 1.00000000e+00 1.21928026e-57
  1.00000000e+00]
 [1.11983132e-50 3.79389139e-46 2.18782072e-12 1.79591844e-43
  1.18258268e-39 4.95316438e-54 1.30015968e-25 2.07825580e-34
  1.80626713e-17 1.83075771e-06 4.69420004e-18 5.04917539e-10
  3.26250462e-16 3.93820998e-36 1.39930609e-39 4.16473940e-09
  2.81102436e-12 3.83478319e-36 1.21928026e-57 1.00000000e+00
  1.00000000e+00]
 [1.00000000e+00 1.00000000e+00 1.00000000e+00 1.00000000e+00
  1.00000000e+00 1.00000000e+00 1.00000000e+00 1.00000000e+00
  1.00000000e+00 1.00000000e+00 1.00000000e+00 1.00000000e+00
  1.00000000e+00 1.00000000e+00 1.00000000e+00 1.00000000e+00
  1.00000000e+00 1.00000000e+00 1.00000000e+00 1.00000000e+00
  0.00000000e+00]]
