[[1.00000000e+000 1.66434002e-049 6.30028486e-099 1.71019306e-010
  4.63542888e-034 1.62579622e-076 8.45554656e-083 8.81835269e-070
  2.23305040e-049 2.31012572e-064 2.36986336e-063 7.87015558e-114
  1.97609283e-061 2.93360681e-023 1.88679113e-092 1.20758983e-064
  7.81217877e-007 3.30437517e-080 8.94156157e-071 5.83722386e-054
  1.00000000e+000]
 [1.66434002e-049 1.00000000e+000 7.35157991e-051 4.95546014e-042
  1.52851191e-011 1.65738393e-042 9.86021391e-071 5.01385246e-026
  3.99754315e-028 4.81633547e-021 1.96210855e-033 6.95205103e-044
  2.21399458e-010 4.78858644e-016 1.54412427e-055 1.63822893e-018
  7.28255815e-023 7.29439360e-028 5.71244067e-032 8.94970734e-031
  1.00000000e+000]
 [6.30028486e-099 7.35157991e-051 1.00000000e+000 1.58461370e-079
  1.69081991e-064 1.25979213e-060 1.80557742e-081 1.22395051e-016
  1.42953588e-052 8.36575309e-073 3.95588865e-063 7.94779019e-029
  4.97072193e-047 2.55591839e-073 2.43949472e-070 9.20893579e-033
  3.55406299e-067 1.35972973e-066 9.57586250e-045 1.61625685e-010
  1.00000000e+000]
 [1.71019306e-010 4.95546014e-042 1.58461370e-079 1.00000000e+000
  3.85753996e-021 5.65349404e-072 5.91226658e-065 1.47932291e-041
  1.32456411e-067 6.61919193e-041 1.29756204e-084 3.43078842e-084
  1.42315665e-054 1.33892338e-029 1.20676163e-077 5.59284919e-051
  3.29843558e-010 1.40727831e-057 2.25943609e-061 5.92499549e-049
  1.00000000e+000]
 [4.63542888e-034 1.52851191e-011 1.69081991e-064 3.85753996e-021
  1.00000000e+000 2.09298301e-046 3.14731556e-062 9.15861855e-030
  5.50703985e-047 5.44923723e-021 1.87638667e-057 1.08938073e-061
  1.61401800e-025 4.10242522e-022 2.50513638e-049 1.55154655e-038
  6.39561252e-014 2.91811617e-040 5.37419927e-046 4.00601145e-041
  1.00000000e+000]
 [1.62579622e-076 1.65738393e-042 1.25979213e-060 5.65349404e-072
  2.09298301e-046 1.00000000e+000 5.38414260e-082 8.22958076e-054
  4.63587274e-057 3.53646730e-090 2.39570540e-058 4.98006536e-037
  2.19532125e-016 2.22986454e-050 1.74006247e-005 2.52012383e-042
  6.43840884e-050 1.48015289e-061 3.25466135e-020 1.20065668e-034
  1.00000000e+000]
 [8.45554656e-083 9.86021391e-071 1.80557742e-081 5.91226658e-065
  3.14731556e-062 5.38414260e-082 1.00000000e+000 5.31297641e-064
  5.72016133e-088 4.23556384e-045 2.75857774e-087 2.09394275e-078
  1.38675872e-074 3.26269852e-048 2.61810073e-088 1.87186277e-087
  3.96000678e-063 1.47416892e-034 4.21275907e-038 2.01098109e-066
  1.00000000e+000]
 [8.81835269e-070 5.01385246e-026 1.22395051e-016 1.47932291e-041
  9.15861855e-030 8.22958076e-054 5.31297641e-064 1.00000000e+000
  4.03322009e-061 2.17567996e-031 3.66871864e-074 1.27599638e-018
  2.58707668e-029 3.27266739e-049 2.28201467e-057 1.53472689e-015
  1.14727115e-042 1.91895013e-032 4.96630767e-035 3.34118335e-019
  1.00000000e+000]
 [2.23305040e-049 3.99754315e-028 1.42953588e-052 1.32456411e-067
  5.50703985e-047 4.63587274e-057 5.72016133e-088 4.03322009e-061
  1.00000000e+000 6.15293784e-069 5.89832636e-003 6.70813449e-084
  1.62658681e-035 6.01128247e-023 7.39251763e-085 2.40581829e-046
  9.56662187e-030 8.65727074e-074 2.38114027e-048 4.18953105e-024
  1.00000000e+000]
 [2.31012572e-064 4.81633547e-021 8.36575309e-073 6.61919193e-041
  5.44923723e-021 3.53646730e-090 4.23556384e-045 2.17567996e-031
  6.15293784e-069 1.00000000e+000 3.68356404e-076 5.01779855e-064
  3.87787968e-045 6.54090744e-030 1.15860687e-097 3.02764040e-044
  5.57914155e-040 5.99430584e-018 6.52317106e-052 3.42470761e-061
  1.00000000e+000]
 [2.36986336e-063 1.96210855e-033 3.95588865e-063 1.29756204e-084
  1.87638667e-057 2.39570540e-058 2.75857774e-087 3.66871864e-074
  5.89832636e-003 3.68356404e-076 1.00000000e+000 5.06738096e-089
  7.13121815e-038 1.41946978e-025 1.38180205e-088 1.29731632e-054
  9.24524026e-041 3.09539976e-074 9.32957552e-047 1.16332872e-032
  1.00000000e+000]
 [7.87015558e-114 6.95205103e-044 7.94779019e-029 3.43078842e-084
  1.08938073e-061 4.98006536e-037 2.09394275e-078 1.27599638e-018
  6.70813449e-084 5.01779855e-064 5.06738096e-089 1.00000000e+000
  2.77020382e-024 1.09257420e-070 3.82048929e-041 1.96447873e-017
  2.44678642e-078 1.89871711e-032 8.09475343e-021 4.07203155e-032
  1.00000000e+000]
 [1.97609283e-061 2.21399458e-010 4.97072193e-047 1.42315665e-054
  1.61401800e-025 2.19532125e-016 1.38675872e-074 2.58707668e-029
  1.62658681e-035 3.87787968e-045 7.13121815e-038 2.77020382e-024
  1.00000000e+000 1.05144620e-024 2.82866301e-028 1.18320881e-012
  1.87836575e-033 6.71001633e-029 1.27184436e-014 1.77112750e-025
  1.00000000e+000]
 [2.93360681e-023 4.78858644e-016 2.55591839e-073 1.33892338e-029
  4.10242522e-022 2.22986454e-050 3.26269852e-048 3.27266739e-049
  6.01128247e-023 6.54090744e-030 1.41946978e-025 1.09257420e-070
  1.05144620e-024 1.00000000e+000 8.76159195e-071 6.68812161e-036
  3.79417262e-011 7.86879660e-031 3.10282838e-029 2.82455615e-037
  1.00000000e+000]
 [1.88679113e-092 1.54412427e-055 2.43949472e-070 1.20676163e-077
  2.50513638e-049 1.74006247e-005 2.61810073e-088 2.28201467e-057
  7.39251763e-085 1.15860687e-097 1.38180205e-088 3.82048929e-041
  2.82866301e-028 8.76159195e-071 1.00000000e+000 4.07817218e-057
  3.56401063e-063 5.45262041e-072 1.00549716e-032 4.42645185e-049
  1.00000000e+000]
 [1.20758983e-064 1.63822893e-018 9.20893579e-033 5.59284919e-051
  1.55154655e-038 2.52012383e-042 1.87186277e-087 1.53472689e-015
  2.40581829e-046 3.02764040e-044 1.29731632e-054 1.96447873e-017
  1.18320881e-012 6.68812161e-036 4.07817218e-057 1.00000000e+000
  8.63684042e-041 1.80112645e-029 5.62445929e-025 2.05135076e-021
  1.00000000e+000]
 [7.81217877e-007 7.28255815e-023 3.55406299e-067 3.29843558e-010
  6.39561252e-014 6.43840884e-050 3.96000678e-063 1.14727115e-042
  9.56662187e-030 5.57914155e-040 9.24524026e-041 2.44678642e-078
  1.87836575e-033 3.79417262e-011 3.56401063e-063 8.63684042e-041
  1.00000000e+000 1.19358300e-053 1.87867402e-045 5.74131477e-032
  1.00000000e+000]
 [3.30437517e-080 7.29439360e-028 1.35972973e-066 1.40727831e-057
  2.91811617e-040 1.48015289e-061 1.47416892e-034 1.91895013e-032
  8.65727074e-074 5.99430584e-018 3.09539976e-074 1.89871711e-032
  6.71001633e-029 7.86879660e-031 5.45262041e-072 1.80112645e-029
  1.19358300e-053 1.00000000e+000 2.10730782e-019 9.88967091e-054
  1.00000000e+000]
 [8.94156157e-071 5.71244067e-032 9.57586250e-045 2.25943609e-061
  5.37419927e-046 3.25466135e-020 4.21275907e-038 4.96630767e-035
  2.38114027e-048 6.52317106e-052 9.32957552e-047 8.09475343e-021
  1.27184436e-014 3.10282838e-029 1.00549716e-032 5.62445929e-025
  1.87867402e-045 2.10730782e-019 1.00000000e+000 3.90547109e-026
  1.00000000e+000]
 [5.83722386e-054 8.94970734e-031 1.61625685e-010 5.92499549e-049
  4.00601145e-041 1.20065668e-034 2.01098109e-066 3.34118335e-019
  4.18953105e-024 3.42470761e-061 1.16332872e-032 4.07203155e-032
  1.77112750e-025 2.82455615e-037 4.42645185e-049 2.05135076e-021
  5.74131477e-032 9.88967091e-054 3.90547109e-026 1.00000000e+000
  1.00000000e+000]
 [1.00000000e+000 1.00000000e+000 1.00000000e+000 1.00000000e+000
  1.00000000e+000 1.00000000e+000 1.00000000e+000 1.00000000e+000
  1.00000000e+000 1.00000000e+000 1.00000000e+000 1.00000000e+000
  1.00000000e+000 1.00000000e+000 1.00000000e+000 1.00000000e+000
  1.00000000e+000 1.00000000e+000 1.00000000e+000 1.00000000e+000
  0.00000000e+000]]
