[[ 3.12647692  0.96782521  2.90101761 -4.33094925 -2.52527082  0.80386884]
 [-2.09282568  3.25970559  3.70795934  1.77321288  4.38511273 -2.06601493]
 [-2.8798308   4.49653517  1.7173531  -1.22659325 -4.38295891 -0.78271376]
 [ 0.27794624 -3.60952109  3.58864182  1.50645219  2.39818315  3.12905137]
 [-0.87322906 -4.4149736  -2.40961325 -3.83892717  2.09854126  1.62479434]
 [ 1.20431647  1.47647227  1.27308313  3.80270046 -3.55938079  4.55199815]
 [-2.78332746 -2.02842362 -0.83734017 -2.06515465 -4.93619309  3.31490042]
 [ 0.07121506 -4.68681544 -4.11852713  3.66218458 -1.56148022  0.36859385]
 [ 1.57162868 -1.46520497  4.91331855  2.22484561 -1.96136474 -2.87906848]
 [ 4.80914357 -1.61335681 -2.38335292 -1.02316149 -0.83073672  3.92992655]
 [ 2.34929544  1.93456055  0.19330207 -2.59427596  4.91613269  2.79540749]
 [-1.83458957 -2.87191015 -0.3502608  -3.27466888 -3.18703025 -4.26729587]
 [-4.81868608 -3.74864459  1.95776971  2.8857112   0.17539214 -1.82886341]
 [ 0.97861396  3.58933176 -1.91164087 -3.24388922  1.37540935 -4.95985278]
 [ 3.70429571 -0.47214957 -3.22389382  0.28928443 -3.94899791 -3.39464234]
 [-0.60768068  3.70704826 -4.99995027 -1.76178542 -0.63045502  2.18567744]
 [-3.63461437 -1.06375542  4.18442318 -4.86855106  0.97867062 -0.41917548]
 [ 2.77649656  0.568431   -3.34750236  4.25181899  3.23156324  1.35725901]
 [-1.39661942  2.54663903 -1.51331871  4.66651055 -1.42972691 -2.68890625]
 [-4.48423469  2.2059476   1.03622004  0.03763263  1.69918991  4.73385245]
 [ 4.37079216  4.57332491  2.78631963  2.66233049  0.6206559  -0.15761969]
 [-4.0415425   0.00647353 -4.39270979  0.92333574  4.06957737 -1.40628406]
 [ 3.28956529 -2.64299668  0.39029428 -0.47209597  3.57022816 -3.88752616]]
