[[ 3.13043039  3.67230983  3.18529921  4.58759331 -4.16926163  4.9376591 ]
 [ 4.94506941  2.44601261  0.86079055 -0.92718239  2.36714387 -4.45075005]
 [-1.32789211 -4.46361338  1.166866   -2.59098859 -0.89353208 -4.04794663]
 [-0.31721204 -0.65200483 -2.65633734 -0.91350221 -1.11241224 -0.70845743]
 [-4.69672468  1.76313437 -0.27481584 -4.00274447  0.81511673  4.14553069]
 [ 0.04436814 -4.05454566 -4.06417615 -1.3674249  -1.35624326  2.55785817]
 [-4.41248106  2.89521888  4.39514521 -4.78581201 -2.91656815  0.54343956]
 [ 2.70878809  3.37615609  4.24020431 -2.31068062  4.60253205  0.16886676]
 [ 1.51785191 -0.25495129  0.94779221 -3.82900218  2.36952691 -2.46404568]
 [-1.00071786  3.679145    4.28721753 -0.34495536 -3.93981065 -0.82254641]
 [ 3.79150862 -4.46739332  2.939657   -2.4077574  -3.27026601  2.59942979]
 [-1.44280925  1.89701883 -0.06158407  1.42277147 -2.87669087  3.99882625]
 [ 1.96911299 -1.96086152  4.25146805  1.58415372  3.18085185  1.01422626]
 [ 2.79717677 -0.36663228 -4.84292421 -0.07359848  4.80540854 -1.08391379]
 [-4.50891331 -1.86316624 -2.96717562  1.70724775 -2.9592881   0.40780209]
 [-0.17896577  2.82111464  2.35750634  2.22706059 -3.10057149  0.94486806]
 [ 2.67892973  1.74933823 -0.19867312  1.87146366 -1.21130944 -3.99570564]
 [ 1.9591118  -1.56102504 -4.7358542  -4.40285554  0.99393637 -3.64174389]
 [ 0.77436557  3.91800446  4.31704199  0.95037736  2.17563061 -0.4273353 ]
 [ 4.77253072  3.23968367  1.12269882 -3.26837107 -3.15484867  4.51713296]]
