[[-1.3687344  -1.21386595  3.30177    -2.95149801 -3.22570392  4.00691879]
 [-4.48671416  3.04918936 -4.61229238 -0.19937085 -0.90615267 -3.95687524]
 [ 1.43092809  3.03929959 -1.50741727 -1.33536764 -0.09963417  2.71816995]
 [ 2.0470007  -0.81797446 -0.03283085  3.88329013 -4.09363726 -1.75222998]
 [ 3.07922065  0.56485245 -1.20236945 -4.29997884 -0.9578324   3.2807003 ]
 [ 1.42929444  2.8295873  -4.06926487 -0.35386004 -1.86863141  3.71049256]
 [ 1.25524473 -1.59655224  1.69661821 -1.30784586  2.0115353  -3.06958484]
 [ 4.2375273  -1.52738505  3.6113854   4.75147212  2.08044288 -4.74360541]
 [-0.24179367 -2.08589689 -3.93369802 -4.70652837 -2.78391252  3.76160939]
 [-2.40504996  0.63033169  3.63113969 -2.36519972 -3.86873082 -3.33598619]
 [-0.99188965 -4.679576    4.6724926  -4.78849126 -2.88748327  1.28631333]
 [ 2.06667329  4.04320347  3.06210342 -2.52987844  1.10673719  2.31519453]
 [-3.77774649  1.30802462  4.58500495 -2.73617715 -3.44193461 -0.65223672]
 [ 1.26972828 -0.84793936 -1.46926673 -4.19047015 -2.8309915  -1.80155021]
 [-2.70266993 -1.54187471  4.12078255 -3.45034212 -1.25255192 -3.19304512]
 [-3.38670261  2.75495805 -4.92178426 -3.82225864 -3.84240998 -1.46734445]
 [ 3.64519293 -1.51216795 -1.94420752  3.85840493 -1.92227585  4.22754143]
 [ 4.28103246 -0.13788309 -0.30639349 -4.01357906  3.71102712 -2.22359993]
 [ 2.21431861  0.43215836 -2.19950371 -4.79542254  3.58010121 -4.86893185]
 [ 4.8365097   1.25049977 -4.48329272  1.89861919 -3.85850851 -1.43495302]
 [ 0.16194222 -1.21824522 -4.5758408   0.33052737  3.96133957 -0.15580389]
 [ 4.78170369  4.48310704  1.13490103 -4.95112742  0.37746831  2.82727288]
 [-0.85705059  0.30836815 -0.85831389  0.28967891 -2.78936872  2.47823759]
 [-4.30334239 -2.702961    0.26554255  1.22184004 -1.19947716 -2.03286403]
 [-1.08859779  4.33871744  1.65617235  1.91585529 -2.40395006 -1.62863852]
 [-2.52986397  1.37823264 -3.11943643 -4.03148293 -2.12874335  2.04323062]
 [ 4.37988782  3.32649985  2.7866944  -1.46280132  0.08748748 -0.98657016]
 [-4.53285646 -2.93752745 -0.82424401  4.21123764  0.77480065  2.12777612]
 [-2.68826094 -4.98296796  2.23892557 -3.02795297  1.80087321  0.5243037 ]
 [-2.40878771 -3.88627582  3.30720961  3.844603   -4.55689048 -1.75324643]
 [-3.90891184 -3.99799899  1.63968532  1.58163575  1.35311872 -4.15051337]
 [ 0.89180975 -4.30916944 -0.83756393  2.93525849 -1.25411757  0.91858517]
 [ 2.30209531  3.2371947  -0.4777594  -2.68739074 -3.73459966 -1.43572819]
 [ 3.93880622 -0.53536834 -1.73534425  4.96184605 -2.19325586 -4.6714992 ]
 [-0.71798975 -3.02189323 -0.83991413  3.55346282 -0.26008598 -0.13729699]
 [-0.88825559  3.30811035  0.85973703 -4.26829115 -4.77714055 -4.93988527]
 [ 4.28834884 -0.62856197 -1.21539767 -0.9625022  -1.58246173 -3.60209256]
 [-3.25299512 -1.27011837  4.51584651 -0.80000299  3.70684866  0.35095994]
 [-4.86732429  1.69945353  2.13770297 -3.36039231  3.83648927 -2.75640417]
 [-2.35253836 -2.36954025  1.12594801  4.20959277  1.98782098 -0.29205872]
 [ 2.06428422 -4.8077293  -1.50084414 -2.11761763  0.46320843 -0.3890093 ]
 [ 3.47177136  0.81155799  3.50041557  4.85470292 -1.23769666 -2.70503116]
 [ 3.70307317 -0.78925888 -3.54244537 -0.34319663  1.76237689  2.68069525]
 [-1.34504042 -4.40159186 -3.38972511  4.82181228 -0.20212772  2.29823909]
 [-4.36145345 -0.41597703  0.14847208  2.93709064  0.33011982 -2.74433531]
 [ 3.40984369 -3.02869108 -4.17805587  0.48089636 -3.22168436 -4.52451387]
 [-1.32193607  1.81951478 -4.88249486 -4.81110082 -3.25445432 -2.82914118]
 [-4.15454888  4.9314647  -3.09524126 -2.65972293  2.46705303  4.03806489]
 [-2.88596751 -1.4482896   2.28132962 -1.91598419 -3.12015917 -4.98786692]
 [ 3.42499055 -0.49832449 -2.82730728  3.64570652  2.7614011  -4.52146795]
 [ 3.98989493 -4.74597917  4.78928542  3.86697929 -3.10508859  3.74526052]
 [-1.30959559 -0.89144605  4.91724499  3.22943904 -0.87750873 -0.62416496]
 [-0.93306883 -0.70006219  2.44188204  3.42755795 -0.06520651 -1.20608414]
 [-1.15493102  4.01804436  0.82775035  3.87174226  1.9782204   1.18158279]
 [ 3.03541001  4.68788952  3.63300742 -4.625673   -2.54038538 -1.9724268 ]
 [-4.25911917 -1.9346753   3.43320632  4.4048516   2.65668332  3.77325232]
 [ 2.56935455 -2.08784464  4.15285419 -4.10167448 -0.68562456 -3.12945683]
 [-4.15745068 -2.14568974 -0.59254574  1.29844879 -2.33628966 -3.71533144]
 [ 3.69647611 -4.60034103  3.12296688 -4.44384148  0.3426325  -3.85178086]
 [-2.76111557  1.05944823  0.15762436  4.49996     2.929729    1.29947423]
 [ 3.80085323 -0.28356488  1.89111811  4.81667108  4.19878395 -1.71371891]
 [-0.29129696 -0.35146623  1.20259267 -3.89547733  1.5671372  -2.50131393]
 [-2.0972086  -1.98704896  2.32100079 -1.92798403 -4.38495557 -1.58013039]
 [-4.79781132 -1.09873755  4.55149089 -1.38745858  4.78302611  4.07404254]
 [ 1.31713115  1.26047676 -1.66348895 -0.16982757 -2.22158791 -0.12150346]
 [ 1.54485799  4.86191714 -3.80784874  4.57533377 -2.52579714  0.69297004]
 [-3.54284648  3.28393655  3.78519004  0.09539304 -0.29962346 -4.22218974]
 [-1.03345083 -2.86418244  1.8270734   1.23556394  0.94424885 -2.36112303]
 [-3.91168942 -3.22522157 -2.17754399  4.78768572 -1.88204248 -1.95619719]
 [-4.62851459  4.62757574  1.10238437  2.32395989 -4.7053226   4.16545356]
 [-0.61975009 -2.37948875  0.35779682  2.17909454  4.63901631 -1.55738892]]
