[[-0.86852891  0.75739127  1.83280914  0.31916439  4.97618881 -3.53566902]
 [ 0.45835644  2.8428229   2.18866439  1.50670386  2.03991026 -1.83203916]
 [-0.75304695 -4.69373277 -2.89556402 -1.40861771 -4.89275703  4.83941647]
 [ 1.65519458 -4.69464245 -1.51734267 -2.33239498 -2.11349184  3.9140981 ]
 [-2.30506822  2.61564429 -3.98942361  1.08559805  0.32864069  0.70609841]
 [-4.62314745  4.37734474 -1.7972017  -1.43638192 -0.97837399  3.75385234]
 [-4.64760149  3.28415145  0.15219381  3.02517387 -0.96161651 -1.31612106]
 [ 2.02751769 -4.69374468 -2.17678163 -3.07398248 -4.64628424  4.37690115]
 [ 0.82474182 -2.39186729  0.83308186 -4.4901694   4.80754386  2.71230517]
 [ 0.08796778 -2.07069239 -0.87871096  4.80941816  0.93760416 -0.97334959]
 [ 4.53965683 -3.89915963  1.41974556 -0.76174304  1.7807511   4.64063228]
 [ 3.81458103  3.40838347 -3.22884781 -3.22333931 -4.80966215 -1.81175403]
 [ 2.33946291 -1.23657437 -4.60525569  3.23664623  4.24216159  3.97041938]
 [-0.04892441  1.40510936 -2.20236003 -3.61856812 -2.85375875  1.47783517]
 [-1.06147557 -2.74422445 -3.47549002 -4.26948102 -1.46560389  1.33573521]
 [-2.22094593 -1.68894529 -4.98765807  3.73652658 -4.99476409  3.76754185]
 [ 3.726986   -3.01371436 -2.26453931 -4.24736595  0.02236163 -1.26447865]
 [ 2.81130201 -1.25488601  3.00485662  3.52820753  2.90368128 -1.9179005 ]
 [ 3.94417639 -1.39911267 -2.25196374  1.22514603  4.32227972 -1.78304042]
 [ 2.6211004  -3.17552267  2.74808889 -2.29209193  2.69735601  2.99741309]
 [ 3.58405336  3.96967055 -4.05218344  3.21153279 -3.09171026  3.19913555]
 [-4.63661345  0.3099946  -4.85931109 -1.73281671  2.69611513  3.99394226]
 [-3.71619872 -1.71505715 -1.79421518 -3.61983272  1.28921671 -4.15345853]
 [-4.43300406  0.93621966  1.05181592  2.42190976  4.50339686  3.72263299]
 [-2.18002201  1.39799065  1.63694458 -4.54511432  1.46830403 -0.21338222]
 [-4.65968262 -0.05852677 -1.5190098  -3.22054195  2.3866419   4.54878062]
 [ 4.83009765  2.01345945 -0.1001355  -2.50240657 -1.23793248 -2.40143086]
 [-3.53022322 -3.91353219  2.90098774  3.90595313  2.01620282  4.96921212]
 [ 1.48718566 -4.44526188  2.56449892  4.66120317  1.08691298  1.55197721]
 [-4.43603927 -3.56845962 -0.9681904  -3.50803328  2.33922617 -4.66810477]
 [ 2.3015564  -2.11290041 -4.96895779 -1.92825716  2.38891486 -0.16686696]
 [-1.76183805 -4.089878    2.92217682 -2.77873432 -0.83815611  1.67521802]
 [-4.83467794 -4.5415791  -0.50119598  4.94763035 -1.91916562 -4.8687295 ]
 [-1.14885105 -4.20805301  4.78019887 -0.23467159  4.98046345 -2.04893161]
 [ 3.97229955  0.36395677  3.62331285 -4.57713543 -2.15235975  0.32487749]
 [ 1.20586602  4.99322886  4.72506659  2.42550041 -3.15429434  3.23794068]
 [-2.66206411  1.21229898 -4.56661178 -4.17925853 -2.67393568  2.47095668]
 [-1.9753909   0.34589462  2.58695984 -1.7315607  -4.31480268  0.63808728]
 [ 2.28430752 -1.42890996 -3.97422052 -2.91073289  2.94015924  0.67971515]
 [-3.7498544   3.56513913 -0.15007754  2.62426293  4.58024457 -1.80887271]
 [-0.34880311 -4.87338723  1.73521435  2.3736372  -4.5109522   3.79842325]
 [ 4.78916705  1.23333519 -3.63671803  3.7227458  -4.29813886 -4.9367785 ]
 [-3.82421823  4.95256396  3.9145223  -0.0726123  -3.67474415 -1.92659262]
 [ 0.43915567 -1.32274744 -3.3572252  -3.53317993 -1.27800918 -0.68404348]
 [-3.62977957 -1.25536779  2.38322634 -4.81511624  3.78775213  3.15073582]
 [-1.56765519  0.88155606 -3.4155832  -0.61712347 -1.60245046  3.28098518]
 [ 1.10546784 -2.01177003 -1.94240652  3.52123824 -2.28712796  2.04548705]
 [ 0.2287528  -1.78319577  4.34369954  3.39187219 -0.47447691 -4.42317556]
 [-3.62927258 -2.19723146 -4.22714385 -0.60889882 -0.4711114  -0.29766909]
 [-4.92259346 -3.8502517  -3.43378843 -3.92758374  0.06712653 -2.42259389]
 [-1.61070925  4.56952082 -2.82259946  3.17642789 -4.68212365 -1.35038117]
 [-4.28178935 -3.59031381 -3.42030777  1.36989666 -1.73429073  0.83208373]
 [ 1.12020354 -1.71855418  3.93257625 -0.47508986 -1.10766127 -2.6859151 ]
 [-0.28039799 -0.27936217  2.73992462  1.02015889  0.79135801 -1.47629829]
 [ 4.07110818  1.05788109 -3.4133987   4.23308628 -0.83325013 -1.65817445]
 [ 2.80261936 -3.32061601 -2.72161403  3.76667431 -3.74914806  0.55446703]
 [ 1.26108968  2.05826582 -2.32339256  1.65069142 -3.34903611 -3.29743704]
 [-3.48044803  2.24234324  0.42968373 -2.46077838 -4.14771231 -2.32978764]
 [ 1.80656572 -0.68609687 -2.01006256  3.73574163  4.09125978 -4.97774227]]
