[[1.00000000e+000 5.49112621e-044 3.03633341e-052 1.42607361e-004
  9.01385999e-047 9.08070858e-034 9.23989982e-025 2.02697040e-049
  1.89030338e-017 2.47626289e-010 1.23414686e-045 1.30588197e-038
  2.21905875e-035 1.13673918e-027 1.90488161e-020 7.87730673e-030
  2.87134814e-037 1.20676035e-032 2.53525611e-024 2.84490067e-034
  1.00000000e+000]
 [5.49112621e-044 1.00000000e+000 2.44556159e-045 4.02666439e-058
  4.36415424e-047 1.52390686e-038 6.07278989e-035 8.41723881e-062
  1.58342129e-031 1.43919003e-044 3.11765646e-036 1.63215835e-045
  4.73809963e-095 9.80461898e-060 1.29657588e-025 1.14582501e-035
  1.44303632e-029 2.32030940e-026 1.89848515e-025 8.98109100e-052
  1.00000000e+000]
 [3.03633341e-052 2.44556159e-045 1.00000000e+000 1.68850851e-075
  7.85549867e-048 2.12675540e-025 5.53796768e-101 4.00908535e-046
  8.89032932e-077 4.29136131e-085 4.63226889e-096 2.07502843e-024
  3.42448463e-037 2.72581398e-069 9.45916177e-040 2.24977694e-034
  2.27353863e-021 7.22902779e-038 1.44609695e-021 9.95755243e-045
  1.00000000e+000]
 [1.42607361e-004 4.02666439e-058 1.68850851e-075 1.00000000e+000
  2.71722203e-051 2.14323734e-056 6.68874915e-027 1.42078873e-071
  1.06460296e-018 2.40751986e-011 2.18020009e-054 1.01639355e-064
  3.99918246e-055 2.67045124e-021 3.34561808e-023 7.18872720e-044
  1.34235877e-062 2.24475690e-054 1.88686097e-045 3.99192550e-045
  1.00000000e+000]
 [9.01385999e-047 4.36415424e-047 7.85549867e-048 2.71722203e-051
  1.00000000e+000 9.70856409e-084 3.14931987e-076 7.29594141e-084
  8.20651739e-056 8.63428038e-056 7.75703108e-052 1.54038498e-079
  1.10763758e-070 6.05276795e-040 1.16056321e-043 7.80283738e-080
  7.54394549e-062 7.04250212e-073 1.26212849e-053 7.13876496e-094
  1.00000000e+000]
 [9.08070858e-034 1.52390686e-038 2.12675540e-025 2.14323734e-056
  9.70856409e-084 1.00000000e+000 8.17919337e-054 1.70417205e-027
  1.77344953e-048 1.11411680e-061 2.79225682e-072 1.22947170e-004
  1.23477383e-037 3.44862196e-083 2.11261027e-035 1.88430617e-008
  3.54081829e-012 2.17998110e-025 5.70395977e-012 2.80253492e-034
  1.00000000e+000]
 [9.23989982e-025 6.07278989e-035 5.53796768e-101 6.68874915e-027
  3.14931987e-076 8.17919337e-054 1.00000000e+000 3.07672152e-080
  3.36182574e-008 3.40878828e-019 4.63795583e-030 4.61899259e-061
  2.63186644e-094 7.75082888e-059 8.78663723e-039 8.41781967e-046
  5.06465317e-061 1.82274800e-051 6.04526270e-049 3.25737041e-074
  1.00000000e+000]
 [2.02697040e-049 8.41723881e-062 4.00908535e-046 1.42078873e-071
  7.29594141e-084 1.70417205e-027 3.07672152e-080 1.00000000e+000
  3.40327105e-090 8.05984090e-074 1.34181184e-052 4.77037721e-032
  5.85144131e-050 4.68373720e-122 3.00131002e-059 1.82043872e-033
  1.96596350e-015 4.17104374e-047 3.27166821e-019 2.57476388e-053
  1.00000000e+000]
 [1.89030338e-017 1.58342129e-031 8.89032932e-077 1.06460296e-018
  8.20651739e-056 1.77344953e-048 3.36182574e-008 3.40327105e-090
  1.00000000e+000 1.11506492e-018 1.12565341e-046 1.06709798e-053
  1.31600897e-076 5.35477982e-030 2.27847729e-025 1.38312057e-040
  4.14490238e-060 4.72272856e-047 6.11312996e-046 1.66768349e-063
  1.00000000e+000]
 [2.47626289e-010 1.43919003e-044 4.29136131e-085 2.40751986e-011
  8.63428038e-056 1.11411680e-061 3.40878828e-019 8.05984090e-074
  1.11506492e-018 1.00000000e+000 7.67451075e-035 5.92295181e-066
  9.85570778e-066 1.02278732e-035 1.98789934e-037 9.92345774e-059
  3.78431700e-054 1.50621829e-034 5.13908628e-038 7.29911168e-053
  1.00000000e+000]
 [1.23414686e-045 3.11765646e-036 4.63226889e-096 2.18020009e-054
  7.75703108e-052 2.79225682e-072 4.63795583e-030 1.34181184e-052
  1.12565341e-046 7.67451075e-035 1.00000000e+000 2.57252959e-072
  4.40518237e-097 4.20420718e-095 7.11293057e-063 1.71988059e-072
  4.69661766e-047 2.14902125e-056 9.88945813e-043 1.37244337e-100
  1.00000000e+000]
 [1.30588197e-038 1.63215835e-045 2.07502843e-024 1.01639355e-064
  1.54038498e-079 1.22947170e-004 4.61899259e-061 4.77037721e-032
  1.06709798e-053 5.92295181e-066 2.57252959e-072 1.00000000e+000
  2.02893700e-026 5.34820646e-092 9.66449275e-051 1.71643243e-021
  2.21742586e-011 3.31792189e-026 1.52245632e-012 4.77902437e-053
  1.00000000e+000]
 [2.21905875e-035 4.73809963e-095 3.42448463e-037 3.99918246e-055
  1.10763758e-070 1.23477383e-037 2.63186644e-094 5.85144131e-050
  1.31600897e-076 9.85570778e-066 4.40518237e-097 2.02893700e-026
  1.00000000e+000 3.18894704e-082 3.61689859e-073 5.44011948e-058
  4.06153009e-037 2.94925732e-051 1.99060968e-032 8.09802471e-072
  1.00000000e+000]
 [1.13673918e-027 9.80461898e-060 2.72581398e-069 2.67045124e-021
  6.05276795e-040 3.44862196e-083 7.75082888e-059 4.68373720e-122
  5.35477982e-030 1.02278732e-035 4.20420718e-095 5.34820646e-092
  3.18894704e-082 1.00000000e+000 4.40522190e-023 4.04753497e-066
  6.26346488e-090 1.07895224e-070 1.44400558e-069 3.40000633e-055
  1.00000000e+000]
 [1.90488161e-020 1.29657588e-025 9.45916177e-040 3.34561808e-023
  1.16056321e-043 2.11261027e-035 8.78663723e-039 3.00131002e-059
  2.27847729e-025 1.98789934e-037 7.11293057e-063 9.66449275e-051
  3.61689859e-073 4.40522190e-023 1.00000000e+000 3.71713789e-017
  3.05780490e-044 7.62704924e-045 1.47103821e-033 4.67256652e-023
  1.00000000e+000]
 [7.87730673e-030 1.14582501e-035 2.24977694e-034 7.18872720e-044
  7.80283738e-080 1.88430617e-008 8.41781967e-046 1.82043872e-033
  1.38312057e-040 9.92345774e-059 1.71988059e-072 1.71643243e-021
  5.44011948e-058 4.04753497e-066 3.71713789e-017 1.00000000e+000
  4.20464653e-026 6.72250617e-040 9.72336936e-023 1.43118741e-024
  1.00000000e+000]
 [2.87134814e-037 1.44303632e-029 2.27353863e-021 1.34235877e-062
  7.54394549e-062 3.54081829e-012 5.06465317e-061 1.96596350e-015
  4.14490238e-060 3.78431700e-054 4.69661766e-047 2.21742586e-011
  4.06153009e-037 6.26346488e-090 3.05780490e-044 4.20464653e-026
  1.00000000e+000 3.11027627e-014 1.71151912e-002 3.55899596e-041
  1.00000000e+000]
 [1.20676035e-032 2.32030940e-026 7.22902779e-038 2.24475690e-054
  7.04250212e-073 2.17998110e-025 1.82274800e-051 4.17104374e-047
  4.72272856e-047 1.50621829e-034 2.14902125e-056 3.31792189e-026
  2.94925732e-051 1.07895224e-070 7.62704924e-045 6.72250617e-040
  3.11027627e-014 1.00000000e+000 4.77262527e-009 2.21088027e-032
  1.00000000e+000]
 [2.53525611e-024 1.89848515e-025 1.44609695e-021 1.88686097e-045
  1.26212849e-053 5.70395977e-012 6.04526270e-049 3.27166821e-019
  6.11312996e-046 5.13908628e-038 9.88945813e-043 1.52245632e-012
  1.99060968e-032 1.44400558e-069 1.47103821e-033 9.72336936e-023
  1.71151912e-002 4.77262527e-009 1.00000000e+000 2.49369694e-031
  1.00000000e+000]
 [2.84490067e-034 8.98109100e-052 9.95755243e-045 3.99192550e-045
  7.13876496e-094 2.80253492e-034 3.25737041e-074 2.57476388e-053
  1.66768349e-063 7.29911168e-053 1.37244337e-100 4.77902437e-053
  8.09802471e-072 3.40000633e-055 4.67256652e-023 1.43118741e-024
  3.55899596e-041 2.21088027e-032 2.49369694e-031 1.00000000e+000
  1.00000000e+000]
 [1.00000000e+000 1.00000000e+000 1.00000000e+000 1.00000000e+000
  1.00000000e+000 1.00000000e+000 1.00000000e+000 1.00000000e+000
  1.00000000e+000 1.00000000e+000 1.00000000e+000 1.00000000e+000
  1.00000000e+000 1.00000000e+000 1.00000000e+000 1.00000000e+000
  1.00000000e+000 1.00000000e+000 1.00000000e+000 1.00000000e+000
  0.00000000e+000]]
