[[-1.73975994  4.00786717  4.96795137  1.41094067  1.96474863 -3.52873034]
 [-3.45869698 -2.22093848 -4.7826645  -2.35597593 -3.56519686 -3.56653458]
 [ 4.91287439 -1.2682748  -0.22578194  4.66552047  1.90808384 -3.25568249]
 [ 4.26626778  2.80443778  0.28742435  1.9863193   1.03241959 -2.63789849]
 [-2.84821053  2.66639338 -1.35403058  0.35146159  1.48431822  3.93761078]
 [ 2.96097111 -2.48228452  4.09416325 -4.44812847  1.46884825 -2.93905328]
 [ 4.462053    2.46611698  3.8095444   4.14156178 -0.77082582  0.06890438]
 [-4.72969969 -2.10856853  2.68352902  2.97382489 -1.90717679 -1.23320243]
 [-4.6636136  -2.87401415 -3.06381168  0.98929315  2.28971712 -2.43547402]
 [ 2.33669318  0.78856527  3.35441056  3.02583262 -3.34168588  0.12089944]
 [ 4.44801038  3.49896762  0.7941858   4.29477343  4.02363197 -4.18744952]
 [ 3.61686553 -3.33289455 -1.40262443 -1.17950204  1.3931778  -2.73494394]
 [-0.79840787 -3.38930188  1.43326137 -1.30290859 -4.37893533  0.0188595 ]
 [-0.02203118  1.52376515  4.14356789 -3.17195382 -3.00206383 -2.77527993]
 [ 4.24543713 -4.34072294  2.1933827   3.83682864 -4.19698399 -0.31441071]
 [ 1.15606658 -0.98851938  2.47350525 -2.40953859 -1.58166673  2.33306926]
 [ 1.57533461  0.20971551 -1.33311197  1.34918064  2.66261107  0.41032626]
 [-4.07054009  2.51518754  1.75162745 -2.79301352  0.09947728  0.81389621]
 [ 3.90069896  1.42720027  1.75356604 -4.25036677  2.47135614  0.35057702]
 [-0.33400562  3.66549092 -0.48844335 -0.69141803 -0.20934881 -2.2328507 ]
 [-4.62052912 -1.230992    1.6191505   0.64867211  0.66047096  0.87265684]
 [-0.7289009  -4.28656662 -4.57545706  2.5947942   4.63080166  3.54477884]
 [-4.47650563 -4.53276756 -4.18009145  1.44562399 -2.39633966 -0.61902491]
 [ 0.89548164  2.16634259 -4.00639756 -2.88411749 -4.46444595  2.93061517]
 [ 3.03832114  4.12557656 -2.3760026  -4.365394    3.83789302 -1.86556629]
 [-3.05330929  0.6320706   2.12896204  4.61109231  2.52743895 -1.37952041]
 [ 0.18193957  0.18872001 -2.53016931  4.33692093 -4.43497396 -3.07325022]
 [ 3.29426512 -2.34096489 -2.69237641  0.43047188  1.85428256 -0.42261578]
 [ 4.89200893  2.63294475 -2.25084277  1.96624656 -3.36782707  2.07320783]
 [ 2.09203323  4.07701956 -2.44341584  4.50303161  1.63230284 -2.7147201 ]
 [ 0.57491343 -0.12149544 -1.68066041  4.42974568  4.48461141  3.08821304]
 [ 4.17496272 -1.74457371  2.22466948 -0.98133757 -4.70166791 -3.67636054]
 [ 2.83981811  1.31083858  3.72759837  1.08358221 -1.49206678 -0.05097039]
 [-0.11340884  0.59647    -4.83388269 -0.92963223 -0.25957469 -3.82462175]
 [ 2.14229051 -3.56026978 -3.59418612  2.64547184 -3.15227081 -0.72845376]
 [ 2.73159933  2.87540339  2.0257686  -3.27736091 -4.43872638 -1.02155071]
 [-1.13450693 -3.30963336  1.67619961 -3.87802566 -1.62018998  3.51395963]
 [ 0.22665506  0.3389138  -4.25092331 -3.48722105  2.77583972 -1.89734238]
 [-0.66464676 -3.25628855  1.51391462 -2.77940817  1.69465097  1.56553328]
 [-0.4741334  -4.79556788 -4.27252321 -4.51284908 -0.94120809  3.23459644]
 [-0.69710885 -3.16289454  3.5976862  -1.39658713  3.18982271  4.93532394]
 [-0.42659224 -3.99843022  1.07690012 -0.45867129  3.21202621 -1.80555172]
 [ 3.26314279  0.2037089   1.39333357 -3.48598987 -0.97646273 -4.02602165]
 [ 0.31379119  3.69661749  4.25263512  4.69655577 -2.76849833  1.72964722]
 [-4.14246985 -1.50563797  2.69080207 -3.16595296 -3.69886687 -2.88520395]
 [-4.80454777  0.06858475  3.61915194 -1.15018412  1.89150426 -2.11004099]
 [ 3.84871261  0.4217381   1.32642313  2.93235868  3.56614047 -1.0836822 ]
 [-0.77452194 -3.11341205 -4.41958055 -2.24560122 -0.86078704  3.82017269]
 [-0.48125265  0.83875746 -4.68772354  3.65107061 -0.32277351 -2.15437031]
 [ 1.0073594  -1.6554214  -4.19623379  0.31460784 -2.65096366 -1.50203054]
 [ 4.22360295  0.03623483 -2.67303997 -1.20580103  4.44903451 -0.0513931 ]
 [ 0.0991948  -2.27253178  0.09357906 -1.43662693  0.26194255 -3.21668134]
 [ 1.29292894  1.09265534 -0.81448091 -2.43214954  3.71849816  4.46097814]
 [ 2.96506427 -0.68574731  0.86219704  1.03737793  0.71260799  0.26358749]
 [-4.14424709  3.12493607 -0.93095659  2.33374434 -2.90217153 -4.00146903]
 [-1.95247608 -2.25039341  2.24089084  3.39814626  1.85124496 -0.68291023]
 [ 1.47416026 -3.47250733 -0.04614191  1.21506767 -1.80641004 -4.71036716]
 [ 3.76150236 -1.52093295  1.27569524 -1.86524834  3.95108218 -4.29628661]
 [ 2.48692911  2.80048971 -4.87329143 -3.36310575  1.97499952 -1.05081026]
 [-1.89194761 -2.12103552 -0.72525449 -0.69705745 -0.14323626 -2.98720502]
 [ 4.81072862 -3.19742256 -2.81899115 -0.24756285  3.66458062 -3.4229338 ]
 [ 0.47692773 -0.28710203 -3.64225739  2.3327932  -2.42483736  2.26687032]
 [ 0.03125033 -4.4227372   2.51302609 -4.20599953 -0.92950557 -4.25358079]
 [ 2.45576916 -3.36288533 -3.61302421  0.92122136 -2.85947296 -1.43946114]
 [ 4.39826708  2.45031711  2.1581552   4.51642052  2.44780626 -0.79554417]
 [-2.7077341  -3.36139576  0.87488964 -0.38701028  1.17003995  2.24752615]
 [-1.47546107  1.22761105 -4.08185075  1.80123539  0.71647336 -2.78322477]
 [-3.40480068  4.67061525  3.3955287  -0.55754777  0.60184852 -1.39571451]
 [ 1.69176768 -3.75632342  3.1661789  -1.76263595  0.07499891 -2.26798998]
 [-3.40337485  3.10075641 -0.77729592 -1.96631245  1.64974989 -1.17947447]
 [-4.79100313  3.03573014 -4.4751834  -4.08627884  1.72263729 -2.04006076]
 [ 0.71896884 -1.23781908  0.78272911  4.59367352  4.64262293  3.42571914]
 [ 3.07786733  4.9699387  -3.0479069  -1.44948769  4.93123667  1.11500872]
 [-2.71271169  0.37481546  1.10920403  0.77878499 -1.84003056 -3.14329901]
 [ 2.97450307 -4.52321726 -4.17342402  0.04719841  1.49161095  4.86714049]
 [ 1.80812042 -0.28245642  2.58181242  0.84149314  0.51218487 -3.71417223]
 [ 3.6381412   2.46899644  0.75930618  4.79064041  2.04274435 -4.6383387 ]
 [-1.35716149 -3.18084944  0.92994412 -0.74670605  1.66050181  0.8706875 ]]
