[[-1.88794321e+00  2.60760856e+00  3.95328821e+00 -4.48869589e+00
   2.58271648e+00 -4.29302296e+00]
 [ 1.75658809e+00 -2.14656327e+00  2.53719971e+00 -4.87051965e-01
   3.35362668e+00  3.23743557e+00]
 [-4.06010488e+00  3.37611023e+00 -7.91663025e-01  3.14511933e+00
  -4.14449717e+00 -4.35523083e-01]
 [ 9.98049720e-01  4.00292119e+00  1.31939810e-01 -3.50765747e-01
   7.13677709e-02 -4.42165904e+00]
 [ 1.95613116e+00  4.14407319e+00  3.69779069e+00 -2.58721887e+00
   2.92798979e+00 -3.16774854e+00]
 [ 1.16567883e+00  3.04229666e+00 -2.96483533e+00  1.19533983e+00
  -8.71315011e-01 -3.61499000e+00]
 [-4.14186942e+00 -1.29103315e+00 -2.81943744e+00 -3.61650829e+00
  -2.64385907e-01 -2.78932538e+00]
 [-2.80113153e+00  1.20080412e+00  1.52481029e+00 -4.06435532e+00
   1.52566251e-01  4.97936851e+00]
 [-2.77033890e+00  2.29273475e+00  1.79151950e+00  3.13526035e-01
  -2.71715204e+00 -4.00477227e+00]
 [ 4.64754648e+00  1.22896345e+00 -1.78984231e+00 -2.11364156e+00
  -2.99153080e+00 -2.49627645e+00]
 [ 4.90059564e+00  1.89511689e-01  1.38732627e+00  2.19564214e+00
   2.58966317e+00  8.99199551e-01]
 [ 4.99655934e+00  3.90314356e+00 -2.80601825e+00  2.00777140e+00
  -1.49872457e+00 -4.64171694e+00]
 [-3.07132166e-01  4.60656489e+00 -4.68479183e+00 -6.44120038e-01
   4.82039680e-01 -2.59933674e+00]
 [ 5.32552599e-01  3.90703403e-01  2.47582899e+00 -2.10646408e+00
   3.61164585e+00 -1.61800327e+00]
 [-3.15063943e+00  1.39611780e+00 -1.30755007e+00  4.05944042e+00
  -2.24908810e+00  1.03346599e+00]
 [ 2.64556355e+00 -2.37789416e-01  2.42789569e+00  3.98126683e+00
   2.45074038e+00  4.02243328e-01]
 [ 1.97380774e+00  3.65322325e+00  2.55461874e-01 -4.34771063e+00
   2.20450137e+00 -4.66740450e+00]
 [ 1.12437432e+00  3.46782284e+00 -1.61773090e-01  4.89533520e+00
  -3.66928738e+00 -2.71226682e+00]
 [ 7.52446187e-01  4.97514908e+00  1.53227775e+00  3.73176908e+00
  -4.07089558e+00 -4.94322730e+00]
 [ 3.79863976e+00 -1.90875178e+00 -3.44478784e+00  3.22178290e+00
   2.06534045e+00 -4.37100547e+00]
 [-3.15226590e+00 -2.76930155e+00  3.12779842e+00  2.65367107e+00
  -2.46183259e-01  4.06194662e+00]
 [ 1.40638200e+00  8.05278075e-01  1.72207170e+00  4.75311765e+00
  -2.22424664e+00  3.47458176e+00]
 [-2.17808692e+00 -3.37977464e+00  1.71957711e+00 -4.69875634e+00
   2.29782784e+00 -4.80126419e+00]
 [ 1.75882012e+00  2.93863241e+00  8.27716645e-01  4.27141293e+00
  -4.56549684e+00  2.41593425e+00]
 [ 4.22648413e+00 -2.31565697e+00  3.96213942e+00  2.37873807e+00
  -3.99465065e-01 -3.34783006e+00]
 [ 3.40237111e+00  7.60304109e-01 -8.61842888e-01  3.77755592e+00
   2.78717862e+00 -4.31189946e+00]
 [ 2.59191561e+00  4.52939595e+00 -1.76833923e+00  1.77434563e+00
  -3.04133806e+00  2.58303279e+00]
 [ 4.33337865e+00 -1.79962921e+00 -1.63536589e+00 -3.95140788e-01
  -3.69975961e+00 -7.78105164e-01]
 [-4.79328320e+00  3.20021929e+00 -5.83157539e-01  4.71446311e-01
   1.04754981e-02 -4.12014152e+00]
 [ 4.43200779e+00 -3.04116170e+00  4.38873993e+00 -2.36364275e+00
   3.44444347e+00 -1.99187923e+00]
 [ 4.34701316e+00  3.23870881e+00  2.29516717e+00 -9.05205775e-02
  -3.61788665e+00 -3.84809851e+00]
 [-3.31754750e+00  2.53089596e+00 -3.62676665e+00  1.41755468e+00
  -1.62006993e+00 -2.06518833e+00]
 [-1.93703881e+00  3.12467180e+00 -1.07974894e+00 -3.29533137e-01
  -1.84919037e-01 -4.51956328e-01]
 [-4.15429080e+00  1.95015495e+00 -3.46927651e+00 -4.57536164e+00
  -3.27028340e+00 -3.88336614e+00]
 [-4.11879606e+00  1.01956961e+00  2.06022886e+00 -1.66231224e+00
   7.76247030e-02 -3.49494470e+00]
 [-3.96102067e+00 -4.74812810e+00 -1.02051540e+00 -1.32128705e+00
   4.96184210e-01  1.23781416e+00]
 [ 4.03075443e+00 -2.14767174e+00 -4.37638266e-01 -9.57187205e-01
   4.01706379e+00 -4.21698375e+00]
 [-4.95820658e+00 -2.67741202e+00 -4.50100196e-01  2.51237958e+00
   4.03468073e+00 -1.38549306e+00]
 [-3.06002374e+00 -2.10969605e+00 -4.32803898e+00 -3.59525759e+00
   3.60270262e+00  2.90468931e-01]
 [ 1.53979500e+00  1.32720560e+00  4.74241345e+00  4.79111911e+00
   1.04983743e-01 -1.63786426e+00]
 [-2.72241073e+00  1.23656082e+00  2.55476372e+00 -5.70364027e-01
  -3.72275234e+00  3.78168659e+00]
 [-2.38931846e+00  1.86221953e+00  1.29144139e+00 -5.83595240e-01
  -1.04312376e+00 -4.92792161e+00]
 [ 4.92824345e+00  4.89453625e+00  2.89601432e+00  3.34007573e+00
   2.40401668e+00  6.60692193e-01]
 [ 1.35931827e-01  2.42990534e-01  4.34632277e+00 -4.55203551e+00
  -6.12694504e-02 -3.20148380e+00]
 [ 3.30386815e+00 -2.38318518e+00  4.89916566e+00 -3.81780198e+00
  -6.05281081e-02  1.02585193e+00]
 [ 3.05586821e+00  1.08202463e+00  1.95594069e-01 -4.77166876e+00
  -3.34684079e+00 -1.32514830e+00]
 [-2.18096751e+00  2.11741124e+00  2.33201982e+00  4.66532758e-01
  -3.20127240e+00  2.39033270e+00]
 [-9.03744759e-01  2.06813621e+00  1.88760590e+00 -6.73371583e-01
  -3.94622857e-01 -8.83388479e-01]
 [ 5.73803324e-02 -2.51382327e+00 -4.81186663e-02  6.58253085e-01
   4.54713134e+00 -1.70858457e+00]
 [-4.92800282e+00  2.57698798e+00  1.83773112e+00  2.96588862e+00
  -2.86786618e+00 -1.69289817e+00]
 [-2.06104202e+00 -7.56595326e-01  1.02600777e+00  9.71056436e-01
  -2.51489073e+00  3.44490538e-03]
 [ 3.84351338e+00  1.57468171e+00 -1.21518894e+00  2.97312914e+00
  -3.75801471e+00  3.46795541e+00]
 [ 4.32974724e+00  2.35135880e+00  2.86796736e+00  4.15393308e+00
  -4.26793030e+00 -1.13800588e+00]
 [ 1.06382578e+00 -4.61629024e+00  7.97423851e-01  4.14680961e+00
  -8.46739850e-01  3.26633389e+00]
 [-1.15852489e+00  3.05282037e+00  4.74793484e+00  1.11692457e+00
  -4.76466470e-01 -2.60023839e+00]
 [-2.64525026e+00 -1.95005804e+00  1.50283430e+00 -1.45964758e+00
  -8.76549154e-02 -1.83287186e+00]
 [ 1.91780550e+00  2.26260315e+00  2.60047286e+00  2.50129997e+00
   1.36436729e+00  1.15279168e+00]
 [-4.50693089e+00  2.52676218e+00  4.55086054e+00  3.16089327e+00
   2.88208172e+00  4.28270008e+00]
 [-1.73040083e+00  1.72489901e+00 -4.14471851e+00 -1.60668098e+00
   1.46295726e+00 -4.67414375e+00]
 [-4.26778919e-01 -1.82435815e+00  4.51706065e+00 -2.13264406e+00
   1.66127181e+00  1.96436920e+00]
 [-2.35553249e+00 -1.95802482e+00  1.75332046e-01  3.59118569e+00
   4.74240153e+00 -3.81786568e+00]
 [-1.49571359e+00 -4.64346586e+00 -1.99097610e+00 -1.73443009e+00
  -2.95626050e+00 -1.52251920e+00]
 [ 1.28492787e+00 -1.47597688e+00 -3.62330753e+00  1.71400356e+00
  -4.26154741e+00  3.17978234e+00]
 [ 3.04993904e+00 -2.12268849e+00  3.97125275e+00  3.75896276e-01
  -2.70261965e+00  3.87260136e+00]
 [ 5.36585057e-01 -4.21915769e+00 -9.00098329e-01 -1.49381797e+00
  -2.78441474e+00  2.20913529e+00]
 [-4.03617262e+00  3.75551428e+00 -3.53408823e+00  3.70676092e+00
   1.10550587e+00 -2.57259389e+00]
 [ 4.51602928e+00 -4.62963338e+00 -2.82364867e+00  4.64529366e-01
   4.21933153e+00 -2.36280844e-01]
 [-2.56599475e+00 -2.24265967e+00 -3.72428894e+00 -1.30291511e+00
   4.66843517e+00 -2.83322187e+00]
 [-3.71936146e+00 -4.97889104e+00 -2.22133222e+00  4.61730930e+00
  -3.20306562e+00  3.66244389e+00]
 [-2.04827434e-01  5.25903275e-01  2.85165071e+00 -4.58640622e+00
  -1.47731450e+00 -4.23038338e+00]
 [-2.52397333e+00 -2.29272735e-01  1.79190331e+00 -3.93813969e+00
   1.18064533e+00  2.37842425e+00]
 [-3.69692910e+00 -1.83812241e-01 -2.77121220e+00  3.59134800e+00
  -3.62807067e+00 -2.44511525e+00]
 [ 3.06876582e-01  5.23189475e-01  4.35888485e+00  3.49436013e+00
  -2.20117927e+00  4.59630431e+00]
 [ 1.82906255e+00 -2.67075776e+00 -3.75976552e+00 -2.91304922e+00
  -2.06576111e+00 -4.01481951e+00]
 [-1.03503947e+00 -4.27884716e+00  2.31784398e-01 -3.61985931e+00
   2.38718506e-01 -3.89629244e-01]
 [ 4.36004375e+00  3.14718051e+00  3.98208102e+00  3.65347876e+00
  -3.02842836e+00 -2.34215869e+00]
 [ 4.01649140e+00  4.19502923e+00 -2.46483582e-01  3.33508887e+00
   3.84723955e+00 -2.76583851e+00]
 [ 4.61270733e-01  4.80046722e+00  3.69169318e+00  3.58397285e+00
  -2.87515172e+00  8.03135140e-01]
 [-3.48428345e-01 -4.93120237e+00  8.91092736e-01 -1.02647212e+00
  -4.71284522e+00  1.19558035e+00]
 [ 3.32545754e+00  7.30100113e-01  4.64360476e+00  3.98379116e+00
   2.84251796e+00  3.94551622e+00]
 [ 8.76002054e-01 -1.11340373e+00 -4.59270265e+00  4.90203110e+00
  -1.37759446e+00  3.65352536e+00]
 [-3.97695902e+00 -2.12022759e+00 -2.00336134e+00  3.02873942e+00
  -3.08489615e+00 -4.17185151e+00]
 [-3.07032306e+00 -4.36206687e+00 -8.50905942e-01  3.69293858e+00
   1.62198023e+00 -3.50840219e+00]
 [-8.15147727e-01 -4.55174269e+00 -3.09533361e+00  4.06061918e+00
   3.20868512e+00 -1.13533432e+00]
 [ 7.14523410e-01 -9.93336695e-01 -5.82937492e-01  2.04293493e+00
   4.65977373e+00 -2.43005962e+00]
 [-2.46903825e+00  3.06416837e+00 -9.90856381e-01 -3.03949837e+00
   1.44088579e+00  1.39463902e+00]]
