[[1.00000000e+00 2.76749504e-07 4.06621931e-45 ... 1.49531218e-44
  2.68513433e-51 1.00000000e+00]
 [2.76749504e-07 1.00000000e+00 1.86197970e-44 ... 3.00497731e-53
  4.81039737e-52 1.00000000e+00]
 [4.06621931e-45 1.86197970e-44 1.00000000e+00 ... 9.28205620e-45
  1.49149535e-27 1.00000000e+00]
 ...
 [1.49531218e-44 3.00497731e-53 9.28205620e-45 ... 1.00000000e+00
  1.42442413e-32 1.00000000e+00]
 [2.68513433e-51 4.81039737e-52 1.49149535e-27 ... 1.42442413e-32
  1.00000000e+00 1.00000000e+00]
 [1.00000000e+00 1.00000000e+00 1.00000000e+00 ... 1.00000000e+00
  1.00000000e+00 0.00000000e+00]]
