[[ 4.70804931 -2.29880855 -4.62492515  0.92759201 -3.5484811   2.3122059 ]
 [ 4.88802041 -3.9127624  -1.45751358  2.06280966 -3.33458367  3.35908176]
 [-1.15986525  1.96463736  1.51825928  1.31903345 -4.11444496 -1.06299288]
 [-2.32283296  1.03593186  0.1761578   3.26485922  0.21612745  2.7586961 ]
 [ 0.30739293 -1.45825977 -2.44792832 -2.64544333 -2.62927397 -3.0394051 ]
 [ 2.28463167 -1.12413105  4.7983445  -1.69954116 -4.30384016  4.91263981]
 [ 4.97499132 -3.96190592  1.72830162 -4.47577925  1.02577185  0.60777361]
 [ 1.45047213  3.03980358  3.31451915  0.76377032 -0.95105102  1.13292391]
 [-3.99980307 -1.26831267  1.95606487 -0.7022295   1.04066031  3.65952027]
 [ 3.43737494  2.8085493  -0.09695662 -1.24526472  3.73664258  2.00562124]
 [ 4.37047541  1.59158556  0.33052423  3.32231484 -2.22714115 -1.47639941]
 [-1.01734052 -2.37771973  1.33935912 -0.73604455  2.0331341   2.81262801]
 [ 2.34429159 -1.04688857 -1.23138699  4.23304617  4.45674803 -3.07188271]
 [-3.57108658  4.66740695 -2.14679057  1.17019548  4.64559211  3.76312563]
 [-2.08426728 -3.50269813 -4.57964688  4.11800955  4.11007245  3.16133999]
 [-2.99246618 -0.34058181  1.97428455 -4.17841697  0.00930184 -1.89642098]
 [ 2.16692943  3.53232077 -1.39481044  4.26676176  4.3729691  -1.59235507]
 [ 2.40829451 -2.76042106 -2.50731025  2.94135991  1.82364863 -4.44942296]
 [ 3.28204112 -2.14363107  2.60780097  0.49843172  2.65290741  1.87953406]
 [ 0.60987637  3.07027951  4.43345676  2.56764499 -1.07076642  1.11151626]
 [-4.82228029 -0.85926658  2.81140035 -4.03207108 -3.17697278 -4.31220419]
 [ 0.35755399  0.76413618 -3.63046827 -2.02608767 -0.94243763 -1.11988488]
 [-4.19002598  0.47975841 -1.43922089  4.54187637 -2.87950623  3.22345022]
 [-0.90260033  1.35226751  0.41522878 -1.11304666 -2.65834415  4.65959331]
 [ 0.83895309  1.02356901  4.54705551  2.69041175 -0.12803718 -0.18969328]
 [ 4.85533439  4.21578519 -3.63549672 -1.73826808  4.8438395  -0.41232248]
 [-0.53706947  2.28268563 -1.10758353 -4.12700544  2.15754112  4.65686498]
 [-0.1228351  -1.89199791  1.09034381  0.65258638 -3.26693107  1.86490222]
 [-1.25263487 -4.31506313 -1.82899895 -4.71809633  3.54771364  0.35795096]
 [-4.7179645   3.59025953  3.90873746  2.06745297 -0.53105955  0.13888071]
 [ 4.46087574 -3.36790453 -1.39527302 -1.6616637   2.50474777  2.90565303]
 [-0.66091814  1.14016282 -2.94336823 -3.67535357 -4.50916417 -0.59310093]
 [ 3.85543922  4.34282829 -2.18593867  0.71612718  1.74568763  1.56379865]
 [ 3.88763676  0.27372582 -2.75420235  4.8487757  -4.22337789 -3.12795409]
 [-3.52883009 -3.73577764  1.07935941 -4.3602472   0.43298712  0.51218371]
 [ 3.3752851  -0.50147499 -0.87436515  4.4960099  -4.29185489 -0.28149797]
 [-4.2138083  -2.98227601 -4.28469944 -0.73527722  0.89079927 -3.63098623]
 [-2.16447996  3.01302167  1.25235242 -3.91003561 -1.23376091 -4.56946129]
 [ 3.04980536  3.6106889  -1.61871023  0.44384744  0.91221295 -4.53180888]
 [-3.76306787  0.78158035  0.55782031 -2.59568446  4.26268007 -0.11039954]
 [-2.04120148 -2.32829342 -4.75955919  0.18770864  3.94970006 -4.77070403]
 [ 0.74357604 -3.82492433 -2.35240579  0.2939985   0.61413222  3.90085689]
 [-0.67024318  3.79895406  0.03536857  3.8051969  -1.95083668 -4.1151909 ]
 [-3.40937105  3.78826829  3.48386181  2.93405638  4.05456096  3.07259623]
 [ 4.02819272 -3.30666622 -2.91613196 -4.01444943  0.38697022 -4.74022295]
 [-1.46364704 -2.54746508 -4.77145415 -3.42421984 -2.62995349  3.92607596]
 [-4.3616924   3.70023196  2.29781528  3.4849906  -1.38937691 -2.80504995]
 [-2.41338108  0.31700704  0.52804514 -0.98013411  0.02235307  1.03950181]
 [ 2.79024238  0.82010154 -4.08060304  0.644291   -4.27045669  4.23372916]
 [ 4.81781788  0.03072688 -4.11155092  2.2573709  -0.10636241  2.15618416]
 [ 0.15925334 -3.07327137  3.0131908   2.87025855  3.11545058 -3.71437741]
 [ 4.24917677 -1.52459135  4.83912692  4.76612075 -4.03223426  1.36535012]
 [ 0.50523908  3.12867848  4.46198874 -2.40625054  3.91367872 -3.43523889]
 [-2.63874131  0.6637429   1.94389474 -1.47127075 -1.74171544  2.45124494]
 [ 3.11192134  4.03800546  1.68308424 -4.96555794  3.73439083  2.35729055]
 [ 2.66700336 -3.52571686 -3.82098296 -1.40186568 -0.64408977  2.49215764]
 [ 0.18955808  0.88868762  3.32839931 -2.9630102   4.37192264  1.08472361]
 [ 0.1417846  -0.17449122 -1.52269512 -4.29967749 -3.7361019  -2.61172805]
 [-4.363542   -4.25571174 -2.29053729  3.2954403  -2.76658341  0.55256003]
 [-1.67029626 -1.69663373  0.79507019 -1.14942204 -1.52366273  3.49626001]
 [ 0.90017009 -2.17242167 -0.79768614  3.59260512 -1.54747605  4.52455469]
 [-0.74443861  1.91238588  2.45526795  4.8876689  -0.90992009  2.97576044]
 [-0.40793537  0.98693106  4.3064613  -3.95673549  2.58656096 -1.3699721 ]
 [ 1.94158535 -0.35218014  1.54686314  4.83862593  0.31086081 -3.46186802]
 [-3.02065969 -1.08024217  4.69915172 -2.40503895  0.49963731 -4.29344065]
 [-3.61225626 -1.98574039  0.76865425  1.13169574 -2.63932612  2.40564991]
 [-4.16040629  0.34710285 -1.61005424 -2.89241396  3.44635156  3.53707336]
 [ 3.29453921  2.87829681 -4.56742062  0.46762392  3.08002485  1.7377471 ]
 [ 2.46829988 -3.86821289  4.11496456  0.63658176  1.50747687  1.4998497 ]
 [ 2.91623793  2.10166957 -4.21989086  0.63730452  2.74920308 -3.98281697]
 [ 3.35154035 -0.77330852  2.25850178  2.65570694  4.5284506   1.55042842]
 [-3.40202996 -0.33009316 -2.54587726  0.89550592  2.30460915 -4.38653225]
 [-4.3693372  -0.505227   -2.68392364  2.41834842 -4.91605826  3.29580334]
 [ 3.1099159  -1.80823206 -0.20960726  3.80977941  3.64171517  0.75409159]
 [-1.12541511 -0.13569051  0.62553597 -2.79541995  2.88939515 -3.86999675]
 [-2.88150707 -2.31028512  2.80305057 -2.96063336  1.94155058  3.38014329]
 [ 2.00476585 -0.78230044  1.58755592  0.68529606  4.46109132 -3.72086886]
 [-3.72931854  2.59465941 -0.4916167   3.44470192 -2.28887883  3.77179368]
 [-4.05807778 -2.84218998  2.44703907 -3.78299459  0.02216101 -2.27159637]
 [ 2.47184465  2.87759116  0.91469821 -2.38976781 -0.82828728  3.83608121]
 [-4.73722661 -0.83947982  3.90914424  1.28684531 -0.48431809  4.17358058]
 [ 1.01024376 -1.36934704 -2.00522395 -4.10512008  3.62964897  0.98298705]
 [-0.45078796  2.17547928 -0.19038717 -0.95467884  0.5397624  -3.39606294]
 [ 1.08342334 -1.07563921 -4.89005964 -0.34518247  0.94567891 -4.37059047]
 [ 3.42207583  0.99566637 -1.63332735  4.50317299 -0.86472344 -2.94470789]
 [ 3.04831965 -4.62432102  1.46564821 -3.76366242 -0.16743199 -1.74589748]
 [-3.4746958  -3.54503429  3.36743405 -2.92971579 -2.82600285 -4.79099607]
 [-2.28763711 -2.08327888  4.48926431 -2.33781408  1.83152909  0.5824731 ]
 [-4.22937767  1.99477947 -3.36887855  1.98227769  0.2980353   3.91807407]
 [ 1.39924755  0.46743002  1.91336547 -1.06121944  0.82756664 -3.62076506]
 [-1.02882095  3.74150543  3.74583733  4.36250654 -3.5156539   2.20530365]
 [ 1.41698356  4.58430562  0.18415092 -2.99097335  1.79146985 -3.20875875]
 [ 0.57880168 -4.19747815 -0.05419099 -4.14414214 -4.69313482  3.57370332]
 [ 3.21248221 -4.95588165 -3.21310918 -2.28230549  3.26301345 -2.15907264]
 [ 2.22019096 -1.51095933 -2.65950989  2.45097463 -4.96397101  0.71142378]
 [-0.17582503 -3.44929979  1.3827767   4.55923904  0.23533792 -0.50390093]
 [ 2.66654668  1.67592207 -0.40874488  1.23380612  2.07132565 -4.66375372]
 [-0.05247727 -4.51928657 -2.53159831  0.1636593  -3.20222586 -4.57281089]
 [-2.71827387 -3.1439669  -3.56929816 -2.774942    1.32070839 -0.24019059]
 [-4.01745904  1.33648115 -1.50999103  2.38834633 -0.0694106   4.08808107]]
