[[ 3.70712557  3.33058528  3.0187239   1.6632333  -2.97128654 -4.51110833]
 [ 4.77387422  3.56046396  1.817794   -2.18198477  4.84459342 -0.25469489]
 [ 0.32969544  4.97568234  4.31753971  2.28917721 -0.22083733  3.30572251]
 [ 1.77188626  1.13604568  4.43030062 -2.5126175  -3.83283542  4.72316378]
 [ 2.81529262 -0.84931871 -2.34529355 -1.4431618  -2.81794362  0.47433721]
 [-3.96169009 -1.94504137  0.90152384 -1.48541132  0.88266205  1.92602825]
 [-1.96468452 -2.19300337  1.535218    4.77555899  1.79409805 -3.39375157]
 [ 4.58183053  3.54857453 -4.72981148 -3.02972526 -0.57657583 -3.06032197]
 [-1.09179833  1.03849549 -3.91972446 -4.8656749  -4.3698694  -3.12552514]
 [-2.63177602  4.76571266  0.07026509  2.74783868  1.73149616  0.58734871]
 [-2.86222378 -0.84827246  2.51742011 -1.19549646  0.23835993  3.17962891]
 [ 3.71544789  2.9507723   2.64416664  0.88992575  4.59093219 -4.89302701]
 [-2.22627203 -0.39978948 -1.35970619  0.41024482 -2.98675065  0.7388145 ]
 [ 0.1102451  -1.02534942 -0.90242663  4.3292784   0.73949876 -1.87345066]
 [-0.86949437 -0.50844414 -1.7730423   4.46804199  0.69339664  2.05620795]
 [-1.57372612  1.88354755 -2.52929047  3.79702793  1.30247543  1.38793607]
 [ 3.28353843  0.79014036  3.40723805  0.90902158  1.92844879  4.03238442]
 [-1.47234794 -1.66267041  3.08136496 -0.56754828  1.56385454  2.93806328]
 [-0.99000778 -2.46096432  2.74367912  2.70736751 -4.71747801 -2.08701237]
 [-2.23005969 -0.37173096  1.98531377 -3.0056743   4.14701224 -1.0598028 ]]
