[[-1.94693584 -3.27980611  2.44386197  0.09708807 -4.50435478 -1.41220436]
 [ 2.0985644  -3.5550392  -1.86970638 -3.67439529  2.83248592 -0.27996164]
 [ 1.37673375  0.5481625   2.89386071 -1.64466715  3.01235938 -1.6945611 ]
 [ 2.74391801 -1.41235356 -0.85163148 -1.20149818  2.93376984 -3.41526203]
 [ 1.09205169 -1.63143001 -3.05585153  4.76251543  1.26972017 -2.09729965]
 [-2.72279298  4.15184827  1.42727681 -3.8084634   0.95779942 -3.54104939]
 [-1.23114372 -0.24925132 -1.74579626  4.04076741 -4.64667182 -4.47449078]
 [ 0.32213163 -0.54512101 -2.64422674 -3.85514795  1.832848   -2.38481841]
 [ 0.54506439  3.91952658  1.17708456 -0.79440062  2.97614296  4.7822384 ]
 [-2.76961833  1.2352568  -2.31409393 -2.08545148 -0.20188302  1.27515926]
 [ 0.15123547 -4.86298125  2.23975221 -0.07179467 -0.09283265  0.68279092]
 [-0.93013443  0.10409198  4.48044612 -2.88648157 -2.92736617 -4.28383205]
 [-0.44245382  2.37010963 -1.2181331   3.44072844  4.25421591  2.10211292]
 [-3.40828083  3.57739155 -3.26470813  2.8607442   4.00710024  1.42481205]
 [ 0.65215948 -0.20395485  0.4595279   3.22551814 -3.81935733 -4.80766878]
 [-2.15136658 -4.41750044  0.42278258 -2.68971359  1.30048664 -0.39917749]
 [ 0.91894094 -0.89228582 -3.00856552 -4.94057374  4.43783319 -0.36970228]
 [ 0.62238535 -4.89460259 -0.84324048 -3.48349627 -1.78325909  1.48632067]
 [-3.63711704  4.92113129  1.63197778 -1.20284893 -4.75913668 -4.24324751]
 [ 1.01653842  0.90631835 -1.36485965 -1.0109166  -2.32520421  0.84473903]
 [-4.96241986  3.2750301   2.78520702  1.54551501 -1.01809243 -1.48170779]
 [ 3.26274617  2.68112921 -0.24419033 -4.15056268  1.57906543  2.40242783]
 [-2.02609085 -2.50448758  3.53584094 -3.21698206 -2.71858158  2.18205538]
 [ 1.63761317  1.96824048 -3.96300658 -1.31865095  2.63631462 -0.39586208]
 [ 2.27923062 -0.98240989 -2.77626991  3.94563739 -1.11742807  2.50423678]
 [-4.27928741 -3.29859418  1.46227174 -2.56700375  2.66392641  2.1311803 ]
 [-3.41676259 -4.13589153 -1.73921376 -3.00980706 -4.09244404 -1.78955638]
 [ 1.58959127 -4.4654872  -3.40920529 -4.2922563  -1.26622932 -0.55489953]
 [-4.0223697  -4.51833265 -2.18776573  3.14519472  1.95946195  0.74079534]
 [ 0.13639032  2.26311008  0.50544677  1.44660932  3.63919066 -4.15959219]
 [ 1.36916514 -4.74091277  0.71670857 -2.31340282 -0.45015164  0.10558573]
 [ 4.91990777 -3.03322073 -3.6446266   0.62958447 -1.22588811  2.77598259]
 [ 4.05778575 -2.97713756 -1.89548168  0.43241266  1.13688227 -1.17282094]
 [-3.98221596  3.83311054  1.74397878 -0.00999941  4.39267487 -1.20188447]
 [ 1.62724003 -3.50740341  4.6172571   2.3799781  -0.43019024  2.40912219]
 [-4.23007147 -4.12163689 -1.86330449 -3.28165213  1.92569794  0.78987588]
 [-2.21034354  1.88018087  0.56832103  2.18532171 -0.77588318  2.57113173]
 [ 4.40064469  0.83074541  3.22388523 -3.40984808 -2.01726198 -4.60658717]
 [ 0.34106848  3.77347226  2.97168876 -0.60800008 -1.38801122  4.24576328]
 [ 0.47309834  3.09662002 -4.81212908 -2.28910431 -1.53123688 -4.67920335]
 [-3.05620136  3.39141902 -4.63380564 -2.06359961 -3.60303782 -3.10662006]]
