[[-2.44486541  2.26785166  4.72985982 -2.40898061 -2.90522264 -2.32902598]
 [ 2.25883696 -2.6323315  -3.85437615 -0.7047805  -0.67709784 -4.24064062]
 [-4.30337298  2.69309598 -2.40395136 -3.34477785 -1.9163201   1.70054885]
 [-4.55137329  0.84184124  0.2610165   3.23590062 -2.66762216 -3.09301452]
 [-3.03559827  2.96450397  4.25002463  4.50585026 -1.39252489  1.34440162]
 [ 4.31599431  1.63238586 -4.14887292  0.01804707  2.60480945 -2.91118633]
 [-4.04478558 -3.83856735 -1.98226095  0.50662097  1.93840828  2.86033292]
 [-2.96143887 -0.68426086 -0.95466251 -4.43310549 -2.29534351 -3.49487194]
 [-1.41828939 -2.72150153  4.97797878 -4.42299217 -1.491469    0.99667988]
 [ 3.26091529 -3.03914314  3.15696334 -1.39952954 -3.63009921  2.80773391]
 [ 4.17824756 -1.85447896  2.37035884  0.74057289 -2.56916839 -4.75925436]
 [ 3.88005645 -2.52039003  1.08638801 -0.0643503   3.7106772  -3.61432023]
 [ 3.04633749  4.67276961  3.54236981 -3.26209226 -1.25145032  1.24257961]
 [-3.26581766  1.75288689  2.24120189 -4.95680963  2.79200145 -1.56963486]
 [ 2.33502458 -4.80777704 -1.34741422 -2.77451577  0.63338234  2.45831349]
 [ 1.48592565 -4.58884037 -0.14997484  2.22421349 -1.74184211  4.54342298]
 [-0.08714176  3.26487363 -0.60674921  1.83641399  4.15098992 -4.63447288]
 [-2.27628569  3.79229583 -3.01667056  2.33032426 -2.18406789  4.21550232]
 [-2.84075058 -3.51227772  0.02485081 -2.10768413 -4.00159127  2.20955429]
 [-1.92102543  4.39980061 -0.49647567 -0.85876912 -4.1868747  -2.82328186]
 [-3.64406098 -4.22555605 -3.22890331 -0.2061924  -2.01999601 -3.23603345]
 [ 1.5997957   2.78244871  0.79683675 -3.05376111  0.54265766 -4.47252534]
 [ 2.04895556  4.02694811  3.39574839  1.96726913 -4.97903487 -0.80427369]
 [-2.14001712  0.40135581 -4.99998366 -1.16473874 -4.52665369 -1.32231059]
 [-4.27166474 -2.87201625  3.70018692 -1.69479211  3.12380118  1.52540013]
 [ 3.39994504 -1.0244313  -1.53918438 -4.61850464 -3.87020064  1.82888015]
 [ 4.72592485  2.44441304 -2.17801769 -1.82386082 -3.15321306 -1.86148632]
 [-0.19760309 -1.55607227 -4.45703649 -2.15385364 -2.7988376   4.81382864]
 [-3.55680937  0.13760893 -4.14024453 -1.469573    2.16585306 -3.81920762]
 [ 1.93892693 -4.0236249   0.33496238  1.49003532  4.82899475  1.92367284]
 [ 0.86484418  1.22669048 -3.47222855  2.65952644  4.56563347  0.41126171]
 [ 4.57604615  4.53569404  1.93128738  0.65621163  1.69714261 -1.69695093]
 [ 0.14593212 -0.31826028 -1.14714    -0.29543256 -0.42657835  0.07223745]
 [-1.77699568  0.91717053  1.51741705  4.91839554  2.969328   -0.59932078]
 [ 3.51890047  0.55791319 -1.12045837  4.80482668  0.01929702 -4.03597634]
 [ 4.4830023  -3.35501584  3.1206728   3.6487942  -0.01054551 -0.19406197]
 [ 2.60686194  4.18031044 -1.63482282 -1.96011662 -0.53381475  3.71803122]
 [-3.95993657 -2.17779099  1.25000311 -0.43931315  1.25072603 -4.98680877]
 [ 2.87779222 -0.0734299  -3.98525343 -2.62612216  3.24335957  3.13568657]
 [ 1.40921135 -4.8970965   0.95415269 -2.48237713 -3.56429236 -2.6389917 ]
 [ 1.05379719 -1.2903891   4.06312918 -3.93601521  4.1413931  -3.40893219]
 [ 4.09870602 -0.15014053  1.38154126 -4.20954782  0.82684703 -0.39509113]
 [ 2.46530261 -3.70666249 -4.7103732   0.42001535 -4.65467074  0.46938841]
 [-0.32356201 -3.17037267  4.63785735  1.11840654  1.34030039 -2.26796129]
 [-2.32987187 -4.30077048 -0.29888345  1.35012485  4.97485855 -2.06588128]
 [-3.33374362 -0.91873551  0.57364761  3.73363256 -3.82691027  3.32243847]
 [-4.83053426  1.33181157  2.73609595 -0.81929721 -1.70572604  3.5700674 ]
 [ 2.78797957 -3.88724581 -4.41642226  2.80311518  1.08210164  0.80171874]
 [ 4.96660163  0.65701576 -2.44163784  1.68537697 -3.29951401  2.58599532]
 [-0.77843597  4.77551698 -0.76153816 -2.86216571  4.60306182  0.1902948 ]
 [ 3.61432119  3.1247032   1.62047803  4.289658   -0.91717925  2.41566222]
 [-3.81603209 -0.75066651 -4.80046179  3.39024694 -1.13285398  0.68676579]
 [-0.5437951   2.31786285  4.3281902  -1.1402034   3.32281406  1.08972517]
 [-0.91338151 -4.54312836  0.49426861  4.20813933 -0.84766645 -0.56200556]
 [ 0.0564108  -2.28609674 -2.71387567 -3.76016635  4.37049035 -1.80173419]
 [ 3.85627329  1.13911193  2.05398917  1.26547341  3.98033518  3.2300344 ]
 [-4.68507825  2.00974419 -2.7928697   0.14500271  3.76510074  2.02594469]
 [-1.25779579  3.59185798  1.7503381   2.4999406   3.54039277  4.60958172]
 [-1.05429204 -1.87970987  3.78948942  3.07692008  0.85720029  4.02912946]
 [-1.56506402 -1.60755405 -3.29362932  3.90950616  2.14040244 -3.95805512]
 [ 0.30442812 -1.20266301  2.63083553  2.01137515 -4.79725793 -1.21517576]
 [-0.62432607  1.9618775   2.45613753 -3.69332449 -4.40430994  3.66237206]
 [ 0.75932069 -0.48007702 -1.74276676  4.08308249  1.78967352  4.94664231]
 [ 0.54924778  3.29065303  3.86148567  2.93133597  0.16802804 -4.3031225 ]
 [ 1.80895997 -2.13911272  4.50159164 -3.5122601   2.41661508  3.95609682]
 [-1.59092259  0.27828146 -0.05652707 -4.03569367  1.56768601  4.40626292]
 [ 1.18365375  1.47391199 -2.93884412  4.70679271 -3.03557965 -0.01160951]
 [-2.5852315   4.90606487 -2.13881336  3.4923066   0.36885917 -0.94569412]
 [ 0.64146479  3.96366246 -3.63226891 -4.78016904 -0.15491338 -1.07337927]
 [-4.94042543  3.47789964  2.88886416  0.98837168  2.5326551  -2.43865182]]
