[[-4.2193877   3.61924075  2.35005079 -1.82387148 -0.879292    2.96910776]
 [-4.95563897 -3.41369839 -2.93389206  2.94852799  0.71507214 -0.44102425]
 [ 0.55533288 -1.48867248 -3.43641031 -1.65934208  2.01516522  2.23039275]
 [ 1.35307931 -0.32848094  2.74132997 -2.64491283 -1.31755746 -4.24624019]
 [ 4.67659238  4.32135513 -2.16082883  3.19322482  1.31580687  3.68479831]
 [ 4.73997172 -4.74939636 -0.53680307 -4.49751822  1.49420469  1.94687599]
 [ 1.24014452  2.58444948  0.86643461 -3.8974011  -4.55882677 -1.53885549]
 [-3.97919376  2.36604804  3.52917794 -4.12702727  0.82523048  0.24800607]
 [ 0.9324048  -0.21383243  3.89239376 -3.91586998 -1.95489975  3.66896459]
 [-0.42578118  4.69201475 -1.29463904 -0.76720739 -4.60727489  2.07859698]
 [-4.5884337   0.16230268 -0.80483183 -3.11182624 -1.29008486  2.31333718]
 [-2.60790879  3.2674515  -3.52412403  0.9479662   2.80108055  0.5259588 ]
 [ 3.80906196  0.3999801  -0.19856317  1.73445666 -2.77745377 -1.15697267]
 [-2.11618401  4.65914407  2.25365944 -1.18391047  2.4782877  -2.44400759]
 [ 0.03698992  4.19517163  3.30148405  0.92783734 -3.66290846 -1.91593133]
 [ 1.87713534  1.73168401  0.71304554  4.96808545 -4.13289657  3.88035479]
 [ 4.92397876  0.07339708  3.3460478  -2.20299272  1.31484557 -0.49736178]
 [ 4.53882316 -3.12308649 -2.19681743 -4.313859   -4.1758608  -3.4135616 ]
 [ 2.2818982   2.17074925 -1.33890582  0.90477291 -3.59055885 -4.35100196]
 [-1.6451425  -1.70887649 -3.26293202  3.00509248  0.53891644  0.6415153 ]]
