[[-2.81092891 -3.61082486 -0.34606031 -4.8873096  -1.64140862 -1.66452226]
 [ 3.46354265 -2.6716451   0.59679252 -4.70475346  3.66938588 -3.48456502]
 [ 0.39190357 -2.88367796  1.47525603  3.9287523   3.66864523  3.26593131]
 [-1.35811254 -1.32694332 -3.87643118  4.06504095  4.82506993 -1.52887052]
 [ 3.02797906 -4.84180119  2.25805074  2.81119216 -0.82237631 -1.83663388]
 [ 0.75776137  2.49088041 -4.77098904 -2.44488622 -0.82967132  2.73069875]
 [ 0.89576081 -2.6054944   3.60537406  4.49345703  2.70657318 -0.22357001]
 [ 2.7881639   1.62824689  2.8767816   2.14859185  3.43003742  1.46520263]
 [ 4.28246233 -0.41842381 -3.77737978 -4.97449065  0.83212088 -0.75546163]
 [-1.43659892  1.95346066  4.61805924 -4.21891738 -1.63753747 -3.9674956 ]
 [ 3.47168647  0.69503546  0.2056362  -4.79995793  2.02573767  1.08835663]
 [-3.68124706  1.06710526  3.15542541  0.74321971 -3.84394319  4.16882059]
 [ 2.91612831  4.62853545 -2.24043049 -4.53474006 -3.30987693  3.86855171]
 [-1.07687086  1.81131715  2.7749407  -1.98280876 -3.05544778  4.21379114]
 [-3.53919348 -2.44472451  1.64089988 -1.51844318  0.90071612 -4.54290563]
 [ 3.07375703  0.98284391 -1.39762682  1.44839092 -3.05397482 -2.67803466]
 [ 1.15654581 -0.84865133  2.72267273 -1.69402323 -2.93215752  2.06802667]
 [-4.6035981   2.19323717  1.18784815  2.06024478 -0.55644556 -3.29021667]
 [ 3.83427702 -1.50799001  0.98286847  0.17416819  4.09458621 -3.69858258]
 [ 4.27398577 -2.08924226 -0.77528262 -1.58756102 -0.02766318 -3.41532804]]
