[[-1.01104886e+00  1.21660752e+00 -7.23425548e-01  1.66554304e+00
  -2.72971770e+00  4.48479555e+00]
 [ 1.75494503e+00 -3.22865164e+00  3.25917710e+00  2.92559639e+00
   1.94545234e+00  4.11389559e+00]
 [ 2.24347791e+00 -3.96652141e+00 -8.88783559e-01  2.21886264e+00
  -3.29188475e+00  3.89690503e+00]
 [ 2.43926163e+00  4.69291272e+00  4.55205878e-01 -7.46451760e-01
   1.43036284e+00 -3.13219683e+00]
 [-1.36347500e+00 -3.39206211e+00 -7.04437475e-01 -3.63185618e+00
   1.14996942e+00 -4.41881221e+00]
 [ 3.52858104e+00  1.73591644e+00 -1.88121325e+00  1.61721731e+00
   3.40918508e+00  1.23624180e-01]
 [ 8.24613273e-01  4.37125602e+00 -3.98446264e+00 -1.90745531e+00
   4.59588839e+00  3.68560103e+00]
 [-4.14231039e+00 -3.34074411e+00 -2.85709658e+00 -1.13642319e+00
   3.93572700e-01 -2.34000557e+00]
 [-9.90489519e-01 -3.60300542e+00  1.74527575e-01  1.94449481e+00
   2.51127004e+00  2.90425113e+00]
 [-1.61755925e+00 -4.93791040e+00  7.06005681e-01  3.19916314e+00
  -8.59555543e-01  3.53746795e+00]
 [ 1.57565421e+00 -1.74257403e+00  4.84079340e+00 -1.34399276e+00
   8.42753969e-01 -3.84438285e+00]
 [ 4.33719871e+00 -1.87706793e+00 -1.54410229e+00 -4.33401756e+00
   4.31918205e+00  1.31854399e+00]
 [-1.45838443e+00 -1.36214482e+00 -1.17969722e-01 -6.92858018e-01
  -2.25416016e+00  2.52437333e+00]
 [ 2.13019669e+00 -3.28598650e+00  2.50861672e+00  1.85029361e+00
   1.40829191e+00 -3.28469816e+00]
 [ 2.54519289e+00 -2.70915215e+00  4.51820610e+00 -4.70486609e+00
   4.21616674e+00  7.06207442e-01]
 [ 4.25645089e+00 -1.48856576e+00 -8.33733661e-01 -2.91562599e+00
   4.88866252e+00 -4.79249405e+00]
 [ 1.32952954e-01  4.29607706e-01  8.43688157e-01  3.50345641e+00
  -2.13271962e-01 -4.63764135e-03]
 [ 2.76464636e+00 -4.18903133e+00  4.77377964e+00 -1.84739795e+00
  -6.48582605e-01  3.90818293e+00]
 [ 2.21960734e+00 -1.54092270e+00  4.31599702e+00 -1.96611296e+00
   2.11204926e+00 -3.09530424e+00]
 [ 2.16384850e+00  4.92019798e+00  7.21591717e-01  2.61744492e-01
  -5.01901858e-01 -1.54210152e-01]]
