[[ 2.78361666 -3.53190643  1.70167662 -2.64935242  4.80177251  1.52458018]
 [ 4.40953014  4.7955707  -0.55398535  1.08894766 -2.15067474  1.92953116]
 [-1.16016241 -1.92046331  1.03443691 -1.48713924  2.89927685  4.79575977]
 [ 2.52369564  2.87904641 -4.32449861 -0.61458526 -1.05488348  3.02073585]
 [ 3.82360668 -0.28330753 -2.86336023  1.21703361 -4.82906153  0.73676236]
 [ 0.69945012 -2.21048611 -1.10415432  1.82135496 -1.15968978  3.10616318]
 [ 2.52031097 -2.89353582  4.86241323  3.85566758  0.58526552  4.40557568]
 [ 4.87803397 -3.85820831 -0.14592619 -1.50638986  3.42409993 -4.70969543]
 [-2.02446433 -3.12063757  0.82121925  0.40000564  4.50959542  3.83732066]
 [ 1.0928373   2.42656341 -1.82411515  3.500721    3.83433359  4.78087352]
 [ 2.45225541  4.1087906  -2.04492822  0.39848637  3.91268268 -1.85029774]
 [-0.28686783  3.71205472 -2.71845019 -0.40703807  4.47785064 -0.11466774]
 [-2.54873633 -3.81076572 -0.8473178  -4.24994982  1.06673624  0.0480262 ]
 [ 0.70912935 -2.31155319  2.3034111   2.79621842  3.73173502  4.85479341]
 [-2.29227968 -1.13865088  4.26068466 -3.29350115 -1.71078142 -4.41681956]
 [-1.29595702  3.53287739 -1.60304638 -2.81163744  4.61871895  2.12546641]
 [-0.93614435 -3.75128997 -0.50153596 -3.84080943 -0.4558885  -3.58353768]
 [ 3.23093783  1.92647525  2.49903689  3.42751419  4.76187619  0.87198277]
 [ 2.8397223  -3.17281735  2.94989038  2.42296744  4.49729987 -4.52331699]
 [-4.23297423  3.4731729  -1.66936824 -3.52232084  1.8192825   1.68952996]]
