[[1.00000000e+00 1.48127139e-37 8.59507062e-23 7.36132685e-09
  3.00943199e-44 2.67392889e-36 1.05929103e-49 5.38616257e-07
  2.58817301e-19 4.35888198e-13 7.65220804e-48 8.00405705e-08
  6.81274027e-29 2.62821416e-62 6.48258036e-43 4.75760396e-25
  1.79951101e-61 6.95610376e-35 1.04360770e-14 5.97455398e-21
  1.00000000e+00]
 [1.48127139e-37 1.00000000e+00 2.48426908e-24 2.90745039e-44
  6.52367813e-57 1.22956969e-60 6.24200267e-36 1.22672338e-21
  7.48026858e-41 5.65204019e-24 1.77591187e-37 3.46691199e-47
  2.26979687e-17 7.40252423e-26 1.01346606e-54 2.69428838e-23
  1.91167587e-17 3.35407969e-71 4.60832372e-68 1.99609998e-33
  1.00000000e+00]
 [8.59507062e-23 2.48426908e-24 1.00000000e+00 1.77901390e-38
  1.60163445e-23 5.70881660e-23 7.53290206e-41 2.84018097e-08
  4.81429970e-16 4.65957420e-13 3.82224732e-39 1.17571786e-17
  6.26354828e-25 5.55426516e-21 1.98347070e-27 6.25715410e-14
  8.26459766e-37 2.64396800e-30 8.56546564e-23 5.12674329e-23
  1.00000000e+00]
 [7.36132685e-09 2.90745039e-44 1.77901390e-38 1.00000000e+00
  1.67685822e-54 2.31337640e-39 1.61813340e-49 4.45266931e-18
  1.11713845e-32 7.07963040e-24 4.59204934e-54 3.56013852e-17
  3.17877116e-38 3.38089637e-80 3.62081707e-43 6.91243679e-31
  6.00027043e-71 3.44896705e-41 2.85796334e-28 4.96641322e-26
  1.00000000e+00]
 [3.00943199e-44 6.52367813e-57 1.60163445e-23 1.67685822e-54
  1.00000000e+00 4.56361388e-15 6.84682829e-43 2.62977791e-33
  1.60771515e-51 8.44652017e-36 6.12127812e-40 6.76496890e-19
  1.22734793e-28 1.08844435e-39 1.84547865e-24 8.94748682e-31
  5.42180332e-85 1.85456371e-10 1.69798517e-46 6.29087456e-41
  1.00000000e+00]
 [2.67392889e-36 1.22956969e-60 5.70881660e-23 2.31337640e-39
  4.56361388e-15 1.00000000e+00 1.87277697e-28 8.09705129e-26
  3.33840421e-26 5.03200284e-26 2.82130001e-28 2.33059361e-18
  1.61339154e-44 3.34294855e-37 8.61967886e-32 1.50915739e-44
  7.76975728e-80 3.35367101e-10 1.72663667e-24 3.09543246e-27
  1.00000000e+00]
 [1.05929103e-49 6.24200267e-36 7.53290206e-41 1.61813340e-49
  6.84682829e-43 1.87277697e-28 1.00000000e+00 1.12823324e-30
  9.06081781e-45 2.27607138e-39 1.82077434e-02 9.19521667e-44
  7.88848796e-45 2.05965333e-23 1.64084931e-78 1.51881507e-62
  5.90214301e-73 3.78329335e-53 1.59514653e-60 6.15862678e-16
  1.00000000e+00]
 [5.38616257e-07 1.22672338e-21 2.84018097e-08 4.45266931e-18
  2.62977791e-33 8.09705129e-26 1.12823324e-30 1.00000000e+00
  2.81545110e-12 1.70650198e-09 1.54336215e-29 3.03138494e-10
  2.96591319e-24 1.00548070e-31 1.76891399e-40 9.06330546e-19
  1.44923345e-44 2.39774160e-34 1.85977648e-15 1.15163660e-09
  1.00000000e+00]
 [2.58817301e-19 7.48026858e-41 4.81429970e-16 1.11713845e-32
  1.60771515e-51 3.33840421e-26 9.06081781e-45 2.81545110e-12
  1.00000000e+00 3.17068126e-08 1.56591853e-41 1.15194867e-24
  4.12736107e-43 3.08402254e-37 3.99400290e-47 2.55697699e-42
  1.84564809e-41 7.43821922e-38 2.45336108e-11 6.51944592e-28
  1.00000000e+00]
 [4.35888198e-13 5.65204019e-24 4.65957420e-13 7.07963040e-24
  8.44652017e-36 5.03200284e-26 2.27607138e-39 1.70650198e-09
  3.17068126e-08 1.00000000e+00 1.00741549e-35 8.34542420e-17
  4.84991929e-16 2.82824284e-33 1.83905635e-28 7.41392824e-25
  1.74008931e-27 2.36369412e-26 1.08136559e-21 1.00601767e-29
  1.00000000e+00]
 [7.65220804e-48 1.77591187e-37 3.82224732e-39 4.59204934e-54
  6.12127812e-40 2.82130001e-28 1.82077434e-02 1.54336215e-29
  1.56591853e-41 1.00741549e-35 1.00000000e+00 4.62661354e-41
  3.27660529e-41 2.81482871e-20 5.73526659e-80 4.68200652e-65
  1.06820662e-72 2.45726195e-49 2.26332950e-57 5.41075909e-18
  1.00000000e+00]
 [8.00405705e-08 3.46691199e-47 1.17571786e-17 3.56013852e-17
  6.76496890e-19 2.33059361e-18 9.19521667e-44 3.03138494e-10
  1.15194867e-24 8.34542420e-17 4.62661354e-41 1.00000000e+00
  6.34723535e-27 6.57797645e-54 2.01442154e-29 9.86525246e-23
  2.02522991e-75 2.25618406e-14 9.44786400e-14 5.39774465e-21
  1.00000000e+00]
 [6.81274027e-29 2.26979687e-17 6.26354828e-25 3.17877116e-38
  1.22734793e-28 1.61339154e-44 7.88848796e-45 2.96591319e-24
  4.12736107e-43 4.84991929e-16 3.27660529e-41 6.34723535e-27
  1.00000000e+00 3.66399645e-38 8.46041118e-28 1.36692941e-18
  1.08856351e-32 4.16249153e-34 3.21058631e-59 3.62381083e-45
  1.00000000e+00]
 [2.62821416e-62 7.40252423e-26 5.55426516e-21 3.38089637e-80
  1.08844435e-39 3.34294855e-37 2.05965333e-23 1.00548070e-31
  3.08402254e-37 2.82824284e-33 2.81482871e-20 6.57797645e-54
  3.66399645e-38 1.00000000e+00 7.24945452e-66 7.39850616e-50
  4.27365791e-40 3.57891783e-58 7.16553198e-64 1.30872381e-34
  1.00000000e+00]
 [6.48258036e-43 1.01346606e-54 1.98347070e-27 3.62081707e-43
  1.84547865e-24 8.61967886e-32 1.64084931e-78 1.76891399e-40
  3.99400290e-47 1.83905635e-28 5.73526659e-80 2.01442154e-29
  8.46041118e-28 7.24945452e-66 1.00000000e+00 1.48802819e-18
  7.73018622e-55 1.11475618e-18 5.67575506e-50 8.45674722e-68
  1.00000000e+00]
 [4.75760396e-25 2.69428838e-23 6.25715410e-14 6.91243679e-31
  8.94748682e-31 1.50915739e-44 1.51881507e-62 9.06330546e-19
  2.55697699e-42 7.41392824e-25 4.68200652e-65 9.86525246e-23
  1.36692941e-18 7.39850616e-50 1.48802819e-18 1.00000000e+00
  1.16194705e-41 2.05452200e-40 3.34414671e-45 8.61574027e-39
  1.00000000e+00]
 [1.79951101e-61 1.91167587e-17 8.26459766e-37 6.00027043e-71
  5.42180332e-85 7.76975728e-80 5.90214301e-73 1.44923345e-44
  1.84564809e-41 1.74008931e-27 1.06820662e-72 2.02522991e-75
  1.08856351e-32 4.27365791e-40 7.73018622e-55 1.16194705e-41
  1.00000000e+00 2.73780334e-86 5.92434581e-83 2.93222616e-74
  1.00000000e+00]
 [6.95610376e-35 3.35407969e-71 2.64396800e-30 3.44896705e-41
  1.85456371e-10 3.35367101e-10 3.78329335e-53 2.39774160e-34
  7.43821922e-38 2.36369412e-26 2.45726195e-49 2.25618406e-14
  4.16249153e-34 3.57891783e-58 1.11475618e-18 2.05452200e-40
  2.73780334e-86 1.00000000e+00 4.05231223e-31 1.13600891e-48
  1.00000000e+00]
 [1.04360770e-14 4.60832372e-68 8.56546564e-23 2.85796334e-28
  1.69798517e-46 1.72663667e-24 1.59514653e-60 1.85977648e-15
  2.45336108e-11 1.08136559e-21 2.26332950e-57 9.44786400e-14
  3.21058631e-59 7.16553198e-64 5.67575506e-50 3.34414671e-45
  5.92434581e-83 4.05231223e-31 1.00000000e+00 1.34804024e-27
  1.00000000e+00]
 [5.97455398e-21 1.99609998e-33 5.12674329e-23 4.96641322e-26
  6.29087456e-41 3.09543246e-27 6.15862678e-16 1.15163660e-09
  6.51944592e-28 1.00601767e-29 5.41075909e-18 5.39774465e-21
  3.62381083e-45 1.30872381e-34 8.45674722e-68 8.61574027e-39
  2.93222616e-74 1.13600891e-48 1.34804024e-27 1.00000000e+00
  1.00000000e+00]
 [1.00000000e+00 1.00000000e+00 1.00000000e+00 1.00000000e+00
  1.00000000e+00 1.00000000e+00 1.00000000e+00 1.00000000e+00
  1.00000000e+00 1.00000000e+00 1.00000000e+00 1.00000000e+00
  1.00000000e+00 1.00000000e+00 1.00000000e+00 1.00000000e+00
  1.00000000e+00 1.00000000e+00 1.00000000e+00 1.00000000e+00
  0.00000000e+00]]
