[[ 1.18917618 -4.1536472  -1.50315755 -2.48202649  0.18920924  3.51620251]
 [-0.64993509  0.57222826  2.69937809 -2.09736359 -2.09112906  4.2970124 ]
 [ 2.81367266  2.05527569 -3.43745081 -1.42071517  4.55984958  2.45394082]
 [-1.7199648   3.03821104 -4.99651902  0.4884889   1.20991988 -0.31388862]
 [-0.35740799  3.24564093  0.82502734  4.56160766 -3.81333361 -2.70744572]
 [-4.00704036 -4.18661493 -4.02673864  4.54533796  2.34152152 -1.32807524]
 [ 4.87695481  0.56148508 -4.13789768  2.55133098  0.83889634 -2.95547414]
 [-1.20760101 -3.09713342 -2.42318556 -3.31952418  4.13795169  1.48643363]
 [-0.51113074 -3.87683168 -2.13976588 -4.83133326  4.93298916  1.8269572 ]
 [ 1.12252078  2.4826956  -4.06063434 -2.2644367   2.66946933 -3.49889576]
 [ 4.17793612  2.49952001 -1.38954274 -2.50036571  4.53077866  1.1274302 ]
 [-1.06508366 -1.99844958 -0.77034354 -1.77996371  3.76782609  0.90181333]
 [-3.30867131  1.05448076 -4.30607656 -1.18116114 -2.51563868 -2.67253559]
 [-1.79406829 -3.7584841  -4.17100534  3.11823075  1.66058828 -4.96454613]
 [-1.36452208 -1.94025313 -2.19025095 -0.12006349  4.10249019  3.93608506]
 [ 4.1598848  -4.42306875 -3.04960439  4.76611029 -1.33643306  0.81278175]
 [ 1.04411878 -3.09477078  2.80548119 -1.19017561  0.4251141  -1.52047928]
 [-1.56057634  1.26246476 -0.11960973  1.18757177  0.78700444  2.88889598]
 [-1.20740406 -2.25205813  4.0562139  -4.9226829   3.18315617 -2.73808327]
 [ 1.96877839  2.49491368 -2.61539725 -3.16101791  2.32894881 -3.9172098 ]
 [-2.99476033 -0.18169534 -2.52917791  3.74615174 -0.87082986 -0.61376833]
 [-1.15499705  0.63999541 -0.40392099 -2.9659502  -3.14842994  0.73911033]
 [ 4.22408989 -4.14252763  4.4242351  -4.22737636  2.90134861  0.34096563]
 [-2.1936458  -3.64998764  0.3465109   2.76226909  1.63843665 -2.64003676]
 [-3.04730724  4.33779809  2.11156384  4.39641163  0.47075349 -3.90823288]
 [ 2.44500388 -3.64679983 -4.12097358 -2.38944386  2.47060433  4.01570055]
 [ 3.13168601 -3.32558655 -3.27946254 -4.30164061  0.41869158 -3.45997576]
 [ 3.30193872  4.08245769  1.03979542 -3.33465925 -1.41700122  2.07650252]
 [ 2.39393583 -2.65297985  3.80621008 -3.47137806 -4.50928366  1.53578183]
 [-1.94674396  3.70045172  1.52965806 -2.28212681 -0.60200129  3.51931663]
 [-1.78099496  1.0384679   3.86797785 -1.04400423  1.1719935   0.05053544]
 [ 4.6289982  -4.03241871 -0.17205696  3.61844053 -2.58038462 -2.88058724]
 [-3.12988901 -4.95150612  4.82929504  4.22029797 -1.29532208  1.94561389]
 [ 0.04220669  2.35382854  3.36159725 -3.86168722  3.52297355 -1.88798427]]
