[[-1.42534196  3.04088879 -0.88940082 -0.4276972  -3.92231539  0.38396802]
 [ 2.44426407  4.01019955 -1.84996402  0.59934891 -2.53015741 -0.19850928]
 [ 4.28951995 -4.02896481  2.06477531 -3.58080399  0.05380159  0.44086069]
 [ 4.554768   -1.52081445 -0.21977954 -4.83534092 -4.36286296 -0.09051718]
 [ 1.04244859  3.42336848  2.07159668  0.67522029  4.34569101  2.27064106]
 [ 2.79538358  4.42398594  4.62631676 -2.37158873  4.04177272 -0.00678046]
 [ 0.78203117  3.18383422 -0.99839629  0.71390409 -2.62516168 -2.50979824]
 [ 0.26406832 -4.31136236 -4.02342101 -3.33097005  1.95793257  3.80288253]
 [ 1.45150797 -3.14229444 -4.34567388 -2.63690059 -2.52331492  3.61921657]
 [ 2.77921366 -1.42746489  2.84385367 -0.63963794  3.64960598 -4.05682043]
 [-4.17929659  4.14945695  0.39225942  0.38504743  0.81903817 -1.42389632]
 [-1.56719374  2.52881272  3.54718547  0.43034637 -2.28982716 -4.62475482]
 [ 2.60648849 -1.11713061  0.48840277  1.75529902  1.67439042 -3.85302296]
 [-0.67506542  4.96971604  2.91202907  0.86184896 -1.75336134  0.36077619]
 [-0.27788395  2.81337576  4.33297372  0.07952988  0.43799672 -4.59157499]
 [-0.36895431  2.4465235   4.73246945 -4.23840604 -4.80308903  3.07309105]
 [ 3.62735936  3.65026974 -2.83750623 -3.89192001  2.2341225  -2.42821063]
 [ 3.86333226 -3.41420321 -1.61441451  0.46142193  0.06146492  3.23836714]
 [ 1.05861182  0.70187536  4.77869593 -4.7286635  -0.262192    1.29583401]
 [-3.45106685  2.81200385 -1.47773862 -3.83271435 -1.03738408 -0.0637703 ]]
