[[ 2.09599611 -1.88568478  0.39472391 -3.77903385 -1.58032329  3.95969465]
 [ 0.02126517 -2.15454594  4.05279494  3.29008105 -3.35246665  2.68915442]
 [ 1.94698038 -2.90042766  1.12208798  4.26859682 -2.32350084 -3.64499235]
 [-3.64134831 -0.64240018 -2.46722752  2.02112226 -3.85428507 -1.39842693]
 [-4.16420544 -2.38532963  3.5562234   2.99522687 -0.97381689 -2.6030007 ]
 [-1.05827018  3.34015765 -2.96759396  3.60648921  2.79142863  4.02005417]
 [ 3.5667407  -1.7613995   4.36044974 -1.51160923 -4.06690539 -1.86487361]
 [ 3.41724132 -1.10702924 -0.54806698 -4.74773496 -3.04862264 -2.06074799]
 [ 4.23350204  2.61093459 -3.04186971 -2.76661111 -1.46135094  3.5587204 ]
 [ 2.57353605 -1.39038569 -4.77102173 -1.68094901  3.941641    2.83641985]
 [-3.0099547  -2.7498364   2.74628962 -1.7339304  -4.60372052  1.98820921]
 [-2.66066756  3.04396875  2.17213472  4.62815223 -3.70350893 -3.17418447]
 [-4.93163574  1.79019569 -0.13619133 -3.10056475 -3.65383146 -2.97577609]
 [-1.93591854 -3.72306896 -4.33032062  1.87190193  3.22311007  2.28046088]
 [ 1.73014906  4.48428122 -3.83553672  0.50109069  4.1451305  -0.65675906]
 [-4.80553111 -3.29277771  2.95393633 -2.11092457  0.72560351 -0.1852321 ]
 [-0.88984028  0.18679687  2.59726988 -3.89341896  3.64403044 -3.40987568]
 [-3.90385231  0.3724882  -1.53702077  3.95439446  2.17296429 -2.50212672]
 [-4.63861439  2.42907934 -4.01339536 -0.57072521  1.16098593  1.88143593]
 [ 1.08704866 -3.87956956  1.03723204 -1.20713849  3.72683051  2.48816408]
 [ 0.63770618  0.56541251 -4.0232968   0.39868395 -0.23502708  0.28432165]
 [-2.52217279 -4.11129383 -1.71667107 -0.94869033  2.68524562 -4.12860399]
 [ 3.93702574  3.39754753  4.31880485  2.44758152 -1.7686025   1.20964459]
 [ 4.63928119 -1.71701459  1.39598906 -0.07105959  1.72137738 -3.80432555]
 [ 2.35483269  1.0570443  -3.68534968  2.84506524  2.53668887 -4.98486253]
 [-3.4440044   2.14538251  0.16797874  4.9248458  -1.89629583  3.06255948]
 [-3.80648459 -2.55805144 -1.76165964  1.58754266 -1.2611303   4.83450357]
 [-0.15558226  2.98903976  3.09474167  4.74526987  2.27575455  0.51501085]
 [-1.08794396  3.82814293 -4.37692712  2.67174407 -2.21052111 -3.89374334]
 [-3.08790252  1.37793317 -3.24681965 -2.27587788  4.45959295 -2.81165601]
 [ 3.3298129   4.13959472  1.65210774 -3.00567964 -0.31479587 -1.20961583]
 [-2.74576851 -3.51584221 -3.43047252 -3.5005363   0.12513062  0.72438253]
 [ 1.47381205 -4.19760546  4.63446537 -3.57724008 -0.03929261  0.09278051]
 [-0.7056673  -1.04795178  2.47900318  2.18988751  4.80045072 -4.20030451]
 [-4.48518247 -0.31658173  1.83263424  1.49073466  4.3223948   3.27325902]
 [ 4.88528661 -0.43787198 -1.02857224  1.31907325 -4.45681571  0.82060036]
 [ 4.04008943  4.3234299  -1.26219137  4.4510335  -1.21968562 -0.34751784]
 [-1.30147046 -3.66720843  0.67283778 -2.02669906 -2.74574714 -4.39470121]
 [ 0.905168   -3.11231326 -4.99998125  1.21968975 -2.59615713 -3.27280387]
 [-0.47213841  2.74921447  3.45778883 -0.86831258 -4.76734516  0.956076  ]
 [-3.3438796  -0.74306945 -0.57868525 -4.56221844  3.19390444  4.55033923]
 [-2.22895418  2.04488255 -2.63473915 -4.33785987 -2.8807363   3.50977632]
 [-1.4667505  -0.12371567  4.98382106 -0.24776784  0.93052398  4.44430177]
 [-2.06787834 -4.77941627  1.98437969  4.10153309  1.36042682  2.16361594]
 [-0.31043779  3.54276907  0.76622224 -1.35525012  4.55077023  3.70524053]
 [ 0.36640426  0.89561681  4.80271946  0.66386032  0.24818878 -1.93494784]
 [ 2.96270304 -4.88191402 -2.72404818 -4.09292372  0.75984904 -1.32985891]
 [ 2.44286551 -1.4193392  -0.80850812  2.28702851 -0.56229145  4.94042695]
 [ 4.47973885 -2.28300336  3.87748715  3.41184751  1.46453711  1.27634735]
 [ 1.36798925  2.26601328  0.56560264 -0.2024722  -3.4279827  -4.58054265]
 [ 3.72918583 -4.47572107 -2.37657863  3.7896205   0.55993547 -0.49404179]
 [ 0.11367775 -4.52817747 -2.06417457  0.23357508 -4.31642124  1.65771003]
 [ 4.77578743  1.19827716  3.75669651 -2.44616564  1.9794609   2.94519834]
 [ 0.51094727  4.72873729  0.04143534  0.90410147 -2.47407593  4.33603377]
 [ 0.80243863  1.70375225 -4.66764138 -3.2927575  -4.97594166 -2.29064621]
 [ 2.81356062 -0.04751246 -0.35780944  3.04584034  4.99585908  0.04995976]
 [-1.8744262   4.85950915 -2.02092779 -2.54674753 -0.86027447 -1.63297851]
 [ 1.60905653  4.51386413  1.3048984   0.75841468  2.96210787 -4.72373451]
 [-1.71805244  1.49165743  3.30957594 -4.95043728 -0.69838561  1.52579681]
 [-4.20059194  3.93067885  2.32308013 -0.59888052  1.68654578 -1.06351541]
 [ 3.08896539  0.65344109 -1.13832127 -4.34946532  3.51086976 -0.77970068]]
