[[1.00000000e+000 4.19200374e-018 9.54786321e-059 1.38726985e-029
  2.78325804e-030 4.69364476e-039 1.79045732e-046 3.44831230e-016
  9.14463421e-039 2.10320192e-016 3.72816111e-018 2.66804633e-033
  1.75180634e-041 7.90818037e-026 7.66954911e-036 9.04793831e-057
  2.34564241e-017 2.08059392e-059 2.10220796e-039 3.95014860e-066
  1.00000000e+000]
 [4.19200374e-018 1.00000000e+000 2.14117890e-039 3.89313128e-020
  6.52491902e-017 4.14212057e-030 3.14289895e-043 4.91204432e-008
  1.73461681e-027 3.84303579e-016 1.78219594e-031 1.18831256e-025
  2.15631305e-016 4.32890261e-021 1.05926245e-022 1.31827990e-057
  9.27591872e-011 3.06321763e-040 9.09217745e-021 7.79481356e-057
  1.00000000e+000]
 [9.54786321e-059 2.14117890e-039 1.00000000e+000 4.84787934e-049
  7.30826963e-024 9.05387355e-048 4.35021123e-052 1.19159397e-035
  4.21451435e-043 4.89914288e-070 7.58078125e-063 2.05961411e-010
  5.45004034e-052 6.39410856e-039 5.59939223e-014 6.50639714e-065
  1.40673585e-022 4.81626900e-096 3.54016200e-038 1.30824208e-060
  1.00000000e+000]
 [1.38726985e-029 3.89313128e-020 4.84787934e-049 1.00000000e+000
  1.26477362e-037 1.97469603e-017 7.83150659e-036 9.08731047e-033
  1.90157890e-010 3.94245619e-056 9.10310007e-044 1.06512850e-033
  2.65380136e-051 1.15829816e-018 5.16672516e-040 5.23278421e-025
  1.77038305e-036 1.16203420e-056 3.36156862e-006 1.41970730e-035
  1.00000000e+000]
 [2.78325804e-030 6.52491902e-017 7.30826963e-024 1.26477362e-037
  1.00000000e+000 2.30369974e-019 3.11680781e-056 3.75934338e-022
  2.42127093e-045 4.79820627e-035 1.66883398e-025 2.46710606e-010
  4.27637357e-046 4.42249891e-040 1.70551006e-023 2.35090868e-082
  7.85467570e-014 8.95280961e-053 1.67929488e-034 7.99283867e-070
  1.00000000e+000]
 [4.69364476e-039 4.14212057e-030 9.05387355e-048 1.97469603e-017
  2.30369974e-019 1.00000000e+000 1.24246759e-047 1.05859750e-047
  5.02920364e-037 1.63341968e-069 7.22279476e-039 5.33100393e-025
  1.80880671e-082 4.37178033e-038 9.53894366e-046 5.96748877e-057
  7.48970303e-044 1.14567489e-056 2.61023595e-017 2.16283675e-049
  1.00000000e+000]
 [1.79045732e-046 3.14289895e-043 4.35021123e-052 7.83150659e-036
  3.11680781e-056 1.24246759e-047 1.00000000e+000 4.89144094e-063
  5.09593287e-065 9.93986049e-082 8.48139870e-071 1.60705078e-031
  3.12936373e-079 7.42024824e-007 3.77194723e-047 1.57976708e-015
  2.58561004e-053 6.24087769e-055 4.94832065e-025 3.06685350e-005
  1.00000000e+000]
 [3.44831230e-016 4.91204432e-008 1.19159397e-035 9.08731047e-033
  3.75934338e-022 1.05859750e-047 4.89144094e-063 1.00000000e+000
  6.74768829e-027 1.49805595e-010 1.08860258e-033 1.87622380e-030
  1.27804474e-011 4.16145766e-033 2.79173431e-016 2.97853378e-073
  1.06011678e-004 1.11319716e-071 1.53960621e-036 5.16814842e-083
  1.00000000e+000]
 [9.14463421e-039 1.73461681e-027 4.21451435e-043 1.90157890e-010
  2.42127093e-045 5.02920364e-037 5.09593287e-065 6.74768829e-027
  1.00000000e+000 1.34883805e-055 1.88555273e-049 2.54693843e-041
  4.38361867e-040 7.99989679e-036 1.24056586e-038 1.65190808e-042
  2.69457676e-032 2.12612333e-085 4.46539141e-021 9.33573482e-066
  1.00000000e+000]
 [2.10320192e-016 3.84303579e-016 4.89914288e-070 3.94245619e-056
  4.79820627e-035 1.63341968e-069 9.93986049e-082 1.49805595e-010
  1.34883805e-055 1.00000000e+000 7.32254633e-028 8.19524737e-051
  7.57192319e-018 9.45526919e-050 2.10825806e-044 7.96501111e-102
  2.77374911e-014 3.74001669e-060 3.81069089e-066 1.12412693e-107
  1.00000000e+000]
 [3.72816111e-018 1.78219594e-031 7.58078125e-063 9.10310007e-044
  1.66883398e-025 7.22279476e-039 8.48139870e-071 1.08860258e-033
  1.88555273e-049 7.32254633e-028 1.00000000e+000 5.59454010e-031
  5.71335174e-057 5.75193625e-049 1.03043513e-063 7.76314927e-082
  1.20697347e-024 1.56199974e-040 3.66987821e-061 3.11050688e-083
  1.00000000e+000]
 [2.66804633e-033 1.18831256e-025 2.05961411e-010 1.06512850e-033
  2.46710606e-010 5.33100393e-025 1.60705078e-031 1.87622380e-030
  2.54693843e-041 8.19524737e-051 5.59454010e-031 1.00000000e+000
  1.78655654e-052 3.45093781e-023 3.14372680e-020 6.54256953e-050
  4.25319373e-016 3.98714441e-055 2.09546925e-028 4.66748955e-040
  1.00000000e+000]
 [1.75180634e-041 2.15631305e-016 5.45004034e-052 2.65380136e-051
  4.27637357e-046 1.80880671e-082 3.12936373e-079 1.27804474e-011
  4.38361867e-040 7.57192319e-018 5.71335174e-057 1.78655654e-052
  1.00000000e+000 7.05691202e-045 1.69438749e-035 2.07326479e-087
  1.08412157e-016 7.75670959e-071 7.14680598e-055 5.15744160e-097
  1.00000000e+000]
 [7.90818037e-026 4.32890261e-021 6.39410856e-039 1.15829816e-018
  4.42249891e-040 4.37178033e-038 7.42024824e-007 4.16145766e-033
  7.99989679e-036 9.45526919e-050 5.75193625e-049 3.45093781e-023
  7.05691202e-045 1.00000000e+000 1.23166365e-029 5.72855736e-014
  5.39880065e-029 2.65633711e-047 1.34424582e-014 7.55884476e-014
  1.00000000e+000]
 [7.66954911e-036 1.05926245e-022 5.59939223e-014 5.16672516e-040
  1.70551006e-023 9.53894366e-046 3.77194723e-047 2.79173431e-016
  1.24056586e-038 2.10825806e-044 1.03043513e-063 3.14372680e-020
  1.69438749e-035 1.23166365e-029 1.00000000e+000 1.02893998e-063
  7.67914536e-015 1.52650355e-100 1.24029815e-028 2.44674523e-065
  1.00000000e+000]
 [9.04793831e-057 1.31827990e-057 6.50639714e-065 5.23278421e-025
  2.35090868e-082 5.96748877e-057 1.57976708e-015 2.97853378e-073
  1.65190808e-042 7.96501111e-102 7.76314927e-082 6.54256953e-050
  2.07326479e-087 5.72855736e-014 1.02893998e-063 1.00000000e+000
  8.71645057e-069 1.60948963e-078 1.56919747e-024 6.83048665e-011
  1.00000000e+000]
 [2.34564241e-017 9.27591872e-011 1.40673585e-022 1.77038305e-036
  7.85467570e-014 7.48970303e-044 2.58561004e-053 1.06011678e-004
  2.69457676e-032 2.77374911e-014 1.20697347e-024 4.25319373e-016
  1.08412157e-016 5.39880065e-029 7.67914536e-015 8.71645057e-069
  1.00000000e+000 7.48246509e-061 1.74489010e-038 1.32585630e-071
  1.00000000e+000]
 [2.08059392e-059 3.06321763e-040 4.81626900e-096 1.16203420e-056
  8.95280961e-053 1.14567489e-056 6.24087769e-055 1.11319716e-071
  2.12612333e-085 3.74001669e-060 1.56199974e-040 3.98714441e-055
  7.75670959e-071 2.65633711e-047 1.52650355e-100 1.60948963e-078
  7.48246509e-061 1.00000000e+000 1.27302915e-062 9.59704120e-057
  1.00000000e+000]
 [2.10220796e-039 9.09217745e-021 3.54016200e-038 3.36156862e-006
  1.67929488e-034 2.61023595e-017 4.94832065e-025 1.53960621e-036
  4.46539141e-021 3.81069089e-066 3.66987821e-061 2.09546925e-028
  7.14680598e-055 1.34424582e-014 1.24029815e-028 1.56919747e-024
  1.74489010e-038 1.27302915e-062 1.00000000e+000 6.32218805e-026
  1.00000000e+000]
 [3.95014860e-066 7.79481356e-057 1.30824208e-060 1.41970730e-035
  7.99283867e-070 2.16283675e-049 3.06685350e-005 5.16814842e-083
  9.33573482e-066 1.12412693e-107 3.11050688e-083 4.66748955e-040
  5.15744160e-097 7.55884476e-014 2.44674523e-065 6.83048665e-011
  1.32585630e-071 9.59704120e-057 6.32218805e-026 1.00000000e+000
  1.00000000e+000]
 [1.00000000e+000 1.00000000e+000 1.00000000e+000 1.00000000e+000
  1.00000000e+000 1.00000000e+000 1.00000000e+000 1.00000000e+000
  1.00000000e+000 1.00000000e+000 1.00000000e+000 1.00000000e+000
  1.00000000e+000 1.00000000e+000 1.00000000e+000 1.00000000e+000
  1.00000000e+000 1.00000000e+000 1.00000000e+000 1.00000000e+000
  0.00000000e+000]]
