[[ 4.32769938 -2.18581273 -3.3515656  -2.5749301   1.55509137 -2.92822327]
 [-3.45492202 -0.51346381 -1.47469484 -1.4006899  -2.16676256 -3.13396337]
 [ 0.18080984 -0.98535585 -2.87348059 -1.47221192 -3.88123921 -4.16667195]
 [-4.1486235   1.14210998  0.70595092  4.08726674 -2.07770152  3.45966123]
 [ 3.96095689  3.95978776 -1.53006434  2.12117476  1.32477805  0.35982444]
 [-2.3578466   4.06282287 -3.78728855 -0.22118744  1.09164451 -0.53245711]
 [ 4.57204033 -2.0187965   1.25301467  2.04608457 -1.97814501  0.90156768]
 [ 3.79219558 -4.44591483  0.57373985  4.24853405 -2.17727383 -2.55891491]
 [ 3.94233498 -1.10776611  3.4737785  -1.50441618  1.50918663  3.58818536]
 [-3.30627591 -3.73415173 -0.49900626 -3.90231424  3.15130994  4.13362366]
 [-2.63963554  4.40611126  4.21177097 -2.91912435 -3.59730925 -4.92414832]
 [-3.44765375 -4.85070233 -2.84636959 -0.35169047 -3.87904993 -2.78171137]
 [ 0.89741342  1.73092091 -1.0274558   3.02768453  1.88138916 -2.21770452]
 [ 3.77206557  1.04963034 -0.72629601  4.37072028  3.91792602  1.16506523]
 [ 4.25709575 -2.06186586 -3.443022    0.79447184 -1.43459271  2.12485276]
 [ 2.4086607  -0.41668445  3.15417442 -3.19294116  0.37877278 -0.6183794 ]
 [ 0.46574828 -4.44200932  2.97818105  3.04327948 -4.31260226 -1.78263261]
 [ 4.14886609 -2.60869844  1.99006675  2.37708027 -0.69656466  1.43276996]
 [-1.69889373 -0.44382339  0.52686224 -0.50707125  4.43321173  1.92866701]
 [-3.68804584  0.54859559  0.0279857   1.86182564 -4.29925993 -4.09116265]]
