[[ 2.32208512 -3.87506797  2.23652681  3.22334652  2.31206019  0.90010342]
 [ 3.12680604  0.673752    3.3053001   1.12471616 -4.85091846  3.00804895]
 [ 2.59530793  0.49127791  1.51372528  2.77140374 -1.2685967   4.53732247]
 [ 0.33478211 -0.53623034  1.43042953  1.76895252  0.60048197 -3.68362564]
 [-1.63609879  4.55327485 -2.6528397   4.74352998 -0.37016274  4.8258769 ]
 [ 3.14901817  0.06300521  4.66154315 -3.57171932  3.27849952 -0.19911702]
 [-3.59721578 -4.92309894 -3.1457495  -2.97667351  4.31548107 -1.88105049]
 [-1.30514422 -0.52691624 -2.76944087 -1.10029904  4.63494647 -2.57779738]
 [-4.60944905  4.02583578  4.17621524 -2.47399079  2.60846185  0.01928275]
 [ 0.95958487 -0.73469343 -3.53193652 -2.70492792  1.94411035  3.86751495]
 [ 2.62279674 -4.11357605 -3.41573498 -3.39601702 -2.10040942 -4.13624063]
 [ 1.28979516  4.30954455 -4.81762443  1.43597448 -4.90125446 -2.28238834]
 [-0.45308051  4.02295348 -2.33110483  2.1449156   3.37103143 -0.18412338]
 [-3.8764116   0.19352512  2.86991475  3.31065116 -4.33961057 -4.9537818 ]
 [-1.50607096 -0.94218903  2.32804934 -4.95693556 -2.5455629  -3.53184789]
 [-3.24955195  3.99593706  4.35604743 -0.91140221  4.10602855 -1.24219261]
 [-3.57482335  0.90391548  1.01339112  0.25198303 -2.30391512 -4.40201203]
 [ 3.12139393  0.31598746 -3.15228601 -0.32403843  0.49305532  0.91212974]
 [-2.79378897  1.20165337  2.00543817  1.18789093  4.70346431  2.77014229]
 [-4.24177827  1.8706875   4.11154282  4.01274934  0.0481668  -3.28572406]]
