[[-3.71594567 -0.42509947 -4.81357984 -2.05001465 -4.41340132  1.26019637]
 [-3.40740814  0.23499289  0.21059153  2.55916468  3.77848832  0.35005821]
 [ 4.67320477 -4.70286472  1.51140213 -2.71758325 -4.04082161  4.71591449]
 [-0.1262715   1.36595495 -4.44417672 -3.21718985 -3.65574388  4.87357157]
 [ 0.46313147 -4.88794319  3.18380089 -4.81180014 -0.06357822 -3.20804698]
 [ 4.53823347 -0.36415776 -2.01407285  4.49102615  0.69222334 -1.35175425]
 [ 3.90374752 -2.50401399  2.41578665 -2.58936084  3.58323747 -1.60409481]
 [-2.90405947 -3.45992734  0.13608755 -0.03145839 -1.85748164 -1.36276974]
 [ 2.41860461 -2.04848803  2.03562168 -4.62165944  1.44787831  0.40609027]
 [-2.77266615 -1.84501332  1.25175481 -2.02541769  0.4495321   4.75905135]
 [-2.42635379  4.75576745  1.78527647  4.05605079 -0.01753672  1.29076065]
 [-0.09908778  3.54717885 -3.64409337 -0.01601167 -0.92336006 -1.7335435 ]
 [-1.44049949  1.34650232  1.67910829  3.4283735   4.31873433  0.43459846]
 [ 4.44893241 -4.59376906 -4.44336054  3.18366073 -3.17977693  1.3980151 ]
 [-4.81525879  1.76023282  2.29920481  0.52171035 -1.31153784  4.10465901]
 [-0.45663939  3.61732015  2.33172062 -3.71056651  4.19137173  4.55594451]
 [ 2.04809957 -4.4326286  -4.17677933  4.70369736 -3.46956442 -2.93071494]
 [ 0.44704702  0.83256553  2.88578519 -4.20405317  1.3792767  -0.17988001]
 [-2.32366144  1.64520313 -4.97394831  0.94436821 -0.18805714 -2.09829617]
 [ 3.10707285  2.96518936 -0.6773672   0.98536928 -3.64933397 -2.91261789]]
