[[ 3.91482952 -2.91849429  3.83523308  1.74442154  2.57222112  1.51251365]
 [ 2.93450492  4.89021599  1.18068885  1.31056001 -2.65697206 -4.29766488]
 [-1.76118554 -4.91787258 -3.32107698 -4.32239847  3.42322201  1.49163963]
 [-3.64986689 -3.62756434  0.65749963 -4.8377592  -3.18740898  3.85555982]
 [ 4.89902116 -4.30418752  2.54773149 -3.78779583 -4.95036749 -4.1449797 ]
 [-2.07786884 -2.86405677  0.68024618  4.21451858  3.69103583  0.23241655]
 [ 1.97618784 -0.10336363 -4.29752528 -2.44766219 -3.87778932  1.26771331]
 [ 1.21946151  2.48701169  3.23948491 -1.17487935  4.50673518 -3.71342598]
 [ 0.31366093  1.60152537  0.22020112 -4.16948684 -2.18134686 -2.43733671]
 [ 1.57978295  4.70369265 -1.62015203  1.84198672  1.19067195 -1.10151609]
 [ 2.73749866  2.93064791 -0.37910701  0.79615202  0.25008084 -3.51238609]
 [-2.34041143  0.88180557  0.04737792 -3.93687881  4.4225226   2.28394501]
 [ 3.05692894  3.1546674   3.06995545  1.2082358  -1.0378738  -1.19064716]
 [ 0.83337562 -4.59525153  3.38247308  3.11560501  0.50561195  2.70270599]
 [ 2.56932173  4.29797369 -2.20379937  0.67864673  2.04323196  4.48857432]
 [ 1.59543842 -3.74758535 -4.44814475 -4.63802247 -1.33840655 -2.13579199]
 [-0.44023906 -2.37468597 -2.03585912 -3.11452669 -1.66605555 -4.57376377]
 [ 2.16584824  3.89156931  1.90573982 -2.22486103 -1.96118459 -0.95989548]
 [ 2.18433518 -4.44852107  0.88115806 -0.55142409  1.05001755  0.01110793]
 [-4.06211369  4.23005264  2.78590181  2.29269893 -4.08342395  3.90089837]]
