[[-3.27524316  4.97551262  2.74452242 -0.15708424  1.81709077 -3.30437142]
 [ 4.0748451  -0.56733754  4.71368994  4.59737341 -4.53926517 -1.22546198]
 [ 0.73944201  3.63441345  1.12147686  3.13498522 -3.44059938 -1.93962591]
 [-4.37823271  3.14326687 -3.02818398 -3.33888773 -4.5531021   0.90611884]
 [ 2.11032915 -2.22383766  2.38738322 -2.29677743 -4.75887216  0.09865832]
 [-0.45723665 -1.17083295 -0.3608537  -1.72906092  3.67521169 -2.99288272]
 [ 2.07974256  4.62777491  0.12593486 -4.18589094 -0.92570008  4.66853318]
 [-0.75388572  2.03787214  1.21080409  4.69982323 -3.00131742 -3.51160958]
 [ 0.47307323 -4.96498918  4.44834335 -0.5502146   2.62263662  2.75584087]
 [ 4.46999462  0.14611236 -1.06755574 -3.97773889  1.75194004 -4.45502526]
 [-4.34539666 -4.66434518  2.87819749 -3.79507461  1.93148833 -4.75185389]
 [ 2.41799932 -1.89864699  2.04507948  2.017499   -4.75825229  3.72676089]
 [-3.9994772  -4.70434643 -0.66996544 -0.58769197 -2.51895349  4.74906133]
 [-3.35772398 -4.63319878 -2.86140308  4.74419312  1.77693586  1.93157858]
 [-3.69396299 -2.05525857  4.87026528  1.95169698  0.057142    1.10349761]
 [-0.22059656 -3.21202053  2.16771343  1.30591214 -3.71697295  4.48106333]
 [-0.99408191 -1.09883731 -2.40026987  1.75887237 -0.0768582   4.08829316]
 [-2.70019688  2.18800796 -3.34052661  4.63268205 -2.5820678   3.98013733]
 [-0.28643149  4.49301093  2.22814802 -0.679557    3.64480549  0.20929758]
 [-4.09620447  3.26018491 -0.5709932  -1.83743637 -3.39210586 -4.83348625]]
