[[-0.68821815  1.30744817  3.81785461 -2.63702928 -1.50338453  0.53794711]
 [-3.51568077 -4.69654878 -0.83220997  3.88882016  4.31312526  2.16446594]
 [-4.99596202 -2.56533688  0.32826155  4.88260171  1.8915924   1.17450524]
 [-0.37564417 -2.69769478 -1.23652811  3.43923831  2.76894772  2.29240802]
 [ 0.84535634  0.79894493  0.04294792 -2.12179513  3.41742288  0.54603039]
 [ 2.66695235 -3.05270116 -4.1721043  -0.19423443  2.35895875  4.30454338]
 [ 0.36920356  0.5290382  -1.41993074 -1.20862334 -3.79682818 -4.09881592]
 [-4.21644558  2.78397822  4.50377683  0.51592161  2.99343316 -0.71687365]
 [-3.98193241 -4.77452202  0.88093301  4.05218264 -2.33078693  2.2109544 ]
 [-0.77658419  3.95459141  0.4042865  -2.53574826 -0.31691579  4.56718963]
 [-3.21793835  0.76398531 -1.66911477 -3.02195234 -3.92866987  2.02075654]
 [ 0.98650144  1.5385687  -2.462061    1.77436678  1.89469068 -4.52073706]
 [ 3.21149169 -3.12110611 -2.14854703 -1.54725778 -0.23775377 -4.176157  ]
 [ 0.5752697   3.88141043 -2.80817353  0.32530659 -2.29504036  4.86450755]
 [-3.47276563 -3.18258576  0.17483277 -2.26255625  2.39586965 -1.1448136 ]
 [-1.51287568 -0.57388008  2.52755296  1.60188069  2.69186501 -4.70740059]
 [ 4.37800608  4.61754263  2.43322173  0.62115034  3.1861555  -1.378691  ]
 [ 4.92942371 -3.03805793 -2.63225386  4.76854835  3.3879764   2.06696973]
 [ 3.59873184 -0.10173074  0.13867585 -0.11458182  0.50707189  4.12033191]
 [ 1.83740261 -4.79371558  0.95534372  2.82848873  2.16976089 -2.72273417]
 [ 1.13365879 -3.20822708  1.06714896  1.15358562  4.86014478  2.58063715]
 [-1.23349518  1.72306684  1.13068652 -0.25307695 -1.92736499 -4.36778866]
 [-4.7017269   3.85793868 -4.73684425  2.60972335 -1.11683777  1.91163483]
 [ 1.18607366  3.9820074  -4.25201596  0.8137105  -2.83645858 -1.15420807]
 [ 0.40792347  4.35135614  1.52621383 -2.48714333  0.1923393   3.21796141]
 [ 4.87522289  3.29761632  2.43783662  2.3891964   2.59800583  0.20186856]
 [-2.7130307  -2.86898517  4.74480714  2.29533448  4.35115516  4.40343446]
 [-1.25492407  1.17425068 -1.01868434 -1.47284938 -2.23910857 -2.4945701 ]
 [-3.0559846  -0.38886037  0.65015644 -0.38427297 -1.69178414  4.57527502]
 [-0.77720408  2.70428172 -4.22928966  1.40839774 -4.08893283 -1.86448881]
 [ 2.56396645  1.9717329   3.97898367  0.18309254  3.67078352  4.88777122]
 [ 1.94205822 -4.34023342 -1.27020425 -1.70182715 -4.86670291  0.82374532]
 [ 1.20556488  1.19863796  0.73916176  4.07931742 -3.52916061 -0.12524958]
 [-0.56392005 -4.22013701 -3.41445246 -2.9065296   4.79364626  3.49210897]
 [ 1.787697    4.88682042 -3.27874752 -4.20878002 -0.92806846 -2.73400684]
 [-2.20598827 -1.56607791 -3.91094084  1.20355322 -2.47235685  1.9811196 ]
 [ 2.33554159  0.27860784 -4.03703711  0.3584877  -3.26669557  4.37945273]
 [ 1.34632127 -2.02768451 -1.86026373 -4.50116088  2.15600327 -0.95699608]
 [-2.84169525 -1.23909922  3.40120022 -1.04629058  4.17773118  4.84028763]
 [-3.84900872 -3.40102475  4.40246059  1.93558768  3.90907583  0.14243767]
 [ 4.36678696 -1.14278981  2.01532147  1.43041738 -1.86707191  1.41000793]
 [ 1.57934689  3.8186139   3.59676281 -1.71692349 -2.88299307  0.86639672]
 [-0.12797689  1.14801829 -4.53240023  1.98254002 -0.84381183 -1.97609592]
 [ 2.42718734 -1.11021611  2.63213396  3.06948258  2.68197085  3.60382274]
 [ 2.02982562 -4.1612756  -1.96495457 -3.63026076 -3.16380855 -0.42037252]
 [-0.93932928  0.78174651 -3.40237193  1.88510007 -4.65715991  3.59515657]
 [ 1.19342553 -0.48748943  4.02357002 -4.24850422  0.84648604 -4.02693811]
 [-1.30961146 -2.60389529  1.75917515  0.73846571  2.86887902 -1.11174024]
 [-0.20134904  1.26074898 -1.09642841 -1.25402032  3.12401695  4.67690813]
 [ 4.17277298  1.86060085  2.56196456  1.4686337   0.57672919  1.16730798]
 [ 0.28248992 -1.58196493  2.76514863 -3.96239365 -2.29286049 -2.32833104]
 [ 1.39841287  0.22212214  1.64788373  4.36978963 -3.39976236  4.69768674]
 [-3.14522154 -2.16569744 -3.46259928 -1.48894812  1.02895264  0.8391759 ]
 [ 0.10834519  4.08914641  4.86375204  4.88295214  2.30764396  3.83598791]
 [ 4.45549636 -2.25983566  4.57232106 -1.6253678  -1.25354703  3.26750339]
 [ 4.86922528  4.27380909  4.57628384 -3.06039162  0.61759593  4.24841956]
 [-3.30201251 -2.93461892  2.30307992  0.85501703 -0.81113893 -4.45622583]
 [ 1.93719446 -2.12011499  2.3141239   1.39734     2.48840805  0.95853599]
 [-3.78841583  3.46125637 -2.65402844 -0.72806771 -3.73120027 -2.86454251]
 [ 1.99366405  2.20276375  0.57471587  2.6755789   0.42901621 -2.47517484]
 [-4.32513041 -3.71389657  0.55450825 -4.67802502  1.9201004   3.14588334]
 [ 0.70794495 -4.77893738  3.49983762  4.16526192 -3.77988658  4.18449958]
 [-4.96773943  3.09986852 -2.23570401  3.2274953   0.82390204  3.88286054]
 [-2.71086107 -0.97845595  2.79077023 -2.36212799 -3.98074533 -4.90091125]
 [-4.11431778 -0.55244717 -3.64875858 -4.40257353  4.26677115 -4.86006102]
 [ 1.11980835  4.60678227  2.99467274  2.55551474  3.45324374 -0.40426644]
 [-4.15110858 -3.26219458 -3.44300851  3.50265312  0.87867104 -3.9350531 ]
 [ 2.01438307  4.34842218  3.26932214  3.63969614  0.24496624  0.87177025]
 [-4.11561513  0.35203933  2.33142178  4.21351438  3.56373023  1.14890342]
 [-2.62339278  1.50339473 -2.43436351  1.77398044 -2.36871819  3.19690017]
 [-0.60651608  1.78248167  1.58672497  0.60852403 -0.10214007  2.6873245 ]
 [-3.88288455 -1.37010861 -2.88726025  4.41932845 -2.19081457  0.19004243]
 [-3.5743832  -3.96726404  3.52423472  3.06219327 -4.63519253  0.51114688]
 [-3.08885874 -3.56899605  0.81706765  2.35906053  2.73031461 -2.76504252]
 [-2.76079205  0.85939275 -4.30341233 -1.97836325  0.26995909  3.47431663]
 [-4.9872979   2.25189631  0.51047853 -0.13724275 -4.38291755 -2.39532836]
 [-0.48655704 -3.29882908  4.70482185 -2.55738586 -1.03214473 -2.11810332]
 [-1.01829258  1.54812995 -0.80881987  4.80606769 -0.43948083 -4.72899585]
 [-4.67778956  4.25427651 -3.44232767 -0.50569212  4.58038045  1.72285516]
 [ 2.31030307 -1.03949343 -4.0795905   0.47787932 -3.26180858 -0.46047147]
 [ 4.3356187  -0.50409205 -2.78096972 -1.15618471  0.37926374 -4.91992614]
 [-4.12638434  0.60867188 -0.61650994 -1.62902204 -0.07986841  4.25029897]
 [-0.33876419  4.89894453  2.20848663 -2.34288726 -2.24506514 -2.88925575]
 [ 2.49168328  0.07133018  0.32241819 -4.71559071  2.50866714  0.68802713]
 [ 1.81157034 -1.64063935  2.61012955 -2.00473589  4.81070129  1.31194341]
 [ 2.46760743 -1.38459661 -1.35254077 -1.17352206  4.64109116  3.21225748]
 [ 0.18591765 -3.18416614  2.0509906  -3.77464424  3.85672593  2.38788641]
 [-2.91956042 -2.14098831  1.12385932 -2.29058901  1.44917815  2.92275986]
 [ 4.19887446 -4.28579674 -0.69050048  2.18031244 -4.66845336  2.15583795]
 [ 0.52488053  1.07209573  2.43176486  4.10248289 -3.18654311 -0.39690419]
 [ 0.59208725 -4.73252551  4.0992777   4.29590372 -2.20776441 -1.73579475]
 [-4.84300043 -1.18609008 -0.2588227   1.18392685  3.86703124  4.24526397]
 [-1.30225046 -3.07074464  2.06245865  2.45574142  2.11198644  1.60196188]
 [-0.64522049 -1.14898129  2.73961545 -4.64548494  0.17736108  3.52002191]
 [-1.34159459  3.18741939  4.25997648  1.36837676 -3.52499244  4.66158312]
 [-1.09505228  1.4700436   4.73517808  3.22948334  0.5429911   3.80810376]
 [-2.0718635  -0.71114389  0.67157167  1.65657132  3.8714924  -1.77006051]
 [ 2.90874397 -2.78896611  4.9233823  -3.53362074 -2.77680115 -4.33789017]
 [-4.66440976  4.59961274 -4.09988631 -4.67942076 -3.93609121  4.71057818]
 [ 0.87315124  1.74287918  3.22575997 -2.69574803 -4.96056322 -3.00288873]]
