[[-3.82938904  0.17364548 -1.34889012  2.24320527 -0.57915805  3.71764543]
 [ 4.56249729  2.06624203 -2.39028902  3.57492261 -4.15889863 -3.84099877]
 [-1.13462223  1.21626101  3.99330239 -4.31135177 -1.93179447  1.66898548]
 [-0.00541868 -2.47463159 -1.68456661 -1.93763377 -1.95026822 -4.71855621]
 [ 2.92359758 -3.08336594 -3.44264075  1.65994703  4.48453733  4.74338539]
 [ 0.67386742  1.05146746  2.77946903 -2.43483759  0.37066547  2.56129907]
 [ 2.51530571 -4.54633667  1.91671994 -3.23138733  0.90542127  1.21353131]
 [-1.41925215 -4.23804918 -3.2263413   1.44149508 -0.69124828  4.81367208]
 [-3.01403269 -1.63650801 -3.96372696 -0.2586789  -4.05329797  1.42516331]
 [-0.89515835  1.2301391   4.17406746  0.11535755 -0.64299807 -1.13972245]
 [ 3.17968026 -4.3651715  -4.14208388 -0.3310462  -0.36158279  1.10607272]
 [-0.00629691  3.33817186  0.14289898 -3.14532871  4.42341621  3.62315284]
 [-2.94310052  0.33662426  4.12969615 -2.50990239 -4.02306759 -2.98746   ]
 [ 2.15966634 -2.44489167 -1.69635227 -0.96479431 -0.02530348 -4.35237038]
 [ 0.80577988 -2.11014001 -1.13624733  3.83026601  4.92038688 -1.32089272]
 [ 2.40438454  3.30635836 -0.20979732 -3.43880881 -0.95604337 -0.38739914]
 [ 1.27266604 -4.60604302 -2.11650129 -2.62405504  1.3585911   2.52619284]
 [ 3.82793674 -4.78329785  2.70694258  0.3440081   2.08834068 -0.97002933]
 [ 1.68275643  0.24166827  1.69486114  2.32943474  1.94841503 -1.00015944]
 [-3.02383561 -1.26363959  0.20051037 -1.57719386 -1.32510076 -2.73406438]]
