[[ 4.86196051 -4.13602669  4.6618181   4.48689339 -2.83333407  0.72961308]
 [ 0.99838921 -1.05220739 -4.93749353  4.01794595  4.89214102  4.63422238]
 [ 2.44199104  2.48819293 -1.40745969 -0.83591221  3.45858925 -0.09722793]
 [ 2.73711878 -1.06164725  2.58743908  3.10969236 -3.04942737  1.74835192]
 [ 1.27593289  2.61942271  0.76129999 -4.3417193   2.87127678  2.04204649]
 [ 1.18733979 -2.09042683 -2.7100883   1.39596947 -0.5175924  -1.15635293]
 [ 4.59736251  0.79633039  3.85340072  2.77063025  0.16650363  0.73136517]
 [-0.98276232 -2.91013922  4.32861766 -4.63138743 -2.63080145 -1.96749813]
 [ 4.14192612 -0.2870976  -2.79804388  2.515166   -0.90818069  0.79828464]
 [ 1.38078169 -3.26733675 -4.26735697  0.48954565 -2.66301915  1.76054354]
 [ 4.5224252  -2.75121045  0.59528321 -2.61073185 -3.61211725  4.05486766]
 [ 1.08443534  2.34623781  1.84313639 -3.76680364 -3.32070933  2.5035389 ]
 [ 2.72205024  0.4013076   4.09591276 -3.68926562 -2.36943033 -2.68309625]
 [ 4.59979714  1.59290167  1.66339967  3.77897722  4.28098002  0.45066964]
 [ 2.90058706 -2.03319824  2.64283719  3.58609806  0.13843709  4.29042296]
 [ 0.92194175 -3.362185    2.61658819 -1.25218684  1.26227464  2.98490391]
 [ 3.0500487   4.27084479  2.15963265 -2.13201607  1.66208338 -2.91353297]
 [ 0.19207743  4.80606292 -3.25718839  4.6312053   3.08780491 -4.99401645]
 [-2.46163516  1.00803076  0.3747449   1.83423142 -1.27699246 -0.15719585]
 [ 1.1181394   2.13892507  4.36670542  4.84950424  2.86673204  0.35571955]]
