[[ 2.87805136e+00 -4.85374340e+00  2.59194038e+00 -8.76075274e-01
  -1.06780475e+00 -2.56653689e+00]
 [-3.96830727e+00  4.27706387e+00 -4.35240331e+00 -8.10179694e-01
  -1.52022266e+00 -1.80759954e+00]
 [-1.78794041e+00  2.87760912e+00  2.61068833e+00  1.03471215e+00
   2.76656574e+00  4.46362736e+00]
 [-2.92760868e+00 -1.09094973e+00 -3.83756520e+00 -4.00579037e+00
   3.74487538e+00 -1.91520205e+00]
 [ 4.61431882e+00  2.15202220e+00 -3.26055757e+00  2.01619342e-01
  -1.75858397e-01 -3.66513457e-01]
 [ 2.40016021e+00 -4.68716115e+00 -3.32066172e+00 -3.37338695e+00
   1.06361913e+00  7.71952963e-01]
 [-9.64022082e-01 -1.97511077e+00  8.06070513e-01  4.01433273e+00
   3.86057257e+00  3.90395716e+00]
 [ 1.92292849e+00  4.04651090e+00  2.91338732e+00 -2.32791974e-01
  -4.73724948e+00 -3.78940492e+00]
 [ 1.28547902e+00  2.43789335e+00  4.40986042e+00  3.40332470e+00
   2.30667747e+00 -1.34330802e+00]
 [ 1.80730414e-01 -1.43780674e+00  4.21916864e+00 -4.05664831e+00
  -4.84573973e+00  2.31163826e+00]
 [-7.77746256e-01  1.53728324e+00 -4.55597346e+00 -1.73189821e+00
   4.05591050e+00  2.26130010e+00]
 [ 3.83588009e+00  3.21983651e+00  2.22947190e+00  1.77897208e+00
  -3.15045421e+00  4.15656039e+00]
 [-4.46995770e+00  1.86833009e+00 -4.10957209e-02 -3.51916606e+00
  -5.66529431e-01  3.23171744e+00]
 [-1.23426149e-01  9.21428368e-01 -4.58687559e+00  1.46153763e+00
  -1.71083532e+00 -4.26650373e+00]
 [-4.27320642e+00 -4.65238027e+00  2.09753602e+00  7.06476540e-01
   2.58956629e+00  1.86998981e+00]
 [-7.07581139e-01  3.78907493e+00 -2.52167036e+00 -4.39856899e+00
  -1.60181557e+00 -3.34380142e+00]
 [-2.27478540e+00 -1.56092817e+00  1.49962920e+00 -4.56097231e+00
   4.67095517e+00  3.64370122e+00]
 [ 2.62428511e+00  4.86196644e+00 -3.70167448e+00 -1.24461436e+00
  -4.24034119e+00 -1.05086265e+00]
 [ 4.40424087e+00 -3.26635986e+00  3.00201234e+00  2.00619297e+00
   4.52279504e-01  1.59093526e+00]
 [-4.09915485e+00 -4.97805035e-01 -2.82301016e+00  4.04644671e+00
   1.62768917e+00  3.39854769e+00]
 [ 3.73108585e+00  3.39829320e+00  4.24532222e+00 -3.67767889e+00
   1.96270972e+00  3.45827484e-01]
 [-2.54771411e+00  4.17538983e+00  3.75636049e+00  8.66998700e-02
   4.32914904e-01 -3.65785154e+00]
 [ 1.75656469e+00  3.93993435e+00  6.07881725e-01 -1.84906346e+00
   4.31131550e+00 -3.94567844e+00]
 [-1.89061636e+00 -4.41074917e+00 -1.92202583e+00  3.34741965e-01
  -3.70615197e+00  3.76394663e+00]
 [ 2.58328385e+00  1.05994868e+00 -3.65242643e+00 -3.08441738e+00
   3.05929981e+00 -3.05114813e+00]
 [ 4.12176158e+00  6.64227315e-01  1.68765499e+00  2.23271215e+00
   3.58992252e+00  4.04073542e+00]
 [ 3.95939943e+00 -1.30988953e+00 -4.69666431e-01 -2.48516791e+00
  -2.85744296e+00  4.00481847e+00]
 [-4.87105867e+00  2.25541938e+00  6.73148123e-01  3.14296460e+00
  -2.73260566e+00  1.52070345e+00]
 [-4.44583187e+00  4.36681741e+00  1.00239665e+00 -4.26628866e+00
   1.33257591e+00 -1.49626499e+00]
 [-1.99783090e+00 -3.11334024e+00  2.40315421e+00 -4.43630242e-01
  -4.10743173e+00 -8.38508820e-01]
 [-2.95046056e-01 -3.50804370e+00 -7.59181166e-01 -4.19044636e+00
  -3.50533234e+00  1.33229014e+00]
 [-3.68051344e+00 -1.71628543e+00 -3.05342009e+00  4.15055765e+00
  -3.32520252e+00 -1.72737897e-01]
 [-3.35709283e+00  2.97080709e-01  4.03124807e+00 -2.83445385e+00
   3.52539047e+00 -6.73112986e-01]
 [ 4.56260751e+00  2.35971601e+00  3.57725792e+00 -3.19378860e+00
  -3.40614766e+00  1.19019630e+00]
 [ 1.98344923e+00 -2.93507360e+00  2.03806222e+00  3.51810398e+00
   1.49812494e+00 -4.59866059e+00]
 [-2.65730196e+00  4.63805445e-02 -1.17674395e+00  4.83232662e+00
   1.66055940e-01 -4.81682397e+00]
 [ 5.80996962e-01  5.29887135e-01 -1.23866190e+00  4.91524285e+00
  -9.14998459e-01  1.26198270e+00]
 [ 6.80121554e-01  5.67939126e-01  5.09610136e-01 -4.96713776e+00
   1.27212141e+00 -4.37308788e-01]
 [ 1.12221331e+00 -7.41973972e-02  3.45859665e+00 -4.83273731e+00
  -2.94210919e+00 -3.54903279e+00]
 [-4.95467152e+00 -2.62300724e-01 -5.89363346e-01 -3.44690673e-01
   9.28696752e-01 -2.96773716e+00]
 [ 1.55437482e+00  4.92608183e+00 -2.04817485e+00 -2.68704525e+00
   2.27819938e+00  6.42351687e-01]
 [ 3.14686889e+00 -3.28936572e-01 -2.70389420e+00 -3.74059184e+00
  -2.65372182e+00 -2.01235379e+00]
 [-2.82392607e+00  4.55451767e+00 -4.12832968e+00  2.61594837e+00
   7.31368007e-01  2.15693918e+00]
 [-2.40613675e+00 -2.37962020e+00  4.74660139e+00  3.25977774e+00
   7.86268059e-01 -1.20448550e+00]
 [-1.08461687e+00 -4.46797754e+00 -4.34583823e+00  1.91104102e+00
   3.27385403e+00  2.76631378e+00]
 [-3.73219623e+00  1.45057581e+00  1.36126815e-01 -2.79932488e+00
  -3.90761375e+00 -3.20358064e+00]
 [ 4.30154555e+00 -7.71153009e-01  3.66487812e+00  3.83820046e+00
  -2.05760629e+00 -2.38993957e+00]
 [-6.50565670e-02  4.60602553e+00  3.73202435e-02  1.64515521e+00
  -5.43434563e-01 -8.82735654e-01]
 [-6.17908174e-01  4.74267563e+00  2.76030983e+00 -2.58337236e+00
  -1.84061578e+00  2.46704353e+00]
 [-4.76038563e+00 -2.11072186e+00 -2.43953911e+00  1.26644612e+00
   4.46669316e+00 -5.85648785e-01]
 [ 3.38552091e+00 -3.38088193e+00 -4.22791022e+00  4.96684175e-01
  -2.25518198e+00 -2.76751836e+00]
 [ 2.08825654e+00  1.68979030e+00  1.17877278e+00 -3.02857220e+00
   2.47858296e+00  4.78379225e+00]
 [-3.90192017e+00 -4.92170386e+00 -2.22085865e+00 -1.08532402e+00
  -2.33046555e+00 -2.48681049e+00]
 [ 5.23028119e-01 -4.11630124e+00  3.25063147e+00 -4.56866722e+00
   2.79223695e-01  2.68011943e-01]
 [-2.96838077e+00 -2.82323794e+00  1.74243475e+00  4.26400149e+00
  -1.89350595e+00  2.83011533e+00]
 [-2.38646175e+00 -3.86803739e+00  1.38806943e+00 -1.18192070e+00
   3.47634972e+00 -4.10157102e+00]
 [ 4.76350411e+00  3.59032054e+00  1.89585916e+00  1.38388354e+00
   6.43076691e-01 -3.50216422e-02]
 [ 3.01889939e+00 -1.25152275e+00 -3.95933504e+00  5.77420635e-01
   1.83286372e+00  4.94824958e+00]
 [ 9.93972341e-01 -4.15333920e+00  3.12999641e+00  2.79858027e+00
   4.79757204e+00  4.85530437e-01]
 [ 3.63335751e-01  1.98501881e+00 -1.30976347e+00 -4.70973179e+00
  -4.54675756e+00  3.53394486e+00]
 [-1.67068288e+00  2.53722327e+00 -2.06847609e+00  1.14548267e+00
   4.01487700e+00 -4.42222656e+00]
 [ 3.17256866e+00 -4.25710591e+00  1.20638515e+00 -3.30669678e+00
   1.95540779e+00  4.29317936e+00]
 [-3.05587586e+00  3.33501016e-01  2.73805612e-01  4.72574808e+00
   4.92812044e+00 -1.65165711e+00]
 [-2.15267071e+00  2.61721597e+00 -3.02474560e+00  1.58060428e+00
  -3.22536468e+00  4.71228327e+00]
 [ 2.79618317e-01  1.30810557e+00 -2.44562852e-01  3.01183034e-01
  -4.98404827e+00  1.63328463e+00]
 [ 2.72041123e+00  2.79944147e+00 -4.84817745e+00  3.27972067e+00
   2.12972092e+00  2.01179524e+00]
 [ 1.73846881e+00 -1.76681147e+00 -9.40789494e-01 -1.52991218e+00
   4.43661251e+00  9.40667103e-01]
 [-1.15273091e+00 -3.74838162e+00 -8.19578232e-01  2.06821804e+00
   9.56519879e-02 -1.14068890e+00]
 [-4.20864739e+00 -2.41879113e+00  4.52126173e+00 -2.08186643e+00
  -1.18096966e+00 -4.20721585e+00]
 [ 2.15836835e-02 -1.82317283e-01 -4.99998757e+00  2.54660530e+00
   2.92442241e+00 -1.62326510e+00]
 [ 3.53626667e+00  2.94843928e+00 -1.42306349e+00  4.58347644e+00
  -2.44012806e-01 -3.41068525e+00]
 [ 4.97372590e+00  3.14189153e+00 -3.49094499e+00 -1.81903048e+00
  -1.20367593e+00  4.64863857e+00]
 [-1.60940932e+00  1.38066115e-01 -4.77963178e+00 -2.06319824e+00
  -2.52096683e+00  9.80688090e-01]
 [ 9.25636632e-01  8.53442595e-01  3.95340150e+00  4.45616885e+00
  -3.72313967e-01  3.34919680e+00]
 [-5.37618557e-01 -8.90272751e-01  1.61970744e+00  9.37152851e-01
  -2.14784263e+00 -4.72188154e+00]
 [-3.44892088e+00 -3.60789225e+00 -2.85283954e+00 -2.26051160e+00
   1.18115307e+00  1.81442149e+00]
 [-1.44184066e+00  1.28849081e+00  3.86703869e+00  3.77067694e+00
  -4.14037005e+00 -2.12024242e+00]
 [-3.16267614e+00 -1.89469006e+00  4.67123370e+00 -2.31380555e+00
  -7.13730832e-01  3.06062283e+00]
 [ 2.28612207e+00 -3.19851310e+00 -1.57340540e+00 -6.96360717e-01
   2.65854172e+00 -4.46976712e+00]
 [-4.65865359e+00  3.80536398e+00  3.67165672e-01  2.46019421e+00
   2.99332905e+00  9.82436909e-02]
 [ 4.19642328e+00  1.18183939e+00  8.86159961e-01 -1.35253770e+00
  -7.82760479e-01 -3.85479387e+00]
 [ 1.48177210e+00  3.51244207e+00 -3.69052598e-01  2.86982527e+00
   4.67534091e+00  6.74803743e-01]
 [-3.93849966e-01 -2.17746996e+00 -1.65730918e+00 -3.86802399e+00
  -1.31352105e+00 -4.98996320e+00]
 [ 3.35970578e+00 -9.83916281e-01  3.28802725e+00 -1.42043782e+00
   4.20672571e+00 -2.61200046e+00]
 [-1.34600235e+00  3.30444280e+00 -1.77508338e+00  4.46004634e+00
  -4.38131771e+00 -2.92127490e+00]
 [ 4.83609476e+00 -2.85266706e+00 -2.36677072e+00  2.38560315e+00
   1.66909839e+00 -2.50211169e-01]
 [ 1.39126253e+00 -2.60666877e+00 -1.44479479e-01  3.68380641e+00
  -4.63984520e+00 -2.20175806e+00]
 [ 3.68900940e+00 -2.62586621e+00 -3.43172922e+00  2.93590916e+00
  -3.59483602e+00  2.93511065e+00]
 [ 2.21532784e+00 -4.01593885e+00  2.33315233e+00  8.27900551e-01
  -3.95768418e+00  2.56809741e+00]
 [-1.26195568e+00 -5.55120793e-01 -9.97052666e-01 -6.19296445e-02
  -2.84760023e-03  4.41243181e+00]
 [ 7.87829735e-01 -6.95748880e-01  4.99830255e+00 -6.32172804e-01
   3.22946983e+00  2.62101543e+00]
 [-3.50534651e+00  1.82017796e+00  4.83354656e+00 -1.68383268e-01
  -2.49348721e+00  1.95887074e-01]]
