[[-0.78603325  2.6555413  -3.11687467 -2.82705174  1.94303227  2.66032165]
 [ 2.69312913 -2.75698601 -1.8372724   1.72969464  4.33859136  0.87017843]
 [ 4.25727185  4.80394162  4.07985404  0.52982786  1.29076805  1.18653633]
 [ 2.57402624 -4.67970716 -0.58354849 -3.51464765 -1.28505726  4.08490857]
 [-4.94453896 -2.20524858  2.52707713  1.99248217 -3.50620328  3.13821399]
 [-4.17183013 -1.70824803 -2.79257732  4.49491089 -1.99541645  4.06998102]
 [-1.73390451  4.13450685 -0.48335988  1.21343231  3.84264506  1.26330433]
 [-1.48342769 -4.11715472  2.97920589  4.52602407  0.46077788 -2.54868859]
 [-1.41603283  3.32738297  3.69336369  2.29289063 -4.20726574  2.05211429]
 [ 4.63457477  0.30719725 -2.74346753 -2.48591932  0.49329509  1.17041742]
 [-2.32652295  3.89366601  2.3684115  -4.62731372  3.0647071  -3.16578081]
 [-4.86000334  1.57268078 -0.32721651  0.13279116  1.99949047 -1.18489123]
 [-1.57472029 -3.26804728  3.54987938  3.05247719  3.32147273  0.54324589]
 [-4.42607633  4.2986504  -4.17347542  0.88666636 -0.90574917  0.21937082]
 [-4.26568615 -3.11993511  3.3921548  -3.67192042  2.31465245 -0.48917879]
 [ 1.6528321   2.37209735 -2.83394498 -0.91546197 -0.35042131 -0.4941307 ]
 [ 3.29165365  3.49532642 -3.13895575 -0.46134132 -4.24022719  2.74453933]
 [ 4.23339107  3.56509069  0.79330211  0.17270228 -1.79518561 -2.88257412]
 [ 1.57348611 -2.23280469  3.33166184 -1.35394937 -1.31448031 -1.16078643]
 [ 4.58353426 -1.54845675 -4.24814732  0.5640504  -0.39942552 -1.13509254]
 [-2.2720479   1.67919714 -0.94952382 -2.43070043 -1.75193083 -1.87552075]
 [-3.60628483  1.70176653 -0.24119602  4.8802703  -0.69350623  0.28045958]
 [ 0.61188411  3.96747426  1.29761723 -0.43830319 -2.55529947  2.35387605]
 [-2.61382732  4.05452098  0.63375477  1.55133175 -0.70641982  1.79957916]
 [-2.15647605  1.7144195   4.02515757  4.40267854  2.42310581 -2.27075676]
 [ 2.05565069  4.46465611  2.41432077 -3.35490932  1.0822965   0.94254157]
 [-1.68779291  0.59197326  1.308304    1.3318721  -0.84773194 -0.99934346]
 [ 3.90927406  0.97225755 -3.6704294  -4.11459732  1.45548772  2.88196634]
 [-3.6551794  -2.93655077  2.42562255 -4.92569485  2.88443821  3.1387487 ]
 [ 2.38144385 -4.97101724  2.13148073  1.31216817 -4.46330851 -1.89800335]
 [-1.66034532  0.10594555  3.0626815  -4.15017096 -3.61978391  0.48079668]
 [-4.83823984  2.38164463  3.30362396  4.93708887  4.00691694  1.64000016]
 [-4.23128175  2.83522837 -4.20673301 -1.52320296 -3.18344965  2.66627186]
 [-4.86287048  4.99634809 -4.79110453 -2.82741741  1.23353283  2.25936325]
 [ 2.11364003 -0.82714074  1.79909111 -0.91365301 -4.07513447  1.33534992]
 [ 1.98442633 -0.1028905  -3.80453744 -1.16509384 -3.83962552  4.37465616]
 [ 2.21245097 -3.72729899  3.56832952  3.44919702  2.18406424  0.61910315]
 [ 2.73265132  3.82304542  0.15124886 -1.72011056 -1.80423917  0.68751557]
 [-3.2103776  -0.7130133  -4.80563052  3.71943153 -0.77816446 -4.35695587]
 [-1.35342829  1.73048236  1.28499803  4.97343547  0.92247882  3.69036142]
 [-1.37248447 -2.46808261  4.43578748  0.52973121  1.46107788  1.95330709]
 [-2.58568436  4.58694107  4.59608385  1.76058023  4.34667626 -0.54337786]
 [ 4.49188617  1.28637134  0.98987565  0.08187134  4.04219903 -2.27342914]
 [ 0.04056727 -3.06245431 -0.21691601  3.26400859 -0.92410453  2.05105005]
 [-0.90853323 -2.99911642  3.09220562 -0.57392608 -2.2949488  -1.214162  ]
 [-1.17401437 -0.06499326  2.3351849   3.5502819  -3.94234694  2.99710023]]
