[[ 0.92451861 -0.60981484 -1.12596163  4.5989836   2.10355263  2.25196852]
 [ 3.75891767  3.98585705 -0.96401184  0.07155647 -1.64125753  2.16688456]
 [-3.91616928  1.75000932  0.48231645 -4.25521036  3.0355991   3.92575681]
 [-2.18310296 -3.26724049 -3.67465832  2.09840941  1.33347388 -2.94808504]
 [ 2.38202729  3.13131406  3.09665139  4.82408148  2.10395462  4.05419684]
 [ 3.89231948 -0.69227568  3.10676423  2.19497538 -0.87413338 -0.67960589]
 [-2.49085624  4.86383733  2.61284272  1.16213246 -3.99189051 -1.77339447]
 [-0.34958346 -4.4587578  -1.55698791 -3.28945141 -1.34592949 -0.38843965]
 [ 3.4858135   0.35889066  0.87161451 -0.56563557  1.17804377 -3.68068501]
 [-2.86360311 -0.11915228 -2.34513245  4.04815465  3.42924134  1.61746457]
 [-1.25300022 -1.52843148 -3.4570329   2.06334376 -2.51629562  1.10781078]
 [-1.54626921  0.46467185  0.15147488  1.20627896 -2.8744173  -4.68788481]
 [ 3.55568176 -2.55609817  1.25108947 -3.43037653 -2.59319093  0.39190411]
 [-3.16324304 -2.93000243  1.14488383  0.76826665 -3.94658849  4.77139299]
 [-1.07699547  3.21648305 -4.60714394 -2.47105007 -1.68545911 -0.32382335]
 [-2.56904375  2.12492917  3.2634031   1.06026569  2.03693742  3.94228948]
 [-0.55300389  0.06074902 -4.18999402  1.77392642  2.50754796  1.0835447 ]
 [ 3.45645481 -1.25193407 -0.8505368  -3.29359362 -1.78941113  0.33885119]
 [ 2.81616761 -1.10636175 -2.98228913  1.58397329 -0.76266086 -1.40120009]
 [-2.69204924  3.58419561 -0.30210364 -3.12632248 -1.10584584  2.15556544]]
