[[1.00000000e+000 1.14902543e-088 3.70697492e-094 ... 5.04093420e-101
  7.55561676e-067 1.00000000e+000]
 [1.14902543e-088 1.00000000e+000 7.27277471e-021 ... 4.44604699e-003
  1.63987984e-014 1.00000000e+000]
 [3.70697492e-094 7.27277471e-021 1.00000000e+000 ... 2.20755070e-022
  2.04653899e-032 1.00000000e+000]
 ...
 [5.04093420e-101 4.44604699e-003 2.20755070e-022 ... 1.00000000e+000
  1.28301818e-017 1.00000000e+000]
 [7.55561676e-067 1.63987984e-014 2.04653899e-032 ... 1.28301818e-017
  1.00000000e+000 1.00000000e+000]
 [1.00000000e+000 1.00000000e+000 1.00000000e+000 ... 1.00000000e+000
  1.00000000e+000 0.00000000e+000]]
