[[-4.70846476  3.62847629 -4.83272687 -3.33758672 -2.8275226   4.31167378]
 [ 2.26327174 -2.2119666   4.80328285  3.09045635 -0.62067363 -3.44263104]
 [ 3.09948708  4.15112678 -0.57156273 -0.62210993  2.75408087  3.14221525]
 [ 3.58933764 -3.0246399  -3.33732999  2.80586799 -0.38986432  2.8209763 ]
 [-0.15419415 -1.36029443 -1.01154725 -3.13447351 -3.80375255  2.64248359]
 [ 0.28648502  1.5378114  -3.40000288 -1.29814503  3.03212946 -4.15865735]
 [-0.27162048  0.54721837 -0.66798455  1.59107663 -3.70364351  3.19006098]
 [ 2.77202021  1.50597027 -3.51404178  1.24867216  3.26157565  1.39289892]
 [-1.80389743 -3.98604052 -1.3609365  -1.45482195  1.08447704  2.98312173]
 [ 1.02603268 -0.9955749   0.24623524 -2.46447438 -4.2637212  -3.65951424]
 [-0.52466954 -2.45506138  0.50750033 -4.09859449 -4.92068805  1.07704535]
 [-1.69923678  2.83042709  1.13426544 -3.49232801 -1.26879879 -1.41082416]
 [-1.66900738  3.90266211 -0.33939312 -2.99115402  2.57908832 -4.96613579]
 [ 4.58198051 -2.96756675  1.84375322 -0.13881642  3.79205736 -0.35065835]
 [-2.61281051  2.55057974 -2.0008766   3.90652823 -2.86030862  4.13994416]
 [-4.17621475  3.91453656  2.13620984 -1.6126737   0.74000253  1.85696049]
 [ 0.91913283 -3.40990041 -0.00771442 -1.806341    1.66186292 -0.91535178]
 [ 3.61047303 -0.92486612 -2.81174109  2.62946068 -3.92987959  4.21672529]
 [-3.1369044  -1.51893637 -1.8423616   2.65580359 -2.49067134  4.79848282]
 [ 3.89162142 -1.61866437 -4.42532706  1.80583409 -2.92696994 -1.9113596 ]
 [ 2.66893275  3.87121441  0.66751583 -4.14909498  2.42290356 -4.23686137]
 [-3.90938475  3.36499312  1.85687444 -4.56758567  0.53588253 -3.380955  ]
 [-4.02905521  1.00127618 -4.59410932 -2.31943771  4.72584189  4.25051329]]
