[[-5.83460597e-01 -4.55782806e+00 -4.26989640e+00  9.62329862e-01
  -4.77630097e+00  2.22645774e+00]
 [-3.66866945e-01 -4.81498371e+00 -1.42986175e+00  1.57664773e+00
   2.03848359e+00 -2.15510172e+00]
 [-7.59856761e-01 -2.34206631e-01 -3.15539044e+00 -4.60790939e+00
  -1.93718030e-02  3.05743283e+00]
 [ 8.77663917e-01 -8.51258511e-01 -4.63878848e+00  3.42545597e+00
   4.90300798e+00  2.42457438e+00]
 [-4.54605107e+00  8.42352590e-01 -3.27237955e+00  1.91196972e+00
   1.88302273e+00  1.17700920e+00]
 [-1.86838062e+00 -1.97963410e+00 -4.16278571e+00  2.55951691e+00
   5.18930690e-01 -3.35069563e+00]
 [-9.02558289e-01  4.66599724e+00 -4.20818117e+00  6.34352407e-01
  -2.64041185e+00  3.92358063e+00]
 [ 3.67896105e+00  3.28423881e+00 -1.03142612e+00 -4.76304349e+00
  -4.03942508e+00 -2.19156558e+00]
 [ 2.40685130e+00 -3.15942886e+00 -3.53926771e-01  2.03238353e+00
  -3.72240348e+00 -2.76616413e+00]
 [ 2.80127372e+00 -1.53370072e+00  4.49488610e+00  4.78799434e+00
  -2.59819209e+00  4.31070155e+00]
 [-7.59501324e-01  2.11420643e+00 -1.18473228e-03  4.05437340e+00
   3.33919150e+00  3.22492255e+00]
 [ 6.49022846e-01  4.49737903e-01 -4.99805911e+00  4.64784135e-01
  -3.05521820e+00 -1.59321559e+00]
 [ 1.86427565e+00  9.22903178e-01  4.58916925e+00  2.59076116e+00
  -4.86200805e+00  1.15052158e+00]
 [-3.47169108e-02 -4.04967579e+00 -4.44391323e+00  1.60961081e+00
  -3.45801294e+00 -1.59143079e+00]
 [-2.41294006e-01  2.69768320e+00  2.90815240e+00  1.96384004e+00
   3.62157884e+00  1.92462826e+00]
 [ 3.17693501e+00  2.73764824e+00  2.02651973e+00 -3.42426151e+00
   5.85851068e-01  2.49301411e+00]
 [-3.66540785e+00  3.64413841e-01  3.85435653e+00  9.82843893e-01
   4.34941006e+00  1.20082946e+00]
 [ 1.85003265e+00  3.49504027e+00 -3.22180055e+00  4.22249805e+00
   5.62619465e-01  2.61135868e+00]
 [ 1.82422168e+00 -1.48351111e+00 -1.88208602e+00 -4.48115553e+00
  -4.95569259e+00  1.02327793e+00]
 [ 3.30485735e+00 -4.66758784e+00  1.46750528e+00  8.91903990e-01
   3.84455317e+00  3.99777796e-01]]
