[[ 3.68245268e+00 -1.49116246e+00  6.33521235e-01 -4.63645554e+00
  -4.98551048e-01 -1.03498118e-01]
 [-1.29784602e+00  4.42594210e+00 -4.16353172e-01 -2.18527867e+00
   3.79273973e+00  4.50505916e+00]
 [ 2.22848029e-01  4.67835925e+00  3.72329620e-01 -4.29928106e+00
   1.10848109e+00  8.91659795e-01]
 [ 1.12209497e+00 -1.16195911e+00 -4.44345110e+00 -3.21026732e+00
   2.37352168e+00  3.03138646e+00]
 [-3.28977475e+00  1.68690254e+00  2.89251172e+00  1.05516614e+00
   1.38290487e+00  3.80681893e+00]
 [ 4.57867056e+00  8.18232822e-01 -3.74140034e+00 -4.16517425e+00
  -3.99795150e+00  3.19209040e+00]
 [ 2.49332735e+00  4.33418716e+00  1.51149082e+00  2.85434545e+00
  -1.03425937e+00  1.57620988e+00]
 [-4.05866659e+00 -4.93003077e+00 -3.40244944e+00 -1.11302106e+00
  -3.59387231e+00  4.24446701e-01]
 [ 2.61749045e+00 -2.41731541e+00 -1.14838889e+00  1.09148218e+00
  -9.10825357e-01 -5.76403322e-01]
 [ 2.71356408e-02 -4.43891993e+00  1.21471877e+00 -2.42244091e+00
   2.59120879e+00  4.58141065e+00]
 [-8.74936468e-01  2.02877281e+00  4.71903366e+00  1.40181319e+00
   5.40161033e-01 -2.83359689e+00]
 [ 4.17207163e+00 -2.03853196e+00  7.75181288e-01  2.36598662e+00
  -2.41302434e+00 -2.53831209e+00]
 [-4.72814407e+00 -1.87131815e+00 -4.20556948e+00 -1.80306976e+00
  -4.11091118e+00  4.43246654e+00]
 [-2.41247309e+00 -2.38935662e+00 -2.99231740e+00  4.62159798e+00
  -4.61173016e+00 -5.28038587e-01]
 [-9.96686073e-01 -8.61739755e-01 -4.95601407e+00  1.16386125e+00
   7.41419346e-02 -4.92099957e+00]
 [ 2.04580043e+00  8.70167476e-02  6.24975294e-01  1.46297881e+00
   2.62373650e+00 -1.97990146e+00]
 [-7.44990013e-01  2.19869034e+00 -3.65610826e+00  6.09082415e-02
  -3.39352180e+00  3.17696825e+00]
 [ 1.12134315e+00  2.35116780e+00 -7.37037994e-01  1.01714852e+00
   1.73895363e+00  1.27922157e+00]
 [-1.96833883e+00 -4.62981129e+00  3.57031788e+00  2.70683069e+00
  -3.98909299e+00 -4.43956712e+00]
 [-1.28564431e+00 -2.38617853e+00 -1.87383188e+00  2.85389627e-01
  -3.32792287e+00 -4.28658038e+00]
 [ 4.62481982e+00 -1.28291986e+00  3.55665467e+00 -1.24408558e+00
   4.08811186e+00 -2.76232600e-02]
 [ 2.86954411e+00 -4.77453018e-01 -4.61483140e+00 -2.54454437e+00
   3.00923417e+00  4.07248050e+00]
 [-3.81240796e+00  2.80963792e+00  2.12232140e+00  4.95101506e+00
   2.89067729e+00 -2.44054971e+00]
 [-2.02486886e+00  1.60008587e-01  2.01052333e+00  1.36035939e+00
  -2.35859801e+00  6.44219510e-01]
 [-3.02691132e+00 -3.95328180e+00 -4.11135843e+00 -2.93928712e+00
   3.90650444e+00  2.18979909e+00]
 [ 3.12873960e+00 -2.76569920e+00 -2.31893144e+00  2.56877457e+00
   4.68872723e+00  2.18171207e+00]
 [-3.94596927e+00 -1.06801557e+00 -8.41197797e-01 -3.00995869e+00
  -4.59658553e+00 -4.77833197e+00]
 [ 4.88886462e+00 -3.24580732e+00 -1.36770888e+00  3.39133777e+00
  -1.24864386e+00  4.34153317e+00]
 [-4.07627636e+00 -1.94620529e+00 -1.79044106e+00 -1.66770705e+00
  -2.83917009e+00  1.95949162e+00]
 [-2.75138338e+00 -1.49538683e+00 -1.09544019e+00 -8.89609241e-01
   8.42984523e-01  7.20894650e-01]
 [ 2.79200305e-01  4.88008634e+00 -1.26391631e+00 -4.70135418e+00
  -2.25891371e+00 -4.60487162e+00]
 [-3.44272417e+00  3.18181908e+00 -1.82083322e+00 -4.22249480e+00
   1.00966492e-01  2.04404330e+00]
 [ 1.14368166e+00  1.25392132e+00  4.44777449e+00  1.76614098e+00
   1.52062961e+00  2.16014051e+00]
 [ 9.07254108e-01  4.26227792e+00  2.90903798e+00  8.17440659e-01
  -1.85159144e+00  3.25958244e+00]
 [-2.90051602e+00  4.91819979e-01  2.50262073e+00  4.01688027e+00
  -3.34393897e+00  1.49170608e+00]
 [-4.11824620e-01  2.86954944e+00  5.85476675e-01 -2.70188122e+00
  -3.14267701e+00  3.18031062e+00]
 [ 1.91720482e-01  4.83175635e+00  5.32339110e-02  2.42953963e+00
  -3.49180270e+00 -4.30130711e+00]
 [ 1.01026129e+00 -4.91909218e+00 -2.66312497e+00  2.75981243e+00
   3.60126434e+00 -4.34667223e+00]
 [-2.58049614e+00  3.19090194e+00 -4.06445056e+00  1.83901926e+00
   4.87655220e+00  3.67099307e-01]
 [-4.40820652e+00 -4.05682097e+00  1.02298008e+00 -1.75444466e+00
   2.10571743e+00 -4.43663099e+00]
 [-3.49458677e+00 -3.79594450e+00  7.62584596e-01 -4.76730763e+00
   2.32173152e+00 -4.66846667e+00]
 [ 1.26359181e+00 -4.15707817e+00 -8.18308023e-01 -1.19536218e+00
  -6.82136877e-01 -3.79422754e+00]
 [-2.64526915e+00 -1.56312202e+00 -9.03254218e-01  4.89129894e+00
  -2.09188956e+00 -3.10676290e+00]
 [-3.21758859e+00 -4.82544456e+00 -2.10810748e+00 -4.99725767e+00
   1.39003105e+00  2.50490034e+00]
 [ 1.77695347e+00 -1.18539028e-01 -6.70906431e-01 -1.02130890e+00
  -1.67520245e+00  3.40756594e+00]
 [ 3.24938183e+00 -1.67463942e+00  1.12509479e+00 -7.09354281e-01
   2.33693663e+00  1.94348132e+00]
 [ 2.69586720e+00 -4.34400280e+00 -3.12519876e+00  2.72913690e+00
  -1.31732182e+00  7.78870024e-01]
 [-2.58897685e+00  3.77229419e+00 -3.23153012e+00  8.44907823e-01
  -4.31700944e+00  7.44163703e-01]
 [ 2.93396554e+00 -3.99695247e-01  1.10591183e+00 -2.67685982e+00
   3.44682644e+00 -1.23626160e+00]
 [-8.29545566e-01  3.37389972e-01  3.93003322e+00  3.25750475e+00
  -4.37494438e+00  3.68087232e+00]
 [ 2.64771196e-01  2.90228397e+00  6.43634665e-01  3.06698539e+00
   1.49185725e+00 -2.78279118e+00]
 [-2.59888496e+00 -1.05682213e-02 -2.00062298e+00  3.54426812e+00
  -5.62443867e-01 -2.43842152e-03]
 [ 1.42200983e+00  2.38125437e+00  7.22908770e-01 -3.28504924e+00
   4.49347966e+00 -2.70182741e+00]
 [-4.45525887e+00  3.72100765e+00  1.42730522e-01  1.30517097e+00
   2.38264289e+00  1.12751016e+00]
 [-1.16004542e-01 -2.03530827e+00  3.46468449e+00  1.27575036e+00
  -3.33579906e+00 -3.97491513e+00]
 [ 2.41009994e+00 -2.43005289e+00 -4.27282207e+00 -1.45596894e-01
  -4.91637644e+00  3.62800974e+00]
 [ 3.28585631e+00 -2.17948726e+00  2.39818037e+00 -4.62854783e+00
  -4.10529120e-01 -3.27003360e+00]
 [ 4.45285996e+00  4.56661722e+00 -1.52913273e+00 -4.23135962e+00
  -1.85686687e+00 -3.63592997e+00]
 [-2.11289308e+00  8.04188503e-01  1.45556978e+00  4.53134014e+00
   9.91945620e-01  3.34465986e+00]
 [-7.06427720e-01 -2.92552540e+00  3.32784601e-01 -3.63140287e+00
   4.99361641e+00  3.36604584e+00]
 [-3.49211234e+00  2.92599107e+00  2.64328765e+00  4.07530119e+00
   1.48183644e+00 -2.27995203e+00]
 [-4.80351962e+00  2.51615299e+00  3.65245554e+00 -1.57701720e+00
   4.62456768e+00  4.13764759e+00]
 [ 1.86506775e+00 -2.08188446e+00 -3.17051202e+00  3.15011782e+00
  -3.90232180e+00 -4.64083334e+00]
 [-3.75717734e+00 -1.96243906e+00  3.23076029e+00 -5.88597002e-01
  -4.09639289e-01  8.83836566e-01]
 [ 4.89721882e+00 -4.24694519e+00 -2.02334373e+00 -3.38007493e+00
  -4.25151294e+00  2.04395222e+00]
 [-3.84055713e+00  1.26416438e-01 -1.80848314e+00  1.36443246e+00
  -7.98199009e-01 -2.63218458e+00]
 [ 4.48228781e+00  2.83012580e-01 -4.31565527e+00  2.32556284e+00
   2.37164336e+00 -2.65001665e+00]
 [ 3.30513548e+00 -2.19055107e+00  1.27245483e+00 -3.00379126e+00
  -4.09945960e+00  4.76312667e-01]
 [ 8.90534756e-01  2.69958005e+00 -1.68322736e+00  3.49370870e+00
  -6.83776337e-02 -1.89479034e+00]
 [-1.85960719e+00  4.82147616e+00 -2.01834779e+00 -3.08392282e+00
   1.96057328e-01 -3.45508082e+00]
 [ 2.68547254e+00 -4.90436864e+00 -2.27903851e+00  4.96873647e+00
   3.12195972e+00 -4.11394902e+00]
 [-7.93482059e-01  4.07070748e+00  4.36729538e+00  8.39669377e-01
  -3.62972686e+00  3.75354557e+00]
 [ 4.29263167e+00 -1.68361797e+00 -1.94183030e+00 -4.10196700e+00
   2.93971120e+00  4.24326346e+00]
 [-3.18846181e+00 -2.31297718e+00  5.60759549e-01 -6.41569038e-01
  -4.62776061e+00  3.72097924e+00]
 [-1.89183896e+00  2.33705355e+00 -2.99466882e+00 -2.86164968e+00
   3.78311926e+00  9.56640391e-02]
 [ 3.38402142e+00  4.99552407e+00 -4.14907146e+00 -4.87879311e+00
  -2.10418606e+00 -4.15745607e+00]
 [-8.22012864e-01  2.35124467e+00 -4.80717737e+00  4.95718700e+00
  -2.79408451e+00  4.58605566e+00]
 [-1.95318985e+00  4.98793513e+00 -2.35385845e+00 -4.33071800e-01
  -2.96086117e+00  1.54724934e+00]
 [-4.18752640e+00  4.79380280e+00  4.02197689e+00  3.77386574e+00
   2.09619590e+00 -6.33373749e-01]
 [-4.45042035e+00  3.64568998e+00 -6.49241088e-02  4.02150802e+00
  -3.82192914e+00  4.56467231e+00]]
