[[ 1.88086961 -3.86099282  1.05868676 -0.34615981 -4.77418496  4.52788304]
 [-1.60659626  1.55956501  3.58847145  4.81038018 -3.46062516 -3.2432734 ]
 [ 0.069093    3.43675432 -4.12496794 -3.57016413 -2.70715661 -2.42518411]
 [-0.23792049 -1.5966811   1.8973009   1.55327682 -1.36249109  1.46293264]
 [ 2.34184367 -4.10004005 -3.29777781 -1.59550695  3.9000598  -1.33247177]
 [-0.70510996  2.42509829 -3.55039724  2.39322314 -0.98311437 -1.46321591]
 [-2.24527051 -3.16816436 -4.65061999 -1.00657535 -4.18586467  0.78110989]
 [-2.24424785 -3.18822933  4.62362593  0.84155879  3.55857337 -3.06618606]
 [ 2.37212144  4.47290992 -2.6929997   3.87494517  2.53823733  1.0752633 ]
 [ 2.46388756 -3.87173446  3.79677896 -1.13220347  2.7086699   0.14401745]
 [-0.58762942 -4.6619188   0.832487    2.9676997  -1.31218818  0.67895651]
 [ 4.65908543 -4.43153657  1.1889253  -3.75974009 -2.25289423  2.20547758]
 [-4.73576693  1.52008058  3.15665312 -4.5588875   1.80110479 -2.13345106]
 [ 2.49379939  4.39580421  3.00332104 -1.51754379  0.44578304 -0.74823068]
 [ 4.21935307  1.23381608  2.25189596  1.22411374  1.84927293  0.36526596]
 [-2.58779328 -1.04282974 -2.73291398  1.24216039  2.32804898 -3.98273829]
 [-0.40903232 -1.6209552  -0.10818234 -1.45717071 -2.77955671  2.91846505]
 [ 4.21976683 -2.24323288  2.53921476  4.30316671  2.23989008 -3.28406837]
 [-0.26984854  2.20562787 -3.79438485 -4.16712667 -4.63617911  4.29488498]
 [ 3.23261242  3.49889444 -2.30218555  0.58947715 -2.5038388   1.7412084 ]]
