[[1.00000000e+000 3.56650266e-042 4.86259256e-052 7.72476157e-024
  2.13196953e-012 1.20127441e-035 5.05924672e-048 4.38814725e-052
  9.20826974e-058 3.28280735e-061 1.14555642e-044 1.38735438e-046
  1.62095924e-062 9.68143316e-049 7.15292457e-054 9.60144938e-062
  9.10681849e-027 9.40157840e-041 3.00708874e-030 5.62305505e-047
  1.00000000e+000]
 [3.56650266e-042 1.00000000e+000 9.09115810e-022 2.16878600e-068
  1.41159128e-030 6.99743944e-011 1.38590574e-025 3.32205296e-057
  4.13798511e-046 6.28811886e-072 9.51891415e-064 2.26433683e-060
  1.26929416e-032 3.70420147e-048 2.45582311e-090 2.36949682e-052
  6.23177869e-061 7.30964013e-041 2.60788644e-026 3.15753608e-050
  1.00000000e+000]
 [4.86259256e-052 9.09115810e-022 1.00000000e+000 4.27101886e-056
  3.83958276e-028 1.36966119e-037 5.38785400e-009 3.24688036e-061
  8.51969941e-010 9.36670404e-067 3.20372042e-041 3.70596658e-035
  7.33106515e-016 2.48947142e-034 1.24611088e-049 1.06379575e-026
  2.89251099e-042 4.64196285e-042 2.08113500e-049 3.46155900e-046
  1.00000000e+000]
 [7.72476157e-024 2.16878600e-068 4.27101886e-056 1.00000000e+000
  5.23222604e-043 1.40578080e-063 3.69114571e-049 4.05723330e-077
  6.03057670e-057 2.01437123e-036 2.13954740e-044 1.07005972e-014
  9.23339084e-078 3.89061448e-086 1.02239437e-027 1.24690339e-072
  2.36508852e-005 2.00216486e-034 1.42061184e-073 5.89043056e-054
  1.00000000e+000]
 [2.13196953e-012 1.41159128e-030 3.83958276e-028 5.23222604e-043
  1.00000000e+000 1.29515627e-031 4.37181377e-036 1.43207651e-061
  6.12386810e-027 1.88360001e-083 1.09028293e-052 1.18611673e-049
  7.36585536e-042 2.03981941e-032 8.97602508e-062 3.44054426e-053
  9.89290509e-042 2.42604002e-039 4.58859411e-033 1.52149410e-060
  1.00000000e+000]
 [1.20127441e-035 6.99743944e-011 1.36966119e-037 1.40578080e-063
  1.29515627e-031 1.00000000e+000 3.45699566e-049 9.34107699e-045
  6.11067244e-062 4.03476181e-056 4.29668681e-077 1.17482675e-074
  2.53909309e-032 2.94744869e-051 9.82460124e-103 1.02444486e-062
  2.20547316e-064 1.05173589e-022 2.27692319e-015 1.71985968e-056
  1.00000000e+000]
 [5.05924672e-048 1.38590574e-025 5.38785400e-009 3.69114571e-049
  4.37181377e-036 3.45699566e-049 1.00000000e+000 3.55128986e-062
  8.95866923e-023 1.90022292e-067 3.12002777e-020 1.10123625e-030
  2.72125929e-027 4.33877285e-034 2.45759268e-031 1.85189854e-021
  8.86545881e-033 1.20287580e-057 1.38768827e-051 9.80302651e-027
  1.00000000e+000]
 [4.38814725e-052 3.32205296e-057 3.24688036e-061 4.05723330e-077
  1.43207651e-061 9.34107699e-045 3.55128986e-062 1.00000000e+000
  1.16345896e-097 3.21404492e-034 6.78748475e-047 1.32624050e-093
  6.49036390e-038 2.37380054e-047 2.99825983e-088 2.32085385e-026
  5.22063412e-060 1.29835663e-075 7.20973639e-018 1.72100941e-025
  1.00000000e+000]
 [9.20826974e-058 4.13798511e-046 8.51969941e-010 6.03057670e-057
  6.12386810e-027 6.11067244e-062 8.95866923e-023 1.16345896e-097
  1.00000000e+000 5.00055024e-096 6.06167465e-057 9.17365272e-036
  5.83959249e-034 1.58043188e-045 4.43438674e-048 1.66796985e-049
  1.38669077e-048 2.01054527e-047 4.59107256e-079 1.09127046e-076
  1.00000000e+000]
 [3.28280735e-061 6.28811886e-072 9.36670404e-067 2.01437123e-036
  1.88360001e-083 4.03476181e-056 1.90022292e-067 3.21404492e-034
  5.00055024e-096 1.00000000e+000 1.47268140e-059 7.68949092e-049
  6.00758970e-062 3.10509961e-099 1.11496236e-067 5.18541937e-057
  5.12837836e-030 6.19365797e-047 4.89052122e-059 8.28252765e-043
  1.00000000e+000]
 [1.14555642e-044 9.51891415e-064 3.20372042e-041 2.13954740e-044
  1.09028293e-052 4.29668681e-077 3.12002777e-020 6.78748475e-047
  6.06167465e-057 1.47268140e-059 1.00000000e+000 1.12893346e-047
  2.14533136e-043 7.05518967e-032 1.52762873e-014 2.62633794e-015
  2.59226387e-027 4.79167450e-080 7.49820722e-053 9.78610453e-009
  1.00000000e+000]
 [1.38735438e-046 2.26433683e-060 3.70596658e-035 1.07005972e-014
  1.18611673e-049 1.17482675e-074 1.10123625e-030 1.32624050e-093
  9.17365272e-036 7.68949092e-049 1.12893346e-047 1.00000000e+000
  4.99330711e-074 1.15016469e-094 5.96401590e-029 2.19374180e-066
  1.63112377e-009 1.44250561e-049 1.56963225e-094 1.06911980e-062
  1.00000000e+000]
 [1.62095924e-062 1.26929416e-032 7.33106515e-016 9.23339084e-078
  7.36585536e-042 2.53909309e-032 2.72125929e-027 6.49036390e-038
  5.83959249e-034 6.00758970e-062 2.14533136e-043 4.99330711e-074
  1.00000000e+000 1.08534961e-017 1.63080308e-065 1.57914751e-017
  3.25864102e-064 2.87542037e-042 2.07965855e-030 1.04864173e-036
  1.00000000e+000]
 [9.68143316e-049 3.70420147e-048 2.48947142e-034 3.89061448e-086
  2.03981941e-032 2.94744869e-051 4.33877285e-034 2.37380054e-047
  1.58043188e-045 3.10509961e-099 7.05518967e-032 1.15016469e-094
  1.08534961e-017 1.00000000e+000 1.27706162e-059 7.53870055e-021
  5.35264958e-073 1.30911161e-069 1.02636482e-028 2.28567508e-034
  1.00000000e+000]
 [7.15292457e-054 2.45582311e-090 1.24611088e-049 1.02239437e-027
  8.97602508e-062 9.82460124e-103 2.45759268e-031 2.99825983e-088
  4.43438674e-048 1.11496236e-067 1.52762873e-014 5.96401590e-029
  1.63080308e-065 1.27706162e-059 1.00000000e+000 1.92007960e-042
  1.24012605e-018 4.73255083e-073 1.46431425e-093 8.39137251e-037
  1.00000000e+000]
 [9.60144938e-062 2.36949682e-052 1.06379575e-026 1.24690339e-072
  3.44054426e-053 1.02444486e-062 1.85189854e-021 2.32085385e-026
  1.66796985e-049 5.18541937e-057 2.62633794e-015 2.19374180e-066
  1.57914751e-017 7.53870055e-021 1.92007960e-042 1.00000000e+000
  1.50582542e-048 1.80655062e-079 4.05042468e-039 2.87137496e-014
  1.00000000e+000]
 [9.10681849e-027 6.23177869e-061 2.89251099e-042 2.36508852e-005
  9.89290509e-042 2.20547316e-064 8.86545881e-033 5.22063412e-060
  1.38669077e-048 5.12837836e-030 2.59226387e-027 1.63112377e-009
  3.25864102e-064 5.35264958e-073 1.24012605e-018 1.50582542e-048
  1.00000000e+000 2.58608838e-045 1.88436296e-066 1.15642266e-036
  1.00000000e+000]
 [9.40157840e-041 7.30964013e-041 4.64196285e-042 2.00216486e-034
  2.42604002e-039 1.05173589e-022 1.20287580e-057 1.29835663e-075
  2.01054527e-047 6.19365797e-047 4.79167450e-080 1.44250561e-049
  2.87542037e-042 1.30911161e-069 4.73255083e-073 1.80655062e-079
  2.58608838e-045 1.00000000e+000 5.09199140e-051 4.29061191e-074
  1.00000000e+000]
 [3.00708874e-030 2.60788644e-026 2.08113500e-049 1.42061184e-073
  4.58859411e-033 2.27692319e-015 1.38768827e-051 7.20973639e-018
  4.59107256e-079 4.89052122e-059 7.49820722e-053 1.56963225e-094
  2.07965855e-030 1.02636482e-028 1.46431425e-093 4.05042468e-039
  1.88436296e-066 5.09199140e-051 1.00000000e+000 1.97376573e-032
  1.00000000e+000]
 [5.62305505e-047 3.15753608e-050 3.46155900e-046 5.89043056e-054
  1.52149410e-060 1.71985968e-056 9.80302651e-027 1.72100941e-025
  1.09127046e-076 8.28252765e-043 9.78610453e-009 1.06911980e-062
  1.04864173e-036 2.28567508e-034 8.39137251e-037 2.87137496e-014
  1.15642266e-036 4.29061191e-074 1.97376573e-032 1.00000000e+000
  1.00000000e+000]
 [1.00000000e+000 1.00000000e+000 1.00000000e+000 1.00000000e+000
  1.00000000e+000 1.00000000e+000 1.00000000e+000 1.00000000e+000
  1.00000000e+000 1.00000000e+000 1.00000000e+000 1.00000000e+000
  1.00000000e+000 1.00000000e+000 1.00000000e+000 1.00000000e+000
  1.00000000e+000 1.00000000e+000 1.00000000e+000 1.00000000e+000
  0.00000000e+000]]
