[[ 0.31328688  0.62712498  0.73977237 -0.7857132   1.98970068 -2.2239293 ]
 [-3.73506772 -3.83065042  2.64632358 -0.90147562  0.16852964  1.81113639]
 [-1.05116257  4.31338814 -4.24217521  2.20215045  3.94915698  2.40024023]
 [ 4.2824608  -1.77546063 -0.72536615  4.43071106  4.4037958  -1.97108994]
 [-0.55466236 -3.00830127  4.74446349  4.85585841 -0.03425012 -2.12235577]
 [ 1.14039831  0.64758231 -2.28715536  4.47145384 -0.60223963  2.90297765]
 [ 4.50771929  1.09342    -2.08265011 -3.55332549 -2.3251615   0.71851032]
 [ 2.85956512 -0.53349312 -4.4140383   1.07095995  2.82006875 -2.67745046]
 [ 0.04174391 -3.8547401   2.65596432 -1.41299025  3.01798099  2.45881832]
 [ 1.91224018 -0.44169021 -3.26629959 -0.1585065  -0.48883845  2.04021593]
 [-3.52963603 -3.1530214  -4.36439115 -3.5964883   1.47645323  2.48799599]
 [-4.44126352  0.58138315 -0.81544134 -4.72322515 -1.97712753 -1.72073792]
 [-1.82426206  4.27231249 -1.86415607 -1.90712313  0.95180126 -4.17018291]
 [-3.31133988 -2.47422825 -3.34782416 -4.19096582  4.35830817 -3.33904799]
 [ 1.7321221   1.29487952  2.83262113 -1.68851322 -0.04899557  4.30557563]
 [-2.88680505  1.09958754  3.16643114 -4.24075246 -1.48416401  1.82669876]
 [ 3.85386833 -4.16697981 -4.95852007 -4.74221626 -4.76955834 -3.28996861]
 [-1.55426073  3.9745675   2.44654222  2.16043005  4.77771668  0.27770949]
 [-3.60849622 -0.05206038  0.30551873 -4.90502848  1.81054099  1.87726609]
 [ 4.08492803 -0.38998004 -3.3821585  -3.63944223  1.37727907  4.81085685]]
