[[ 0.94185778 -1.22908875 -1.8233226  -1.5362577   1.32146365 -2.48243132]
 [-1.6727873  -1.00542788  4.69405791  1.67629617 -1.68252642 -0.85484566]
 [-1.98646896 -1.29494777 -3.91042463  0.24940745 -0.173198   -0.97110889]
 [-3.86350887  4.90661391  3.16382308  4.9699133  -3.23468654 -3.31342456]
 [ 0.5990774  -1.21549815 -1.67295219  0.56052892  1.85141413  2.10221654]
 [ 2.54546368  4.76123754 -0.68969549  4.93260224 -4.02654095 -0.06382935]
 [-3.62777353 -4.09806367  1.3036554  -2.45735867  3.06290973 -2.40119723]
 [ 3.97943779 -3.36109458 -0.57608936  0.50262151 -4.89626619  0.85864041]
 [-3.09070487 -0.18746714  4.81327107  2.17310897  4.69253129  0.210336  ]
 [-3.18362317 -4.03218479 -3.11600367  4.62065935 -0.14523854  4.96638342]
 [-4.22820656 -2.29568812  4.94444378  3.4021683   3.96136937  3.12568096]
 [ 1.95855795  1.57152486 -1.64693298 -4.82481413  3.74154504 -0.68439934]
 [ 2.72815588  2.4363634  -0.49529957  2.30244282 -3.96209229  1.45647696]
 [ 4.82132172 -1.87233725  3.14289752  3.02136797  1.26945025  3.83047604]
 [ 4.02071898  3.72907781 -0.7564569  -3.20831071  2.17651106  2.78431765]
 [-3.46033008  3.94378052  2.63179269  3.45463364  3.06585369  3.8856744 ]
 [-0.57455256 -0.39697602  0.38962615 -0.95607052 -3.76344585 -4.80647289]
 [ 3.50648223  3.01240804 -0.88079318 -1.64804458  0.67612186  3.92532081]
 [ 1.82561442 -1.49622422  4.47811133  3.79875751  4.07453343 -1.28547359]
 [-1.79994992  3.60290198  0.91934892 -4.68943201 -3.32565748 -0.23811982]
 [-0.40826153 -1.80774164 -4.11055673 -1.15520267 -3.15094341 -3.23156299]
 [-3.96676376 -0.47244939 -1.04786202 -0.64238999 -1.31889603 -0.77490035]
 [-1.62874732 -4.23048395  2.77030244  0.7534291   3.41743395  1.57493205]
 [ 3.67164175  3.15906205  1.85510265  1.34203452 -1.62885018 -0.54791986]
 [ 3.48501779 -3.89048763  0.43813862  1.96585459 -2.89225412  0.64905348]
 [-3.70389298 -2.95408741 -1.24041687  3.99701085  1.7705986  -1.57510969]
 [ 1.39878121  2.87719622  3.71768823  0.6140987   3.3271542   0.40985238]
 [-0.74538151  2.82407337 -1.83345612 -3.60774138 -3.50389999 -1.55238689]
 [ 3.26484863  2.69962957  2.33951392  2.99160246  3.54592871  2.02864509]
 [-0.46730123 -1.10012314  0.72746606 -0.29104209 -0.29314292  0.81077047]]
