[[ 0.88482607 -3.55235825  1.15234363  3.84870624  0.55798113  4.72714348]
 [ 0.53629552 -0.44937526  1.93146792 -0.52305444  4.71685403 -3.88602479]
 [ 2.24784294 -1.79755372  4.49990911  2.22516861 -3.8167644   2.54213362]
 [ 0.84639485  2.9808149   4.90865265  1.94913117 -2.43083251 -1.08877901]
 [ 2.38020608 -1.07696149  4.11783654 -0.26230199  1.71887442  3.76326822]
 [ 0.04417458 -1.82586231 -4.40982205  3.44672345  1.38413809  1.10071294]
 [-1.65544618  2.6732167  -2.74756212  1.30238422 -0.51648801  3.5169545 ]
 [ 3.07732004  3.28597275 -0.27027847 -2.32834874  0.94976908  0.20613184]
 [ 2.68859584  2.50574411 -2.87385399 -4.00033354 -3.42268533  2.9501758 ]
 [ 1.22793656  0.22470273  4.7959016  -2.05619514  4.00595844  3.81311926]
 [-4.9602888  -0.0791509   3.24832111  2.81188281  2.63680386  1.31114179]
 [-1.9383355  -3.52113795  1.84995481  2.99897238  3.37261539 -0.15048175]
 [-2.17138117 -4.62308175  0.45434214 -4.68782729  2.34919406 -4.95317101]
 [ 4.4371128  -1.26246995 -2.46151311  4.13679613 -3.70307654  1.12236625]
 [-0.37850395 -1.4104988  -3.64378523 -0.62577633 -4.31007335 -0.94169544]
 [ 4.66323043 -4.97163607  2.52766962  2.67276181  3.26689374 -1.95943472]
 [ 3.5007003  -4.0361913  -0.74324327  3.57592367  2.67175465 -1.73196547]
 [ 4.2382971  -3.08261867  3.85305915 -1.65687346 -0.19983365 -2.16995997]
 [-4.3539179  -2.92245623 -3.9837709   2.11265933  4.52516221 -3.34874639]
 [-4.5751251  -2.46526535  4.16502062  3.4219749   4.84045492 -4.38673692]]
