[[ 2.41165405 -2.13369724 -3.27952878 -0.47741642  2.16252213  4.90612404]
 [-1.3355869  -3.84465222  4.23638985  2.76406047 -2.58292015  2.58460808]
 [-2.21287031 -3.45419051 -1.17396771 -3.00416305  2.22522739 -0.42678167]
 [-0.95459919  3.94407275 -3.20745757 -2.37792027 -3.03709526  2.87400601]
 [ 4.65093652 -0.81456911  3.84268606  2.09149097 -4.18350767  4.2100601 ]
 [ 0.47521582  3.17321795  0.51273278  0.6357916  -3.9482162   4.48957456]
 [-2.88135031  2.68556782  3.57485608  1.91431744 -4.31756855  0.16010512]
 [ 1.96157833 -0.50811615  4.01062797 -4.91839755 -2.69604348  2.99536377]
 [ 2.0338559   3.78012955  0.48040139  1.53034888  4.18412568 -2.39435337]
 [ 4.6140755  -3.8928349  -3.36247121  0.52271959 -1.60400377 -1.72031903]
 [-3.59053909  4.18519291  2.22669113  3.93109999  1.28697318  0.13278305]
 [-2.21446678  0.07060374 -1.37254525 -2.68310948  2.47438209 -2.17918696]
 [-2.45757795 -0.14845898 -4.59944688 -2.67312632  3.28716548  1.20075253]
 [-2.00985166  1.69403372  2.22359099  0.58075421  0.38003128 -3.71645178]
 [ 0.04493922  3.45263818  1.07622291 -0.94278612  2.35335276 -1.70658957]
 [ 3.01587029 -3.75752756 -2.48673177  2.78183103  3.20563555 -1.47825503]
 [ 1.51822433 -2.30382957 -1.66550188  3.44205518  4.96808729  0.06860395]
 [-2.27641483  3.17370057  1.6846053   3.70635442 -1.2343495   0.31406439]
 [ 3.61037046  4.10738056 -1.49501612  0.32035986  1.60886982  2.14545317]
 [-4.37272638 -3.380902   -4.29268332 -2.33847996 -4.46445999 -4.64818679]]
