[[ 0.49206654 -4.59966581  1.75351296 -4.50866144 -2.48756455  2.06202674]
 [ 3.93125042  1.10455452 -2.32117439  3.79850227  1.889385    3.56976634]
 [-0.73969574 -1.7588266   0.81690162  3.08035963  3.06597463  4.28808332]
 [-4.20782332 -3.03617684  3.45041611 -2.62777094  4.71103872 -4.98833908]
 [ 2.49798314  2.31962754  3.76495327  0.68298003 -1.28480397 -2.61134011]
 [-4.09722069 -4.29823847 -3.82663698 -3.76097505 -4.40213471 -3.07670651]
 [ 4.80431966  3.3769464   4.92434297 -1.54010746  0.62131014  0.83838148]
 [-2.13800832  2.49177463  2.29790412  4.85451423  3.62183646  4.95065145]
 [ 0.73556597 -3.02177672  0.72396516  4.08883665 -1.44645585 -1.26150712]
 [ 4.92644163  2.94943707 -2.78285363  3.18604228 -3.22232609  0.42778705]
 [ 1.30533436  2.79346981  1.76210006  4.60877432  2.6607268  -3.32537778]
 [ 4.97140086 -4.30301197  2.54100533  0.9657988  -2.74405967 -2.04326386]
 [ 2.82638354 -3.43461375 -0.47422822 -3.76555577 -4.03859604  0.33295096]
 [-4.03170704 -2.85520791 -4.68349573  0.72968711 -1.55128419  1.42446589]
 [-1.37741203  0.26934853  2.59860545 -0.62490711 -3.70998511  2.8520563 ]
 [-1.49480414  1.14950332  1.28843301 -4.46222565  1.4850772  -3.77870071]
 [-1.22989176 -1.50108717 -4.10981665 -0.94906753 -1.89807061  1.82085631]
 [-1.42815895 -1.49518141  2.555713    2.37452853  0.56761342 -4.77582933]
 [-3.94090796 -3.4049362  -0.34169267  2.2935492  -3.75726444 -3.10333509]
 [-0.67377545  0.8414411  -4.92325462  2.08684032 -2.96412432  3.6493536 ]]
