[[-3.39663732 -2.52599469 -2.78046335 -0.07209957 -4.21473471 -1.0765468 ]
 [-2.29836496  4.68255283 -4.32378783  1.8024224  -0.01324688  3.6816448 ]
 [ 3.28919936 -1.4450044  -0.31695856 -4.16315803 -3.3524223  -4.40275105]
 [ 4.02539211  1.390216   -1.18537347  4.31818664 -4.62770515 -0.21032852]
 [ 3.4480485   2.68860886  4.84220314 -1.22958953 -2.43740391  0.86608926]
 [-4.42715204 -3.98276825 -0.08426722  1.59907063 -0.93525885  4.05936057]
 [ 3.14360365  4.35144947 -2.74962848 -0.29004474  3.26276711 -3.50012378]
 [-3.86490624 -2.29129279 -0.21295325  4.77491612 -3.45495029  0.67043596]
 [-4.64714753  3.87988191 -3.20192468 -2.96211958  1.38950655  0.13233718]
 [-3.68946128  0.31125936  2.12830385 -4.55412791  1.71716286  2.24814789]
 [-1.13595419 -0.6286076  -1.94867512  0.68196566 -3.16554552  4.4652085 ]
 [-2.05669332  2.05007159  4.55696229 -0.55129422  4.75470057  1.85687849]
 [ 1.7002588  -0.95918399  0.12605836 -4.96603005 -1.18925771  1.54573812]
 [-4.75230874 -1.79001669  1.20472462 -1.11802832 -0.56924985 -1.91164662]
 [-2.75057527 -4.4500442   3.52874264 -1.29977842  3.02836009  0.83254332]
 [-1.55845871 -2.33178409  4.99723034  0.10452217  0.34019266 -4.4518941 ]
 [ 4.88494259 -2.01333046 -1.54463421 -2.1681693   1.89389946  3.33232922]
 [-2.31870316 -2.74986393 -4.57295005 -1.74285212  0.83329276  3.93506194]
 [-3.45496493 -1.31773281  1.08456985 -0.18777013  4.36116591 -4.71250676]
 [ 4.72123775  3.41633731 -2.35323143  3.53819721  1.26801079  2.87790359]
 [ 3.42148245 -4.23206453 -1.3024926   0.25816166 -2.65617663  4.34547931]
 [-0.23858648 -4.67661602  2.84784848  2.30647259 -0.4170866   1.14091431]
 [-0.95263766  2.3931016  -0.4406902  -3.24961914  4.99694243 -1.69999054]
 [-1.67966874 -4.08651364 -2.27801019  0.51456473  0.26741554 -4.24177914]
 [-4.45209111  0.09184089 -2.43813116 -3.69813988 -3.26874867  3.02809963]
 [ 1.4973491  -2.54583923 -3.6070026   2.24235678  2.55296997  4.60643259]
 [ 4.93839698  0.47563399 -0.80396217  0.37695483  1.85109442 -1.50944257]
 [-1.02304768 -1.65782759  1.96970783  0.89882968  3.81276318  4.97387358]
 [ 1.96560821 -2.0823285  -2.95816399  4.13611733  3.19153777 -2.48451004]
 [ 4.13371875 -3.56096727 -4.09894753  0.76542358 -0.77730178 -0.09010593]
 [ 0.70919761 -4.64066275 -3.798382   -3.8298675  -2.0517025  -0.74395146]
 [-4.06878929  1.50046241  0.54808137  2.14399746 -1.73411968 -4.18049279]
 [ 1.19601635  2.09984683  0.79691145 -0.00551978  0.16559574  4.72970479]
 [ 2.32718654 -0.4052934   0.20711756 -0.48494267 -4.98351057  0.44558538]
 [ 2.98064981 -0.84854267  4.33567216 -1.96420492  2.84539437  3.6306304 ]
 [ 1.32858005 -0.01992348 -0.86212186 -2.60908049  0.9813108  -4.58513229]
 [-0.56289286  4.58977389  4.16592763 -0.73706658 -2.16266003 -3.91013951]
 [ 0.98292512  3.68138174 -1.11187523  3.13510028  4.78579518  0.96651318]
 [-3.10074387 -1.12516959 -4.99998715 -2.22325967  2.73067003 -3.14302718]
 [ 4.26140166 -4.8488134   0.69532733  2.63455606  2.52353195  2.55809798]
 [ 0.10128984  4.08533588 -0.67866514 -4.02484994 -4.72839272  1.74050245]
 [ 0.19085055  1.12102708 -2.98780504 -3.13290507  4.51706478  3.82160592]
 [ 1.7753088   3.49690965  4.52992714  2.80098526  0.92456019  2.04412109]
 [ 4.6150808  -3.04974497  1.00178075  3.55881238 -1.40292679 -2.85120551]
 [ 3.64149362  1.7576411  -4.77220364 -3.01984718 -4.07734516 -2.89923391]
 [-0.6354231   4.102174    1.91308157  2.00747675 -4.11139376  3.0940518 ]
 [-1.78580568 -4.12480008 -2.12717972  1.02434664  4.15924355  0.37102934]
 [ 1.98431407  0.21648326 -4.84305983  3.80523108 -2.24048124  3.20258629]
 [ 0.45758298  1.52073834 -0.61623222  4.77892431 -0.08369863 -0.91774567]
 [ 3.82400599  4.87658007 -1.04787015 -1.41294292 -1.78879267 -0.43685043]
 [ 1.60669834 -3.70619223  4.05151871 -2.501913   -2.87274208  2.71874163]
 [ 2.21884639 -3.45775304  1.84284364 -1.98350238  4.62518006 -1.53879162]
 [-3.30171394 -4.91906466  0.01918975 -3.3185573  -2.57463379  1.39885461]
 [-0.38720121  3.06234399  4.25520155 -4.24155682 -1.95842448  3.50919106]
 [-4.86671234  4.48467263  1.38704602  1.35263377  0.63606421  2.50606302]
 [ 0.87158633 -3.32630492 -3.37886616  3.20341171 -3.87079175 -0.52726286]
 [-4.95314359 -0.34604565 -1.81827389 -0.6689498   4.31874926  1.81310162]
 [-1.3219027  -2.78028505 -1.66637833 -4.82709924  2.91669481  0.52602392]
 [-3.93353111  2.87397606  2.65269874 -3.46925031  1.54603353 -3.61261058]
 [ 2.53172169  0.85515633 -4.33057421 -2.40039829 -1.5999646   2.1015625 ]
 [-2.99034358  1.26421661 -2.62649738  4.45900342  2.1974078   2.82320182]
 [ 0.76912046  2.60779632  0.45157434  1.1372816  -4.84053994 -3.81619142]
 [-2.18292424 -0.75174262  3.74371789  3.68658284 -1.07570995  4.20409055]
 [ 2.83890016 -0.55066176  2.58033725  4.06631774  3.87947047  1.47306077]
 [-0.1364521   4.92982414  0.86437784 -1.0532214   1.48354123  0.2700946 ]
 [-0.82797788 -3.82988135  1.60339761  1.67934227 -3.08810997 -3.35711284]
 [-2.89989922  1.66801095  4.72704672  3.41744655 -0.21632455 -0.69823384]
 [-4.18197259  2.79128698  1.41558915 -2.72514482 -3.66253911 -1.37816156]
 [-2.57833461 -0.102603    3.2717431  -0.95336865 -3.92254994  2.39818432]
 [-1.22283389  3.58436784  2.86722839  1.8691492   3.76206938 -3.74859835]
 [ 2.88128349  2.22046889  3.86637897 -2.76145792  2.06318497 -3.2879745 ]
 [ 2.45854114 -1.60559843  3.18013071  2.87266573  3.55274798 -4.07128689]
 [-0.47019721 -4.39088678  2.27530027 -4.69994747 -0.39321326 -2.98545649]
 [-2.85775279 -2.86546934  2.33677881  3.97651898  4.03964646 -1.22004874]
 [ 0.54412235  0.75562247  3.95695266  4.35138312 -4.53147973 -0.0100212 ]
 [ 2.15628563  0.51328195 -3.44007797  2.47651144 -1.0522383  -4.81064949]
 [ 3.98189736  2.49998408  0.30925469 -4.37829604  3.3309616   1.18228432]
 [ 0.04095274 -0.171485    3.56739895 -4.54617362 -4.36046325 -2.02317194]
 [-1.49511974  1.91528885 -3.92425645 -3.97227769 -2.40899801 -2.40209624]
 [-1.89663419  3.14314651 -3.6579107   1.23812942 -3.54747095 -1.01059976]
 [ 3.66817892 -1.18550378  3.40404123  2.71166143 -2.78522194  4.30835168]
 [ 2.64960382 -3.20792256 -4.20188472 -1.62173747  3.50686769 -2.1074353 ]
 [-2.46505278  3.79937832 -1.45790221 -3.63310627  0.45717506  4.78262604]
 [-3.63603637 -1.87314821 -3.26405482  4.5762712   1.12854046 -2.30196   ]
 [-4.24870776  3.2163642  -1.96966068  1.47767464  2.18985974 -2.5315061 ]
 [ 4.50641507 -3.13778882  3.02189331 -1.71180679 -0.64060634 -1.81122009]
 [ 1.12537719  0.71628783  2.47316196  4.90651498 -1.48727003 -4.98962488]
 [ 0.35536178  1.05074965 -4.54100627  0.4798746   2.37004859 -0.28351021]
 [ 4.42923669  4.24128045  1.71871783  3.06145376  0.61604687 -2.69226617]]
