[[-3.46987201  3.44916152  0.99476776 -2.56834015 -1.05516532  4.53506589]
 [ 4.06507847  3.42817639  4.98071654  0.36780059 -2.15744122 -4.22715992]
 [ 3.46236273  1.59377275  4.04370963 -1.11973506 -1.58688182  4.32143106]
 [ 2.25420302 -0.75512608  1.35978284  0.90884164 -2.05583164 -1.58210534]
 [-4.13454174 -0.69033229 -1.31435987 -3.55328484  1.18428584 -1.86979918]
 [ 1.34189517  2.24234661 -1.73597631  2.55392679 -3.56294203  1.39159504]
 [-0.15001558 -2.08368802  3.25618028  4.07494336 -1.82413812 -0.14334941]
 [-0.54615608 -0.96751637  2.10671311 -4.82626296 -1.8409393   0.18351926]
 [ 2.39904171  4.95111282  1.9713181  -4.35956333 -2.4339533  -0.39447531]
 [-1.97189574  3.51775447  1.92592451  3.75862974  1.80055612  0.23451183]
 [ 3.84909259  1.05285109 -1.07123686  4.66786223  1.85996927 -1.65599129]
 [-1.67238193  2.21089551  4.45159437 -2.86858236  4.01484149 -4.7371168 ]
 [-4.59361893  4.01756579 -2.61100077  1.6635189   4.58318454  3.40934342]
 [-2.56908967  2.85331124  1.69834229 -2.90107341  4.554284   -2.93028478]
 [-4.18031295 -0.85695277 -3.01906577 -3.38688335 -3.15906301 -3.15633073]
 [-3.56036633  3.47636891  1.94555661  2.90634428 -1.31907961 -0.20167763]
 [ 4.80062578  3.37182312 -0.42686075  4.92388081 -3.96687957 -2.44250151]
 [-0.79954602 -1.86367207 -2.1194926   1.07336791 -3.23877059 -3.65821976]
 [-2.70312726 -3.73427226  2.41967798  1.56513673 -0.02180124  2.77570809]
 [ 3.35906128  0.35490063 -2.66915792  4.17961719  0.34354795  1.74589041]]
