[[-1.64808406e+00 -1.92842769e+00 -4.92483170e+00  2.51940786e+00
  -1.45111170e+00 -4.07457415e+00]
 [ 8.72401530e-01  2.66818032e+00 -1.16144723e+00 -1.45618458e-01
   4.26971245e+00  4.23018657e+00]
 [-3.45646138e+00  2.42588680e+00 -4.51092743e+00 -4.25046557e+00
   1.43574810e+00  3.15109457e+00]
 [ 8.29933952e-01  4.17391690e+00 -4.85105984e+00 -3.61370597e+00
  -9.64790025e-01  3.22050731e+00]
 [ 7.95828341e-01  8.37386419e-01 -3.29214225e+00  5.90509328e-01
   4.78865494e+00 -2.13705376e+00]
 [ 2.71840840e+00  1.08092324e+00 -2.47252898e+00 -3.35346589e+00
  -1.60199494e+00 -4.68343217e+00]
 [ 3.50989279e+00  2.24674483e+00 -4.79349547e+00 -1.12022229e+00
  -1.10432353e+00 -2.66874006e-01]
 [ 4.95269574e+00  4.19799338e+00 -2.68467026e+00  2.64208814e+00
  -3.13533562e+00 -6.82460548e-01]
 [-1.47474802e-01 -3.77649727e+00  2.09583103e+00 -4.66678319e+00
  -4.18668368e+00 -6.94470667e-02]
 [ 7.36809985e-01  4.07962939e+00  4.78369900e+00 -2.30199429e+00
  -2.84800308e+00 -4.00649208e+00]
 [ 2.82970056e-01  1.00198387e+00  1.16616226e-01 -8.54720591e-01
  -3.42311175e+00 -3.18968969e+00]
 [-2.49573139e+00  3.06025098e-01 -1.10258404e+00  1.59001068e+00
  -4.09102191e+00 -4.01530584e+00]
 [ 1.38990794e+00  2.66896787e+00 -1.33766401e+00 -7.61181779e-01
   1.08781618e+00  2.90600402e+00]
 [ 2.41748390e+00  3.02094925e+00 -1.63236637e+00 -4.24744974e+00
  -3.78346112e+00  3.81431968e+00]
 [ 1.72967776e+00  2.74510974e+00 -2.87388390e+00  4.50434470e-01
  -1.56149884e+00 -1.57251702e+00]
 [-1.09948845e+00 -1.82724556e-01 -2.25080626e-01  2.86377443e+00
   2.44207912e+00 -4.31477631e+00]
 [ 4.17046361e+00  1.33925384e+00 -1.24932928e+00 -1.41892223e+00
   3.26103855e+00 -2.41764625e+00]
 [ 1.93801731e+00 -2.92478849e+00 -4.85902654e+00  5.08145795e-01
   4.43225852e+00 -4.33154820e+00]
 [-2.10763938e+00 -3.31190392e+00  1.03879722e+00 -6.62099149e-01
  -3.63283893e+00  1.14314959e+00]
 [ 4.69674093e+00 -3.71248079e+00  1.29539933e+00  2.61432725e+00
  -1.55788909e+00  2.56630166e-01]
 [-3.43457641e+00  3.77833654e+00  3.28662268e+00  1.12424398e+00
  -2.18686574e-01  5.52757248e-01]
 [-7.40820441e-01  2.97666279e+00  4.17203374e-01  3.86782921e+00
   4.32278885e+00 -3.70104514e+00]
 [-3.27439544e+00  3.84382703e+00  1.82940223e+00  7.81268264e-01
  -2.66215428e+00  4.44556041e+00]
 [-4.80511364e+00 -2.84330509e+00 -4.98454557e+00 -3.53610771e+00
   4.86581401e+00  4.96108004e+00]
 [-4.74812554e+00  3.66276077e+00  4.76906361e+00  1.84451049e+00
   5.19419199e-02  1.06508893e+00]
 [-3.22275131e+00  3.90060945e+00  3.80977890e+00  6.48784240e-01
   1.19130685e-01 -1.85817968e+00]
 [-7.69587056e-01  2.46199774e+00 -3.66571725e+00 -2.73609211e+00
   3.86737684e+00 -1.72773787e+00]
 [-8.68551098e-02  4.23291551e+00  5.68031247e-01 -2.35269755e+00
  -3.90954321e+00  4.80265895e+00]
 [ 7.61720137e-05 -4.15712029e+00  1.54789828e+00 -2.94958748e+00
   2.83092457e+00 -1.61073950e+00]
 [-1.74575408e+00 -4.41933664e+00 -1.89952800e+00 -3.48136232e+00
  -1.58365695e+00 -2.94081972e+00]
 [ 1.31165263e-01  3.58894454e-01 -2.90107507e+00 -1.33159427e+00
   2.23406531e+00  4.95391953e+00]
 [-4.54788835e+00 -2.96804239e+00 -3.99805387e+00  2.36261161e+00
  -3.84998797e+00 -1.77143618e+00]
 [ 4.36620807e+00 -4.57461754e+00 -1.28428385e+00 -2.26959122e+00
  -2.38344150e+00  3.85186184e+00]
 [ 1.01261139e+00 -1.59743288e+00  5.77740982e-01 -1.35402899e-01
   2.39734574e+00 -4.56086890e+00]
 [ 2.97828090e+00  1.31250165e+00  2.65552507e+00  1.97532296e+00
   1.78720540e+00 -4.00751152e+00]
 [ 2.32968995e+00 -2.50516701e+00 -2.84948874e+00  3.36402264e+00
  -4.31987128e+00 -2.69206626e+00]
 [ 1.85488945e+00 -6.39505420e-01  1.87468131e+00 -2.67080779e+00
  -3.01027005e+00  4.33573458e+00]
 [ 4.78275057e+00 -1.44349731e+00  3.96100016e-02  2.73793014e+00
  -4.93526818e+00 -2.07503409e+00]
 [-1.60518683e+00  4.49858254e+00  2.66507195e+00  3.75714753e+00
   4.73351576e+00  4.13402300e+00]
 [-3.07584587e+00  4.64732828e+00 -2.23686129e+00 -1.32102384e+00
  -4.45723904e+00 -1.63692245e+00]
 [-2.99024438e+00 -8.26632991e-01  2.40531454e+00 -9.62267278e-01
  -3.26168303e+00  2.26448245e+00]
 [ 9.82554275e-02 -4.66386292e+00  3.27741217e+00 -3.37773929e+00
   3.97833829e+00  1.31115122e+00]
 [ 5.15059782e-01 -2.70228826e-01  1.75941697e-01 -4.07207174e+00
   1.41648320e+00 -2.53757182e+00]
 [ 2.12680646e+00 -1.12291965e-02  2.13829920e+00  3.63864333e+00
  -4.70077461e+00 -4.10969735e+00]
 [ 4.28819689e+00 -4.94030606e+00 -3.15512421e+00  3.91041037e+00
   4.18639304e+00 -3.41813793e+00]
 [-2.24054088e+00 -3.26066704e+00  2.49772827e+00 -4.64555142e+00
  -2.63574465e+00 -3.32840799e+00]
 [ 2.82951962e+00  1.72959418e+00 -1.31308389e+00  3.07227576e+00
   2.47972194e+00 -3.83275023e+00]
 [-6.67003794e-01  3.58564186e+00 -2.64656532e+00  1.62682651e+00
  -3.58557604e+00  9.99615047e-01]
 [ 5.31539549e-01 -3.92612865e-01 -4.18469104e+00 -1.13527687e+00
   2.14768483e+00  2.55836739e+00]
 [ 2.32171973e+00 -4.63640860e+00  1.96846846e+00 -4.36306953e+00
  -3.52333773e+00  3.57623170e+00]
 [-2.85925176e+00  4.11839425e+00 -1.56934338e+00  3.79944299e+00
   4.43596830e+00 -2.06687634e+00]
 [ 1.17499572e+00  2.98918926e+00 -2.39035724e+00 -3.39945928e+00
  -3.74200786e+00 -1.99590731e-01]
 [-3.57126707e+00  1.33080430e+00 -1.63140530e+00  3.93081912e+00
  -3.83716109e+00 -4.93523203e-02]
 [ 6.82326998e-02  2.45219937e+00 -3.84790941e+00  1.03356744e+00
   1.77425354e+00 -4.15533171e+00]
 [-7.03052104e-01 -3.11294832e+00  5.29572103e-01 -2.20066764e+00
   3.36601343e+00 -2.83639975e+00]]
