[[ 0.06689344  1.26263781 -0.16477586 -4.79228349  3.85781237 -1.75237178]
 [-3.57530518  4.06230056  4.89792238 -4.89941315  4.22656053  4.54236646]
 [ 4.09968737  1.71142645 -2.14901978 -3.89004783  3.30150335  1.00056312]
 [ 0.64967056 -2.43592449 -4.95058709  4.02272315 -0.19469397  0.08884511]
 [ 2.56700241  0.13644849  4.56203722  4.86915381  4.87031754  2.9298965 ]
 [-0.07211304 -1.91175955  1.05303796  1.60420463 -3.15832404  0.26298634]
 [-0.64375909  1.63640076 -1.23514105 -2.40137856 -4.13329444  4.06044326]
 [ 0.46003604 -1.61148352  3.19330347 -4.01521982  4.87758571  4.03973028]
 [ 3.34933879 -4.14958736 -2.73459791 -1.04863681 -0.35171062 -1.86281826]
 [ 1.91926284  4.21130098  3.70618925  1.28102388 -4.80311707  0.25320409]
 [-0.41748273 -3.34740231  1.64208118 -0.48338431 -0.25167246  0.18493952]
 [-0.91463989 -0.8847512   3.7153516   3.66069692 -0.29440693  3.3054604 ]
 [-2.21784492  1.56602331 -3.96787668 -4.79042968 -2.23755725 -3.12059192]
 [-4.13931953 -1.892535    4.69496492  4.69982696  0.38808875 -2.65763453]
 [ 4.38828165  0.51562025  2.731442    0.38923217  4.16639094  2.91335772]
 [ 2.48242613  2.024021   -4.76684686 -0.83002432 -3.14473245 -1.62545836]
 [-2.54396757 -1.30894554 -2.33448764 -0.76388411 -1.2032617   0.55468546]
 [-1.81439409 -3.83970314 -4.38375439 -4.81397612  4.61558401  3.45149956]
 [ 1.94043551 -2.11675457  1.04539838  0.58140676  1.14393991 -4.13041983]
 [-4.76559287 -3.92731711  4.5750406   1.73823124 -4.7999348  -4.64749023]
 [-1.50558959 -4.79913987 -0.54293306  1.42221334 -3.61834943 -4.53969157]
 [ 2.04009582  3.22672566 -1.36573159  2.42621395  2.71076179 -3.29644078]
 [ 2.83880544 -4.64289614  4.36665503  1.9162265   3.84334825 -2.38443508]
 [ 1.23595227  1.70457385  0.69248832  1.02856593  4.33371071 -2.2215584 ]
 [ 1.35012759 -2.73610101  3.4291557  -2.04581677  0.85387753  4.70840819]
 [ 1.51324808 -1.88601525 -2.21885109 -1.24961437  4.686567   -0.68654452]
 [-1.04965453  1.4588699   3.13437661  3.2284035  -2.50595005 -1.18716006]
 [ 4.13495704 -2.90197939  3.59319388 -4.25694277  2.75816856  3.96331686]
 [ 4.30182494  1.74341397  2.32254726 -0.36527858  1.75646999  2.48170727]
 [ 1.28561123  0.12866448  3.52459154  4.98736342 -3.48665651 -0.38938231]
 [ 1.57795738  2.97407976  0.28382907 -1.76853088  0.03057569 -3.55829177]
 [-3.46349569  3.87695856  3.01938113 -2.81322998 -1.23836796 -1.41823717]
 [-3.69636056 -1.77172364  0.18273304  0.62634624 -0.58127562  4.80785607]
 [ 3.45772712 -4.51530679  1.10103536  0.06372741 -0.8745791  -3.1423083 ]
 [-4.53692975  0.61619728  0.14580676  2.05788795 -1.43424438  3.6254642 ]
 [-0.19183476  1.84640042  2.73520712 -3.20651981 -3.38931121 -0.54201964]
 [ 1.47813441 -0.88303788  2.15469566 -0.61276358  3.63105543 -3.63507183]
 [-3.77854974 -0.03027394  2.66131637  1.77195227  4.08987764 -2.62910049]
 [-1.41974121 -4.10846104 -1.51675967 -4.02664786 -1.47550756 -0.04635985]
 [ 0.57218787 -0.64077773 -4.31457961  1.00999212 -4.41862716 -4.73848477]
 [ 3.47966644  2.85206743  1.88826798 -1.37555715  3.8052101  -2.82797694]
 [-2.41620271 -4.05881239 -3.92491245  0.94395792 -2.50607933 -3.51397436]
 [-1.84804833  1.58342888 -3.17506459  2.74528101 -4.8966701   0.31186198]
 [-4.69220563  1.17914446 -4.51025694  0.5336306   4.55541358 -4.70707668]
 [-4.6767797   4.63548483  3.3332956   4.5532449  -0.4956266  -3.63118701]
 [ 2.93800736  0.73079979  3.26563461 -3.8628206   2.72535979 -2.59676997]
 [ 3.681012   -2.72753434 -0.63325586  2.33309427  4.66380796 -2.4021599 ]
 [-3.94645624 -3.09236637 -3.03266272 -4.35947555 -1.73600524 -0.16961515]
 [-0.93979946 -1.07482217 -1.76916373  2.66217143  1.21751998 -3.65091539]
 [ 0.14068802 -3.5353947  -3.20963359  3.17011822  4.6333565   0.16140843]
 [-0.67059982 -0.36034467  0.48076836  2.66920302  2.63413095  0.39484254]
 [-4.15407373 -4.09753953  0.36521362  0.79700702 -1.94654654  2.34765519]
 [-3.08779191  1.16394412 -2.92364801  2.49515895 -3.46299438  1.38692602]]
