[[ 3.44346662 -4.11282933  1.25048659  3.56307522  3.75763394 -2.44663792]
 [ 4.56597719  2.37812174  0.82675194 -2.07971568 -2.32356702 -1.75497824]
 [ 3.50487592 -0.87837843 -0.55533951 -0.01344831 -1.21878387 -4.72370462]
 [ 2.93074587  3.11109606  0.41311989 -2.50252961 -0.20830464  2.05353596]
 [-0.25762519 -2.49359045  1.12236509  3.34525112  3.43936498 -2.48746527]
 [ 3.43097185 -2.13976215  2.41269039  0.14588537 -3.22879832 -0.46564378]
 [ 0.47477178  2.62784342 -3.34978961  0.504675   -0.679473   -3.47513107]
 [-1.04204523 -4.58172871 -2.30762958 -3.50201568  2.65710744 -4.93253501]
 [-2.47706657  1.05843946 -0.8455081   2.51583485 -0.31446222  2.66822951]
 [-3.60125782 -1.1349759   3.47110246  0.8189138  -3.03022267 -3.10914112]
 [-3.02113949  2.65895309 -1.93127087  0.38522155 -1.36095418  1.14014282]
 [-1.33935611  2.44667203 -1.30844496 -2.65913755  4.84712111 -2.78937843]
 [ 2.40365421 -0.34034058 -4.79759845  1.95072891  4.05759351  4.87223339]
 [ 1.37205105  1.19216872 -2.07325003  4.94430767  2.57862073 -3.85467275]
 [ 0.60523496  4.20866404  2.39647901 -3.50810033  4.63980047 -2.69333172]
 [-3.53740124 -4.48414931  0.59365533  2.39514651 -0.84885842 -3.3114289 ]
 [-4.56553164 -2.19756413 -1.10081359 -2.70690623  0.08460321  4.45423824]
 [ 2.69269813 -0.79432363  4.41753307  4.98351703 -2.08032078  2.16520265]
 [ 4.75688681 -4.50649103 -1.2951261  -3.53491786 -0.26175854 -1.23250445]
 [-1.61833573 -3.45864943  0.60381328 -1.33478379 -2.10958106  3.94487005]]
