[[-2.21546062  0.71529758  4.67565954 -0.42143348  4.12456921 -0.95855128]
 [-2.58794757  0.21859248 -2.91836196  3.56863448 -1.23124413 -3.62430575]
 [ 2.3936675  -1.73018191 -4.05458686  2.79089599  1.28367981  4.23442322]
 [ 2.69313896 -4.31235984  1.50848619 -0.9991542   4.53152155 -3.81096934]
 [-0.25557445  0.83688843 -0.55159646 -0.78069557  4.60541642 -4.36451933]
 [-2.28088718  0.13506996  2.23703443  3.38536072  2.60767813 -0.83955664]
 [-3.09863463 -4.51180739 -1.80736506 -3.04979224 -0.81837137 -4.95557733]
 [-1.58934518 -2.02234452 -4.68690913 -0.59418291  0.64903569  4.74746193]
 [ 0.58590279  0.87845314 -2.40326822 -2.96424468 -1.45099548 -1.57560206]
 [ 4.8679716   1.48608555 -4.64838486  1.59447046 -3.32127358 -2.12512561]
 [-0.69408354 -3.93741197 -1.08953493  0.63173795 -0.04131848  1.12655176]
 [ 2.96434587  2.94496707 -0.45011635  3.53997351 -3.62323194 -3.75737123]
 [ 2.53577436  2.95353428  4.90669592  3.26343611  3.75062973 -1.22014284]
 [-2.28737639  0.37552354 -0.45269746 -4.37323026 -0.19264838 -2.11205172]
 [ 2.05768364 -3.48383633  1.19966011  2.99825318  1.2597535  -4.16986572]
 [ 0.53853546 -1.39370977  3.80923048  1.88856909  4.76613455 -3.79036704]
 [-3.50805479  3.49657697 -1.40080607  4.87866528  0.07975834  3.76627289]
 [-2.05906041 -0.45963552 -2.73807994 -0.0597697  -1.39056434 -3.48078136]
 [ 0.19912717 -3.48865566 -4.79700673  0.92119228  0.75497329 -0.93747944]
 [ 1.96562853  3.56674348  0.87894651 -4.63290921  3.91064292  1.67172693]]
