[[ 0.33385316 -3.18261662 -2.60212091 -4.9494702   4.14784996 -1.41251889]
 [-3.13095016  2.61956526 -2.20917934 -0.31623599  4.42462297  2.14853594]
 [ 3.04378275 -1.76782336 -4.00868561 -3.00652999 -1.61219638  4.50771316]
 [-0.19584377 -4.24727802  1.6259487  -4.51112115  0.2608704  -1.54010146]
 [-3.11919048  4.25026429 -3.48571077 -4.83591669 -1.35315359 -4.21904525]
 [-0.30345229  3.3791077  -3.09571731 -3.37378595 -0.4284099   4.81579554]
 [ 3.46282339  3.61826033 -0.70113883  2.53281315 -0.83324467  0.43259983]
 [-0.70693041  4.93746484  2.06344221  0.03343359 -0.41493618  3.15822958]
 [ 4.34186929  2.10716851 -0.36659857  3.89962787  1.85731763 -0.39366401]
 [ 1.11542184 -4.59843282 -3.54787021  3.04549237 -0.16757836  3.4183777 ]
 [ 4.63963038 -4.35989642 -0.11380438  4.33881139 -3.3782944  -0.29933684]
 [ 3.9439742   2.0922224  -0.60613878  0.22877772 -3.25162814  4.8624991 ]
 [ 2.00151703  4.61685741 -2.31788017 -3.00132874 -2.67100583 -4.96482577]
 [-1.76110479 -0.55796601 -2.5565351  -1.58988073  1.85953959 -3.38566203]
 [-3.77288301 -3.37958533  0.16084016  2.74837364 -0.15117687  4.23921098]
 [ 0.69921888  3.76574441 -0.58843205  2.01492677 -2.86859493 -4.73139715]
 [-3.37191224  1.26826401 -3.20830662 -1.36238696 -1.65315935 -2.06628386]
 [ 4.72110534  0.12818845 -3.44460524 -1.79462993  3.47027345 -4.42606149]
 [ 4.57682411 -2.95970711  0.43453835 -1.98887678 -4.61974589  0.7473177 ]
 [ 2.66957594  2.53253326 -2.35830265  1.73776664 -2.98394197 -1.86819735]]
