[[ 1.50905166  3.60056    -0.38497158  3.50967517  4.87081049  0.71806632]
 [-4.32565916  4.21083735 -3.17977447 -1.45896056 -0.22588025  3.8337287 ]
 [ 1.75551625 -4.65218989 -4.90416247 -0.62029309 -0.0431934   3.30685706]
 [-1.33394542 -3.16009715  3.32279837  1.94495151  2.19418496 -4.00968456]
 [-1.99905312 -4.54636624 -4.8174221   4.22458923  0.19115163  3.75046652]
 [ 1.63821812  1.19407916  4.30229576  3.07075974 -2.62041823  4.53116655]
 [-3.79741615 -4.87128453  2.34081824  0.36610173  0.21241289 -3.85987542]
 [ 3.98791122  2.49821887  4.68940178  4.46871524  0.04915349  4.73306807]
 [ 0.60713741  0.38406206 -1.42158473  1.86933822  4.03010823 -4.77019618]
 [-4.00342262 -3.50871468  3.80551285  2.02466907 -1.63174798  3.39466743]
 [ 0.14375638  1.43083072  0.37849825  3.61450353 -3.14060188  1.38919908]
 [-2.84942533 -1.6876355  -0.25575806 -0.23172712  0.45219746  4.56909968]
 [-1.84791434 -0.66963948  0.08420605 -4.4418724  -2.64727711 -0.99391155]
 [ 3.06976605  4.41648722  4.98431282  1.0671547   0.67884928 -3.90986667]
 [-0.26934372  0.49117691  1.25694617 -0.39419024  0.16766956 -2.00868289]
 [ 3.33749254 -1.11029769  2.0449217   2.10616242  1.24809713  0.85372458]
 [ 2.54514471  0.35574926 -0.71133794  3.53488086 -4.14632894 -4.96035613]
 [-2.97232516 -1.35147425 -1.50157723 -0.38325677 -3.84172709 -2.51541565]
 [ 1.81331793 -3.66555016  3.71964258 -1.91176012 -3.95889442 -0.23680957]
 [-0.13791842 -2.34981694  3.61543524 -0.93966159 -4.077676    0.73872119]
 [ 1.23138822  3.1954426  -1.85869439  1.02415105 -2.10075557  0.4253187 ]
 [ 3.20738277 -2.5838449   4.21448095  3.04763231  0.69300716 -3.49632966]
 [ 3.89048844  0.92800861  0.31540995 -3.31523231  3.61250344  2.89501871]
 [ 4.56484979  1.77698875  3.63521608 -4.53456163 -4.266075    0.11409401]
 [-0.96149416 -0.3345206   1.19438777  0.23687521 -0.60967574  2.95448378]
 [-2.8117115   1.63686683 -1.8457112   1.97861801 -1.30733055  3.55337821]
 [ 0.70569471  2.0482631  -1.58699077  0.92914228  4.09053569  2.85882204]
 [-1.58691852  4.04267035  4.07372155  3.57191771  2.16445154  2.10627961]
 [ 3.97485091 -4.50444426 -4.36036378 -2.76261426  0.60643114  3.35756679]
 [-2.13092844 -1.10046219 -2.61779317 -0.9262892  -3.32845493 -2.01925103]
 [-2.35596303 -0.64572438  4.66544939 -3.7151953   3.29661152 -3.87021793]
 [ 4.21450254 -0.83395241  4.42130715 -0.4829477  -1.09094736 -0.28644543]
 [ 1.64775823  4.42400318 -0.85490278  3.48740925  4.38944349  0.74092439]
 [ 2.57494761  1.55923411  3.94097949 -2.11369955 -3.28415658  3.72831806]
 [-1.53245564 -2.51170394 -4.29364948 -2.4104827   4.41004074 -4.03385721]
 [-4.98120829  2.90851677  2.41854857 -1.91410637 -2.99123269  2.88861803]
 [-1.34921723 -2.34280742  3.31326351  2.41530939 -3.52410906  2.12648113]
 [ 2.93435531  1.39428551  4.95277983  1.0415252  -2.90741206 -3.29521164]
 [-4.03172819 -0.17519014  2.4779869  -1.49054867  2.21807474  0.59905992]
 [ 4.71945498 -1.6682303  -2.88606417 -1.74651936  4.25564189 -4.4054885 ]
 [-3.53940559  3.46895971  2.56326847  2.1622678   2.5598576  -2.80996046]
 [ 3.4870396  -3.60513396 -4.52474095 -0.47529054 -0.74461942 -4.02434092]
 [-1.97239756 -4.4715343  -1.69788747 -3.66791945  3.00848219  0.42869104]
 [-4.14683613 -2.44010829 -0.59314931  1.03535954 -0.344229   -0.05464561]
 [-4.82401612 -0.62651666 -3.91916409 -2.1636432   0.37902879  4.01122764]
 [ 4.36970776  3.54779138 -1.84206323  2.23506628 -2.3446247  -1.33600091]
 [-2.89412891 -0.30018946 -0.10869208 -2.65987662 -3.34139717 -1.65562409]
 [ 2.1922632   1.58156795  3.70749772 -1.50123475  0.40298708  3.04277837]
 [-4.1391325  -1.88062757  2.72439804 -0.55296197  4.60699157 -1.12530318]
 [-0.54403797 -0.07342683 -1.11944199 -3.1902738  -1.37270163 -4.96810382]
 [-4.44660284 -2.83272547 -1.63885064 -1.87064425  2.7136859  -2.99290975]
 [ 2.0410632   4.69543901  0.37149511 -1.9368871  -0.18889901  1.98308994]
 [ 0.13422873 -0.9765296  -3.39647446  2.91899166 -2.56001302  3.76585216]
 [ 1.12825885  3.71823305 -0.51446072  3.41614753  2.65034826 -1.83392761]
 [-3.84869986 -1.95242382 -3.74743788  3.3325661  -4.87005067 -3.47620264]
 [ 2.81555808 -2.27593572 -1.22920683  1.37219182  2.50123911  0.03072489]
 [-0.50654851 -1.69760391  4.05309958 -3.39162978 -0.67810245  3.92539342]
 [ 3.10319841 -0.5829103   1.24153482  2.05298646 -4.06465459 -4.33309735]]
