[[ 3.71072979 -4.39824508  1.57932321  3.77230304 -4.63091218  4.09855727]
 [-4.52697866 -3.01802211 -4.1633818   2.59006204 -0.0233751  -0.82040633]
 [ 3.94382151  3.99284397 -1.55281906 -1.17404931  4.34459404 -1.72164979]
 [-2.41841487  3.13674427  0.98232376 -2.7944189  -4.99138816 -4.9566894 ]
 [ 2.63222086 -0.8897974  -2.57654836 -2.47354288 -1.95009192  0.39858946]
 [-2.42776625 -4.85897935 -2.19811033 -1.89063646  2.52695893 -2.79251758]
 [ 1.29684151 -4.55891575 -3.56632936 -3.53119925 -3.90764948 -3.16279833]
 [ 3.24261062 -0.99878475  0.88951487  4.95542234 -3.74496404  0.63166645]
 [-0.6173343   3.29447549  3.58190945  0.19755952 -1.66190255  0.34977528]
 [-4.80404402  0.74635858  3.12445259 -4.04476578 -4.84441113  0.13579505]
 [-0.1236247   0.43180953  0.52530944  2.52639751 -4.14708544 -3.41842349]
 [-4.17913254  0.291188    0.43696397 -0.56916024 -0.12110432 -4.39700455]
 [ 1.80999554 -1.69999789 -3.28184232 -0.63282855 -2.16320253 -1.05211919]
 [-2.82148314  3.59657692 -0.57616932  4.89837324  0.72801235  4.75423158]
 [ 3.99324497 -2.16129638  2.78807796  2.22097148  3.3001914   1.42461244]
 [-2.72995532  1.53525508  1.34976301  1.54325913 -4.95267332  1.46467103]
 [ 1.83815651 -0.75107634 -2.04335393 -3.35986008  3.16731575  2.48233508]
 [-1.58050934 -3.2686959  -0.34429809 -3.31011704 -2.85733324 -3.86189339]
 [-3.55493236 -4.40168931  3.42050644 -3.2052075   3.00832967  4.9566695 ]
 [ 4.29589382 -0.3829282   0.62688755  3.25819897  1.20857803 -2.63158201]]
