[[-4.90380635 -1.80924172  4.4566128  -0.82878499 -4.97266123  3.79537728]
 [-3.77654734 -4.02293875 -3.88696572  3.75801038 -0.66509207 -1.16540202]
 [ 2.85908267 -0.32303667 -1.35899587  4.71359034 -1.60361236 -0.41029377]
 [-2.63792824 -1.2124508   2.60760271 -3.58893521 -2.77691143  1.64479007]
 [-1.2944075  -0.68356996 -0.88484863  4.23376168  0.212721   -2.92187917]
 [-2.60060016 -4.04136383  3.6363948   4.87027656 -3.55175953  2.77774262]
 [ 3.52225412 -3.94130939  2.48830694  2.33874225 -3.62048552  1.48689969]
 [-4.79328726  0.45549581 -4.90022232  3.31915985  4.17520215  3.4345312 ]
 [ 0.88702137 -0.10836741  4.19503517 -0.28579449 -0.26232942 -2.405602  ]
 [-3.18357972 -3.35096627  1.23967717  4.75529204 -0.14671824 -0.78000171]
 [-1.5242404   2.93871018 -4.65802737  2.73242596  3.09370652 -4.63631857]
 [ 1.61150442 -2.16284083 -1.20637912 -0.5442993   4.62271087  1.73705057]
 [ 1.60775606  3.88939557  2.30982276  3.16271024  1.95374277  1.4392524 ]
 [-2.36593859  1.68204924 -2.69006374 -3.8307642  -2.79964862 -3.7306603 ]
 [-3.97607363  3.49739863 -2.77337743 -2.0181185   4.04261426 -0.59667285]
 [ 0.64445272 -1.92075791  2.07029192  1.44862939  2.91782286 -0.51985372]
 [ 2.14560639  2.04795124 -0.28225031 -0.29978503  3.54804093  3.36149076]
 [ 1.17027337 -1.15295292  1.03431179 -2.33042876 -3.46838033 -3.238757  ]
 [ 2.84206067  3.02119359 -1.70370535 -3.77806809  2.4288622  -4.64602454]
 [-4.8029327  -2.57278056 -4.09907168 -3.52086204  3.58922867  1.19987514]
 [ 4.97257316 -1.85444435 -4.60087301  2.77277307  4.81446826 -4.40610135]
 [-4.75578248  2.15197774  1.61827636  0.63905341 -3.68973906 -2.09631031]
 [-4.88488282  3.23428975  1.30282884  2.17624601 -2.07280992  0.11800206]
 [-1.95030288 -4.56544077  3.3365004   3.73562375  4.1778654   4.88227628]
 [-3.29760305  4.62987998 -3.39423151  1.55012828  3.05294393 -2.86147719]]
