[[ 1.23653792 -2.52101128 -2.0893649   4.20530462  3.57712811  3.82004476]
 [-2.36059208 -1.1218745   4.69644675 -0.06459557  1.99171384  2.81737174]
 [-1.03339121 -1.84252802 -2.81762113 -4.35605422  1.75943329  1.25214664]
 [ 3.8889681   1.53566718 -4.47345617  1.0973149   2.51275131 -3.52972583]
 [ 1.72411878  2.99834492 -4.73144188 -4.31183453 -3.20280502  3.5834891 ]
 [ 3.07834757 -4.66130809 -2.15743274 -1.3029357   4.76031495 -0.58829461]
 [-1.56920364 -4.44884191  0.17467587  0.09987791  0.11077037 -1.40635527]
 [-0.18695776  4.27106719 -3.82341535 -4.26572679  4.9796361  -2.89502978]
 [ 1.32885213  3.30884313 -3.7130938  -2.056248   -4.04156653  0.27586732]
 [ 4.68578709  1.87340848 -0.05665528  3.41763134  1.96202491 -0.35293588]
 [ 1.79500937  1.55397154  4.33961607 -0.02910455 -3.84380654  1.2594589 ]
 [-4.27305967 -2.06997595 -2.83788333 -4.85935332  0.17297169  2.07608396]
 [ 4.01015758  4.80190047 -2.35569185  3.41907633  3.64919867 -3.87986149]
 [-3.788562   -3.35867513 -0.76043631 -0.17912557 -4.18373396  0.32025963]
 [-0.14555676 -3.01437951 -2.06172442  3.61370556  4.73813541 -3.9210936 ]
 [-2.15888315 -4.67629987 -0.91601897  0.68433582  4.89475095  4.6729909 ]
 [-1.1952895   3.80410188  4.38844124  0.44111831  1.86713313 -2.8609088 ]
 [ 3.26726561  2.60141362 -3.61718348  0.99704404 -1.23788016 -1.5343777 ]
 [-2.5033165   0.89956473  1.27691373  0.80039204  3.83118642  2.91870581]
 [ 3.10946041  2.79574684 -1.20601172 -0.47205504  4.74412205  1.0832806 ]]
