[[1.00000000e+000 4.27815414e-041 6.96585778e-050 2.58803196e-093
  6.83288777e-020 1.21525744e-066 2.71169515e-031 4.50538880e-046
  1.26561627e-051 2.73737322e-057 1.01402028e-069 1.70566430e-032
  2.01816410e-096 8.67636465e-036 7.18535320e-085 1.25931211e-035
  4.59364654e-057 1.38943532e-040 4.38868463e-008 5.62306670e-029
  1.00000000e+000]
 [4.27815414e-041 1.00000000e+000 3.02674767e-088 3.61792422e-042
  4.24814120e-051 1.71753990e-045 9.73812453e-053 1.41657902e-035
  7.70244408e-055 1.03687141e-058 3.99992163e-096 3.49090036e-018
  6.71775350e-085 6.75943668e-079 9.19500293e-066 6.29210635e-045
  4.56287916e-034 8.14340779e-041 7.81615266e-023 5.17644939e-028
  1.00000000e+000]
 [6.96585778e-050 3.02674767e-088 1.00000000e+000 1.07050939e-062
  2.65999481e-039 2.97805371e-053 6.61564170e-018 1.63115126e-033
  5.74890263e-045 2.97537074e-042 7.19411807e-045 4.54226648e-053
  3.50789625e-043 7.46540830e-034 5.26607643e-032 7.83677028e-030
  9.73841511e-086 7.37647647e-039 1.44886937e-053 8.70354266e-032
  1.00000000e+000]
 [2.58803196e-093 3.61792422e-042 1.07050939e-062 1.00000000e+000
  1.85965929e-090 1.27196722e-020 2.01938573e-046 2.21454038e-021
  9.60683524e-047 2.46861584e-063 2.45186066e-080 1.27254515e-023
  1.39687621e-028 8.59966121e-116 1.90214970e-022 2.41943999e-059
  8.72677491e-063 4.69793491e-061 8.83732080e-068 8.65980821e-048
  1.00000000e+000]
 [6.83288777e-020 4.24814120e-051 2.65999481e-039 1.85965929e-090
  1.00000000e+000 4.00834487e-078 1.82877857e-020 1.24449326e-064
  1.42224940e-086 1.66600150e-042 5.88091242e-094 1.36563243e-041
  1.69179778e-102 1.67681395e-038 1.26455194e-073 2.64526683e-042
  1.41988387e-097 2.03643430e-040 1.21935402e-030 1.01915926e-017
  1.00000000e+000]
 [1.21525744e-066 1.71753990e-045 2.97805371e-053 1.27196722e-020
  4.00834487e-078 1.00000000e+000 1.52786296e-034 5.06002329e-026
  2.64082896e-022 5.43741397e-091 6.66068682e-099 4.51874317e-023
  2.11875029e-036 6.48313768e-105 1.82970396e-037 4.08490914e-052
  3.06109841e-060 3.27602371e-042 3.50795603e-040 6.23505766e-053
  1.00000000e+000]
 [2.71169515e-031 9.73812453e-053 6.61564170e-018 2.01938573e-046
  1.82877857e-020 1.52786296e-034 1.00000000e+000 2.74895078e-034
  9.57311279e-050 2.58479989e-034 2.29704636e-067 1.96239273e-020
  1.89402283e-038 4.85850724e-056 3.51945468e-027 1.78123959e-045
  7.42195049e-088 2.09817854e-026 1.80298253e-029 1.33121725e-027
  1.00000000e+000]
 [4.50538880e-046 1.41657902e-035 1.63115126e-033 2.21454038e-021
  1.24449326e-064 5.06002329e-026 2.74895078e-034 1.00000000e+000
  7.12057528e-014 6.49294778e-041 2.35041722e-028 1.09891165e-020
  6.55160639e-026 4.94896569e-053 5.00049600e-024 4.57031299e-023
  6.05235242e-023 6.16764174e-036 2.03505873e-032 7.98374294e-029
  1.00000000e+000]
 [1.26561627e-051 7.70244408e-055 5.74890263e-045 9.60683524e-047
  1.42224940e-086 2.64082896e-022 9.57311279e-050 7.12057528e-014
  1.00000000e+000 1.13361052e-082 1.97158889e-053 1.21670318e-040
  7.81199904e-041 2.31854153e-062 4.39666012e-047 6.60116188e-031
  7.07260997e-025 9.49106429e-036 3.07132646e-031 1.14388739e-053
  1.00000000e+000]
 [2.73737322e-057 1.03687141e-058 2.97537074e-042 2.46861584e-063
  1.66600150e-042 5.43741397e-091 2.58479989e-034 6.49294778e-041
  1.13361052e-082 1.00000000e+000 3.40269172e-037 4.51832190e-045
  7.01388454e-051 4.05048370e-047 6.39355428e-030 8.35700477e-058
  4.42142356e-082 1.60911817e-041 7.96803577e-059 2.65787980e-034
  1.00000000e+000]
 [1.01402028e-069 3.99992163e-096 7.19411807e-045 2.45186066e-080
  5.88091242e-094 6.66068682e-099 2.29704636e-067 2.35041722e-028
  1.97158889e-053 3.40269172e-037 1.00000000e+000 2.10039050e-069
  1.28609688e-050 2.01891259e-048 5.30590036e-052 1.27167615e-051
  7.33437239e-057 2.47257862e-075 3.27558353e-074 2.30972277e-062
  1.00000000e+000]
 [1.70566430e-032 3.49090036e-018 4.54226648e-053 1.27254515e-023
  1.36563243e-041 4.51874317e-023 1.96239273e-020 1.09891165e-020
  1.21670318e-040 4.51832190e-045 2.10039050e-069 1.00000000e+000
  8.84825493e-043 9.65253034e-082 8.86714499e-037 1.49266223e-047
  2.64447547e-052 4.61615682e-040 5.57247290e-021 5.53938933e-029
  1.00000000e+000]
 [2.01816410e-096 6.71775350e-085 3.50789625e-043 1.39687621e-028
  1.69179778e-102 2.11875029e-036 1.89402283e-038 6.55160639e-026
  7.81199904e-041 7.01388454e-051 1.28609688e-050 8.84825493e-043
  1.00000000e+000 3.42148918e-105 7.94947662e-008 1.49486323e-079
  2.16884726e-085 7.03367517e-050 4.94742373e-075 1.05405088e-076
  1.00000000e+000]
 [8.67636465e-036 6.75943668e-079 7.46540830e-034 8.59966121e-116
  1.67681395e-038 6.48313768e-105 4.85850724e-056 4.94896569e-053
  2.31854153e-062 4.05048370e-047 2.01891259e-048 9.65253034e-082
  3.42148918e-105 1.00000000e+000 2.97377479e-081 2.76115256e-020
  1.08913249e-059 1.94646962e-041 1.16295383e-045 1.11660307e-029
  1.00000000e+000]
 [7.18535320e-085 9.19500293e-066 5.26607643e-032 1.90214970e-022
  1.26455194e-073 1.82970396e-037 3.51945468e-027 5.00049600e-024
  4.39666012e-047 6.39355428e-030 5.30590036e-052 8.86714499e-037
  7.94947662e-008 2.97377479e-081 1.00000000e+000 6.20879138e-061
  7.64764502e-080 9.46251407e-034 3.44775530e-066 3.65427195e-050
  1.00000000e+000]
 [1.25931211e-035 6.29210635e-045 7.83677028e-030 2.41943999e-059
  2.64526683e-042 4.08490914e-052 1.78123959e-045 4.57031299e-023
  6.60116188e-031 8.35700477e-058 1.27167615e-051 1.49266223e-047
  1.49486323e-079 2.76115256e-020 6.20879138e-061 1.00000000e+000
  6.65403818e-029 5.58792964e-040 2.96249389e-033 2.89704550e-012
  1.00000000e+000]
 [4.59364654e-057 4.56287916e-034 9.73841511e-086 8.72677491e-063
  1.41988387e-097 3.06109841e-060 7.42195049e-088 6.05235242e-023
  7.07260997e-025 4.42142356e-082 7.33437239e-057 2.64447547e-052
  2.16884726e-085 1.08913249e-059 7.64764502e-080 6.65403818e-029
  1.00000000e+000 8.27493519e-056 3.66092946e-038 1.98156126e-048
  1.00000000e+000]
 [1.38943532e-040 8.14340779e-041 7.37647647e-039 4.69793491e-061
  2.03643430e-040 3.27602371e-042 2.09817854e-026 6.16764174e-036
  9.49106429e-036 1.60911817e-041 2.47257862e-075 4.61615682e-040
  7.03367517e-050 1.94646962e-041 9.46251407e-034 5.58792964e-040
  8.27493519e-056 1.00000000e+000 4.03187195e-023 3.28104096e-036
  1.00000000e+000]
 [4.38868463e-008 7.81615266e-023 1.44886937e-053 8.83732080e-068
  1.21935402e-030 3.50795603e-040 1.80298253e-029 2.03505873e-032
  3.07132646e-031 7.96803577e-059 3.27558353e-074 5.57247290e-021
  4.94742373e-075 1.16295383e-045 3.44775530e-066 2.96249389e-033
  3.66092946e-038 4.03187195e-023 1.00000000e+000 1.19251274e-029
  1.00000000e+000]
 [5.62306670e-029 5.17644939e-028 8.70354266e-032 8.65980821e-048
  1.01915926e-017 6.23505766e-053 1.33121725e-027 7.98374294e-029
  1.14388739e-053 2.65787980e-034 2.30972277e-062 5.53938933e-029
  1.05405088e-076 1.11660307e-029 3.65427195e-050 2.89704550e-012
  1.98156126e-048 3.28104096e-036 1.19251274e-029 1.00000000e+000
  1.00000000e+000]
 [1.00000000e+000 1.00000000e+000 1.00000000e+000 1.00000000e+000
  1.00000000e+000 1.00000000e+000 1.00000000e+000 1.00000000e+000
  1.00000000e+000 1.00000000e+000 1.00000000e+000 1.00000000e+000
  1.00000000e+000 1.00000000e+000 1.00000000e+000 1.00000000e+000
  1.00000000e+000 1.00000000e+000 1.00000000e+000 1.00000000e+000
  0.00000000e+000]]
