[[-4.31670504 -1.57538449  0.06421677  3.09078049 -4.37034348 -3.71070273]
 [-4.17320681 -4.58594372  3.41379545 -1.0826482  -2.63405482  3.51539758]
 [ 1.60299903  1.95698746 -0.72189234  3.34374806  3.68720536 -3.46244375]
 [-0.67941457  1.79441422  4.32176394 -3.52818384  3.24636808  4.57497158]
 [-4.68122019 -3.87379941  1.93317222  4.50644348  1.32130648 -4.61756357]
 [-1.06552192  4.14105498  4.48530942  1.84159458 -0.11406682  4.61428205]
 [-1.30869047  0.95295139  4.33127127  2.67612013  1.66672421 -3.370047  ]
 [ 0.838097    1.2304819  -0.09448068 -2.14295691 -0.5841874   1.60122721]
 [ 2.11331667  3.27785511 -0.57165503  1.48339518 -3.47316284  3.25379388]
 [ 1.78924906 -4.68669773  2.38595361 -2.75397294  2.1276586  -4.9361701 ]
 [ 3.79647435  0.67311993 -3.78770166 -4.68736267 -0.85676055 -4.26110704]
 [-3.73159794  0.50087577  4.61256859 -1.53458258 -1.16119374  0.30370026]
 [ 4.95933784  4.05575947  4.91259617 -2.58456503  1.52068596 -0.22205407]
 [ 1.30679734 -4.48212098 -4.87554894  3.98794949 -0.44065621 -3.60618013]
 [ 4.09350279  0.79636327  4.70564291 -1.53646519  3.47595242 -0.12290308]
 [-1.24988664 -1.63013308 -4.13322004  2.43080779  0.70277787  1.50091314]
 [ 0.21010175 -2.12695696 -3.19784456 -1.84490835 -4.95513665  4.86731642]
 [ 2.83623433 -3.10063195  3.72049584  4.25786835 -1.4867794   0.19290743]
 [-2.76677274 -1.45609685  1.91898462  2.90551254 -4.9502202  -0.43741899]
 [-3.40932996 -3.50923551 -0.70403898  1.35482688  2.30437174 -0.19937734]]
