[[-4.98361368  0.53785298 -0.98311712 -2.87859    -3.62922851  4.78508556]
 [ 1.65885155  1.84773572  2.88926756 -4.40053229 -1.52119645  0.63186022]
 [ 4.39808219  2.17419096  1.12634017  0.11227925 -3.94115246  2.73007003]
 [ 0.98623105 -1.00372606  4.88765424  2.64091804 -0.58132786 -0.43099396]
 [ 0.03493213 -4.52437555  0.11920155 -4.24734297 -1.85011847  4.01534432]
 [-2.48483931  3.59314702  1.66927529 -2.54615587  1.54492586 -1.70605523]
 [ 2.5315089  -3.91484386 -2.65211757  4.34656757 -3.78965511 -2.61787699]
 [-4.38427431 -1.08003773  1.64657101  2.89126417 -0.84494943 -2.12268051]
 [-2.40482907  4.91669621 -0.82100291 -2.58690445  3.96258741  1.5603226 ]
 [-4.73591118 -4.07074897 -4.07756888 -1.2465393   3.99048286 -3.78138253]
 [-0.09697706  1.72727994 -0.43449124 -1.25570962 -0.82813451  2.51960809]
 [-1.809544   -0.15975591  3.64584305 -2.44687966 -1.89443036  3.32384107]
 [-2.3794466  -1.26166367 -2.06982686 -1.92714411 -2.71806465 -0.97506485]
 [-1.56231545  4.11952675  3.12287327  3.99797738  2.01806151  1.11227715]
 [-2.22023302 -2.79805124  3.67738286 -1.48789207  3.684818    1.51238793]
 [-2.14158121 -3.01254125  0.63893886  2.4007205  -0.69986044  2.66231965]
 [ 4.28272936  2.0354137  -4.9694725   2.28924278  4.76335721 -4.36391652]
 [ 2.5367726  -0.73207804  0.07984033  1.44438891  3.86170115  4.56715346]
 [-2.94614061 -2.10145064  3.7196359   3.99392039 -1.24118908 -1.57880179]
 [-3.6344756   2.31508579 -2.54995523 -0.30299536 -3.5142391  -1.75600963]
 [-0.5498171   0.98983309  0.68458293 -4.03492289 -3.02718706  1.13372962]
 [ 2.45761168 -4.00505727  3.5418961  -3.34340442 -4.73150259 -0.95408954]
 [ 3.30492282 -3.42546039 -2.89607641  0.02903947 -3.38182953  3.36740353]
 [ 3.0866323  -0.0927901   1.49445424 -2.17796822  3.51563438 -4.29775298]
 [ 4.88150394  4.6311043   3.43042326  2.9855544   0.63726099 -2.66072807]
 [ 1.30196069  0.13083127  1.86102958  0.78911709 -2.51358481  2.60791433]
 [ 1.34375612  1.19160443 -0.67087442 -1.5341861   2.57714163  4.02937147]
 [ 0.35856496  0.79451762  3.03276451  0.81475219  0.57317297  0.31238078]
 [ 0.94255347  4.99424705  4.25272586 -4.90570709 -1.94409042 -4.39087677]
 [ 4.16133138 -2.55163578 -0.30115639 -3.15522868  0.42378673  4.87025235]
 [ 0.69690046  0.16857116  4.52164613 -2.58337362 -2.01715412  2.62275415]
 [ 4.68305224  4.22921315 -3.08686612 -4.3141875   0.22492834  1.39764107]
 [ 1.69914171 -0.7642939  -4.4739894  -0.72320205  2.56853214 -2.94165008]
 [-2.96069931  1.43364711  1.64782778 -4.41715503  3.30428213  4.04490603]
 [-3.13859018 -4.38014323 -4.38011538 -2.05943924 -1.03411488  1.3157429 ]
 [ 4.387346    2.78063187  4.29702433 -3.39838462  2.73512649 -3.33526851]
 [ 1.95789866  0.1707788   2.39033676  2.92668303  3.76879752 -3.01144492]
 [-2.95923497 -4.66562196  3.3118774  -1.94011836 -2.83329623 -0.33437981]
 [-4.81070619 -0.25278377  2.6225606  -0.42926681 -2.85230578  3.40754739]
 [ 1.64026159 -0.09367022 -0.14268698 -4.17797329 -3.2240735   2.29519283]
 [ 0.30525935 -4.07187533  4.54495744  2.01086765  0.80608872  2.32968845]
 [-0.16069835  3.43349938  2.67538856  4.7818458   0.56786775 -4.05414839]
 [ 1.90998495 -1.52115455  2.04171264 -0.12175981  4.26404529 -2.01083786]
 [-0.42551893  2.84253163  1.95344777  0.93378649  3.24373532  4.89270873]
 [ 0.70450925 -0.33825609  1.42009984  0.8235995  -2.53396633 -2.72137999]
 [-3.49026811  0.17943114 -2.06387166  0.18732765  3.85025782 -0.38094283]
 [-4.08723294  3.79439198  0.32127932  3.41047553 -3.74110233  0.29168187]
 [-4.43991324 -2.36609611  1.77220114  3.47971803  1.13949716 -2.25005052]
 [ 2.32824641  2.02073942 -3.6113213  -2.48562376 -4.9978707  -1.760376  ]
 [ 1.11432803  1.31459552 -2.3013362  -3.65330297  3.21267947  1.12791921]
 [ 3.43482417  0.42225787 -1.66262382  4.57024197  1.96036001 -1.36387493]
 [ 2.42371831 -3.11371422 -3.48231548 -2.98120696  0.96293668 -0.52920159]
 [-0.73449759  4.88684415 -1.53793378 -4.26026343 -3.16841647 -4.84266697]
 [-4.06132097 -3.52409816 -3.3967211  -0.62734361 -3.5904937   1.74111968]
 [-2.38919542  1.79428425 -4.4430451   1.43267091 -3.3370593   0.89265164]
 [ 0.19948845  4.76671197  2.39292313 -1.65782435 -2.09088349 -1.30264366]
 [ 0.21079676  1.40221441  1.56903679 -3.27500473 -3.77903661 -0.91295326]
 [ 2.33043504  4.4264503  -0.79774751  3.01722915 -4.09455028  1.20439439]
 [ 4.08550125  4.38778295 -1.54598709  0.72857566  4.56759986 -1.55474874]
 [ 2.00533914  1.63316189  4.34495091  4.69225737  4.8351182   3.98691562]
 [ 3.32800053  2.18292096  1.64328753 -3.58935745  0.21482026 -1.19770916]
 [ 2.57840474 -3.63565116 -0.54969484  4.75441057 -2.97738088 -0.56999842]
 [ 3.24269101  2.53442263 -4.57903018  4.33307473  2.05500825  2.26262002]]
