[[ 2.93123395  3.79186723 -2.91800583 -3.03859309  1.40386185  4.40271806]
 [ 4.85286579  1.81266769  1.23204483 -0.68589293  2.46315019  0.13177237]
 [-3.28527987  1.40629768 -0.64488534  1.57464577 -3.65153768  1.77190447]
 [ 0.64353792 -0.78229635 -1.98100255 -1.59966635 -0.83470143 -3.10040193]
 [-0.08585251  2.23693373  0.57832961 -3.08064895  1.00595709  0.5612637 ]
 [-4.32317787  2.91835401  3.92392631 -2.57536438 -0.52310268  2.80559632]
 [-4.22985231 -0.29334328 -3.2869883  -4.11589685  0.08844962  4.07058388]
 [ 1.40806988 -4.56805522  0.14083003  3.84309159  1.18541983  1.27899634]
 [ 2.56925209 -3.33979123 -1.67583456 -3.10727948  1.604951    4.0372482 ]
 [-1.67182675 -1.09517294  2.1406498   2.37528335  0.10565585  4.36721747]
 [-3.39929222 -3.97914163  3.07244123 -4.20323249 -4.52104008  1.67285784]
 [-4.29702849 -1.61841923 -1.41360816  2.49345171  3.69457876 -3.1197991 ]
 [ 3.23100821  4.43018391 -4.84257737  4.07147932 -3.44500682 -4.41716691]
 [-3.35755623  3.83681785 -1.62041145 -3.07958996  0.86246425  3.51262766]
 [-2.20293613 -0.60386963 -3.29445926  1.36633201  2.41602023  4.49530357]
 [ 1.38598639  1.19197032 -2.24415633  2.34815312  2.10273296  4.95722136]
 [ 3.30645131 -4.71491376 -3.04372231 -1.47679431 -0.56017408 -4.65501235]
 [-2.73325203  3.99132635 -2.70498639 -0.73987138 -4.16044667 -0.79937344]
 [-1.2322082  -4.95742319 -3.96993314  3.58084804 -1.04376582 -2.89435066]
 [-1.21515398  2.60301173 -4.26021236  0.50044756 -1.42130279 -0.35583113]]
