[[ 4.54235673  0.99613397  1.52515715 -3.55135403  3.06020381  1.04757262]
 [ 0.16360713  3.66518672  1.293868    3.44791742  4.14807631  3.34762753]
 [ 0.05686763  0.53419848 -3.45698004  2.19853276 -1.81774325 -0.2742743 ]
 [-2.92558622  2.9250134  -0.73518922  1.72084517 -0.43713031 -1.11130237]
 [ 0.48950106  1.23936825 -3.161821   -3.94766475 -2.80868888  3.25523338]
 [ 3.56863261 -1.6761753   3.38490902 -2.44558144  3.66834243 -0.21773252]
 [ 0.76886965 -4.67550088 -1.84657209  3.28864872  0.58774763 -1.53244324]
 [-2.92347905  0.4364833   4.05420845  0.12323628 -4.76037287 -3.57069269]
 [-1.94521058 -1.78352592  4.05040757 -3.04373206 -4.27834071 -1.34052711]
 [-0.88568681 -4.30083741 -1.52900443  1.61376449  0.23236455  3.39063617]
 [-1.22880986  2.24850488 -4.06988925 -2.6353972   2.5662088   1.21533891]
 [-4.84915234  4.4913038  -0.941515    2.16288109  1.01883112  4.73260333]
 [-0.23707011  1.07534244  2.23337204 -0.15968665  0.88895415  4.82978494]
 [-0.3554063  -2.57706236 -1.50632866  4.89528806 -2.23305854 -3.28778796]
 [ 1.55395322  0.30134701 -2.04859464  4.34630362  1.71322011 -1.76325012]
 [-3.00714011 -2.83406586 -0.39776955  4.44995599 -3.13965397 -2.78057831]
 [-1.58171483  1.53575687 -0.01025125 -4.27020189  4.30901092 -1.7913234 ]
 [ 1.40024694  4.12598044  1.71495093  4.93855673  2.51911219  4.51970918]
 [-1.23989476 -4.40586298  2.93334024 -1.27955995 -2.96286456  3.83334426]
 [ 1.81150372 -0.75892183 -2.47358089  4.06573404  1.5783248  -1.63840736]]
