[[-0.91370567 -0.74984065  4.17823116 -3.15010803 -3.88131298 -3.27600771]
 [ 4.20904768 -0.18426934 -3.88221135  4.15336892  2.84159296  4.25588267]
 [-0.10284069  1.20520902  0.68188188 -4.84736088  3.10504638 -0.10728855]
 [-1.12712197  1.49162162 -1.77715491  3.37916833 -4.96422727 -4.90570523]
 [ 4.19590786 -1.88126355  1.51965875 -3.43456858 -0.23986864 -4.17485829]
 [-1.87395259 -1.56484809  2.55713532  2.47119357  1.18778808  0.80602334]
 [ 3.22056356  4.79342673 -2.55759443 -4.52285308 -0.48712383 -2.76800483]
 [-2.16572702  1.75354285  0.11116451  4.57264746  0.20514581  0.43933253]
 [ 2.59513367 -2.34012392  2.47433429  1.41518186 -4.79337713 -4.77773905]
 [-4.68273461 -0.04426266 -2.52138263 -1.20218406 -1.29374619 -1.03909821]
 [-2.45903097 -2.37360037  3.93325527 -3.20629446 -3.32331768 -2.34632236]
 [ 3.94781942  1.06581528  2.01388381 -0.46200682 -0.01566124  4.30992711]
 [ 1.17616003  1.06736133 -3.43513362 -3.29671727  4.3310986   2.50917619]
 [-3.94061225 -4.05882478  3.39440207  2.96406212 -4.7456928   1.38173098]
 [-1.98525559 -2.66730976 -4.37674355  2.35780195  1.7481493   4.05895683]
 [-2.48480614 -2.04149437  3.45661491  2.84889725  0.19784326 -0.1867455 ]
 [-3.14328582 -0.51759678 -0.21809425 -2.06999276  2.49834091 -4.88842092]
 [-3.47215114 -4.51578688 -4.3705152  -4.95235893 -1.55945811  2.43557858]
 [-1.24997965  0.85696257 -0.20149773  0.42899147 -2.11033266  4.80489916]
 [-1.57630607 -0.64042784 -2.84226607 -0.33573451  3.78455164  4.55512503]]
