[[-2.53540915e+00 -9.33234750e-02 -4.62153329e+00 -2.64142360e+00
   9.42770110e-01  2.75126323e+00]
 [-3.59672001e+00  2.72759259e+00  2.35796276e+00 -3.94766174e+00
  -2.35404633e-01 -2.00969718e+00]
 [-7.02497424e-01  1.05694430e+00 -7.44214805e-01  2.04618604e+00
   3.10864756e+00  1.66953167e+00]
 [ 4.11142824e-01 -4.23408845e+00 -2.89168034e+00 -3.62491711e-02
  -1.11909192e+00 -2.29624861e+00]
 [-2.72855834e+00  4.39298765e+00 -4.53278191e+00 -3.22898576e+00
   4.50592928e+00  3.02674374e+00]
 [ 1.06750632e+00  2.72535891e+00  5.81578569e-01 -3.36108418e+00
   7.34519489e-01  3.68265272e+00]
 [-4.53183721e+00 -1.90566987e+00 -4.80467283e+00 -1.01620805e+00
   4.79376286e+00 -3.47971188e+00]
 [ 2.45968763e+00 -3.85015542e+00 -3.21273388e+00 -4.44651440e-01
   2.00512411e+00 -1.62804694e+00]
 [ 4.60057747e+00  3.79904621e-01 -4.76744726e+00 -2.20679954e+00
   3.92043481e+00 -4.52972985e+00]
 [-1.54607782e+00 -3.10229806e+00 -2.10868124e+00  2.41158778e+00
  -4.60935711e+00  3.21546495e+00]
 [-2.28093828e+00 -4.25884010e+00  1.41868559e+00 -1.00575425e+00
  -2.23256740e-01 -4.99914612e+00]
 [ 1.15284544e+00  9.67293570e-01  4.93227502e+00  1.09185815e+00
  -1.27852867e+00  4.17734661e+00]
 [ 3.01760500e+00  3.48728540e+00 -3.23250238e+00  2.23083705e+00
  -3.47507914e+00 -1.64238399e+00]
 [ 7.79665328e-01 -2.93071521e+00  2.99859537e+00  2.71905378e+00
   4.35565328e+00  1.92900044e+00]
 [ 3.31197868e+00  2.13193713e+00  3.19834921e+00  8.82543747e-01
  -2.77449984e+00 -4.00435599e+00]
 [-6.03956630e-01 -6.20295448e-01 -5.38107800e-01  2.96579245e+00
  -2.41641500e+00 -3.76819753e+00]
 [-1.89829047e+00  9.98487885e-01 -6.10356891e-01 -2.14987265e+00
  -4.82625197e+00 -1.60343155e+00]
 [-2.22285039e+00 -8.98400234e-01 -1.45780874e+00  1.76624403e+00
   4.44132570e+00  4.06311987e-03]
 [-1.86742318e-01  3.45718790e+00  3.54795100e+00 -3.46583288e+00
  -2.20661355e-01 -2.88752000e+00]
 [ 3.75533267e+00 -1.27398404e+00  9.47180296e-01  1.51978873e+00
   4.58770233e-01 -3.10534072e+00]]
