[[ 4.6192718  -4.0887964  -3.37826741 -2.03830953 -0.95038873 -2.82798758]
 [ 0.29616524  0.34507116  4.49739971  2.12623359 -1.38887339 -3.19929294]
 [-1.40050092  3.91030048 -4.48265724 -4.60783472  3.2245031  -4.87226521]
 [ 0.45355433  1.24733266  2.47293249 -2.20672076 -0.56788264 -3.62729265]
 [-3.6211457   4.58160405  0.79640176  2.2006654   0.30686886 -3.85579546]
 [ 0.95575068 -0.15789125  1.93512352 -1.90019177 -4.10582294  1.57701617]
 [ 1.46521621 -3.05602101 -0.72110014  3.48707202 -3.84734002  3.29628301]
 [ 3.06176371  3.08232973  4.85022285  0.17648816 -0.44158229 -0.00711392]
 [-3.65662584 -3.10660693  3.44949593 -2.11661308  2.19716617  1.18755553]
 [ 4.34816877  1.26472664  4.94644938 -1.8163183   0.13059191  1.6157007 ]
 [ 0.41881217 -4.11980113 -4.27738084  0.5854651  -0.42666036 -1.58375713]
 [-0.22087424  0.60833946 -0.63334778 -2.50888964  0.92743736 -1.16716442]
 [ 4.0894569  -4.54336492 -1.7544383  -4.94316901 -4.92437394  0.18374874]
 [-0.58061381 -0.43860909  1.25156133 -2.79334631  1.36800577 -1.60170564]
 [-1.31465301  2.78090761  4.16794876 -1.36527676  1.66803673  3.34066427]
 [-2.51120274 -0.96890656 -2.07058673  4.51979278  1.34979149  1.02249065]
 [ 0.98697428 -0.39673236  2.7282714   4.52503099  1.46062921 -0.19945725]
 [ 2.14540087 -4.54565836 -3.32338915  0.12864396 -2.48243484  3.91105405]
 [ 1.17531723 -1.79694973 -4.97242682  2.58264798 -3.02463179  2.86087581]
 [ 4.50910655  0.63385478 -2.67292775 -2.15481691  1.22493661  1.14957051]]
