[[-10480.35153339]
 [ 54684.58716722]
 [-12329.49284564]
 [  7845.87058199]
 [  3100.9398696 ]
 [  5809.02977073]
 [ 11547.96712807]
 [-36969.83666744]
 [ -9033.38641881]
 [-27209.27676065]
 [ -8763.47725288]
 [ 25436.32573214]
 [-36056.01837187]
 [ 18654.00731661]
 [-27672.11095023]
 [-30133.93582884]
 [-17523.89303771]
 [-36963.73525289]
 [ 26044.12184059]
 [ 22993.83417648]
 [-30392.82996039]
 [ 27264.38051824]
 [ -2168.51031458]
 [ 15827.28694209]
 [ 77421.92818522]
 [-35899.92804993]
 [-37613.14037795]
 [ 53038.20082132]
 [  9541.44357288]
 [ 40129.02312291]]
