[[-3.69218633 -1.75930988  0.74985309 -4.54986616 -4.90957039  4.4412825 ]
 [-0.40134255 -4.85722237  3.25451024  4.91159983  4.28320773 -2.11465415]
 [ 3.4416374   4.62065775  0.08050215  0.98792289  1.73312884  3.07585633]
 [-3.78328316  3.32507286  0.78313831  4.19988807 -3.40951261 -0.66199647]
 [-3.2836465  -0.58274309  4.76798547  4.05855804 -0.2495443   2.49045604]
 [-3.16737622  2.02656078  0.82496316 -1.18158609 -0.52956692 -2.82202455]
 [ 1.56141858  1.10022042  4.29245912 -4.82501602 -2.73395636  1.54364207]
 [-0.48534498 -0.21713515 -2.80058344  4.72893527  4.23505418  2.58706234]
 [ 1.52195117  2.09404647 -1.29700524  4.86873207  3.72132093  2.44758472]
 [-0.78824102 -0.65253331  3.21561517  2.06369524 -2.25010519 -2.58296618]
 [-3.35669759  3.11348921  2.78825104 -0.16194165  4.05357523 -3.43362679]
 [-3.12639443 -1.58214768  2.54297057 -1.44593141  2.35490712  0.04083356]
 [ 0.08043892 -1.72505553  0.31058752 -1.57223155  0.22724353 -3.00175119]
 [-2.90326009 -4.4539554  -2.15047484 -2.62380114 -2.59329847  1.44317373]
 [ 3.10231299  0.47545372  1.69299235 -4.76569211 -1.5408386  -2.68650598]
 [ 2.00498999 -3.86419998  3.32618141 -0.02860199  3.65486441  3.51744513]
 [ 1.50173287  1.55901325  4.00932777  3.2121382   0.7122358  -2.19868383]
 [-4.87006437  4.65948582  3.54590782  4.19258665 -4.03070016  3.45473746]
 [ 4.25657102 -4.76031519  2.5386452   1.05807239  2.61404648 -4.16850022]
 [-3.8439261  -2.70448461 -1.99031234  0.789557    1.15882564  1.53095807]
 [-3.94616339 -3.67385813 -4.9019583   0.76863068  3.45706509  3.84542394]
 [-1.15044925 -4.23224119  3.52103414  4.54440398  0.97705131  3.65819084]
 [-4.49186034 -2.79497928  4.22930491 -3.30590292 -4.92552863  0.85040995]
 [-1.42804243  4.84280347  3.65303169 -4.52211137 -3.62762893 -0.32616843]
 [-2.55955224 -0.72709438 -0.8355149  -0.30368681  0.61532805  2.28268649]
 [-1.72815855 -0.18495093 -0.71197254 -2.87308146 -1.22710111  4.48573543]
 [ 0.33930475  2.98650306  3.20811139 -1.57372115 -0.31564323 -1.80116498]
 [-0.08583672 -2.28780373 -3.32322403 -0.45304618 -0.2370208  -1.27335317]
 [ 2.30593876 -2.98718481  4.44659304 -4.42341836  0.66307702 -1.88851194]
 [-2.90556392  4.22255124  1.27125455 -3.9980875  -4.43918849 -1.65260081]
 [ 0.50837192 -2.02649518 -3.90579087 -4.70164234  4.72609218 -3.62797326]
 [ 1.17295004 -0.22934018 -1.39379262 -1.28891785  2.23758512  0.22928923]
 [-1.51321486 -1.66359539  4.56237506  2.16476348  0.35366175 -1.79923136]
 [ 3.87577936 -1.3293194   3.76882986  4.3561406  -1.16216241  2.84964687]
 [-3.83696428 -2.26176398 -4.23906281 -2.88845198 -0.81564947 -2.63055663]
 [ 4.76250445  2.14083231 -0.75384272  1.15509043 -1.33962256 -2.64825569]
 [ 1.34570981  0.75625053  0.84691475  0.4959661   0.98436944  4.99195034]
 [-3.25256142 -1.20110798  0.14677371  1.02546458  1.64641593 -2.65368444]
 [ 4.31390041  3.2030822   2.67536038  3.43690123  2.12191587  2.5411242 ]
 [ 4.99532465  0.54812588 -3.15920193 -2.67421352  1.16467998 -1.08872917]
 [-0.1272544   3.65927945  2.30140097 -1.6954678  -3.083095   -4.45036526]
 [-3.61724648 -1.79120519  0.60592147  3.29775764  3.1755956  -4.92244262]
 [ 1.57130738  2.95819711 -0.74798724  4.10353411 -0.38352055 -1.24306016]
 [-2.05453085 -3.12043509  4.74674074  1.8779959   2.53118939 -4.84281192]
 [ 2.9088836   2.83580608  0.67201687 -3.35635095  2.92709857  2.40791389]
 [-0.53916031  4.45819555  3.0242763   2.36376052  2.54598577  2.55578108]
 [-1.2924062   3.66167215  4.19955033  2.0975126   1.97150223 -4.14410648]
 [-2.01486133 -3.70905876  0.34899904  1.66067854 -2.01769186 -2.6222966 ]
 [-0.76503124  1.08160445 -1.31807824  2.29217814 -2.50393827  3.72511329]
 [ 2.7829185  -0.05840785  1.56261326 -1.87446805 -4.15996993  2.67260382]
 [ 1.73813271  0.32124378 -0.25167554 -4.46302239 -4.49784155  4.12526158]
 [ 2.83601387 -3.29542835  4.08083806  2.97417374 -3.12808276 -2.98921143]]
