[[1.00000000e+000 7.43917676e-048 3.60286210e-008 1.18069719e-027
  6.69817578e-029 1.05773029e-048 1.61393019e-058 1.20155865e-072
  1.45820631e-008 5.50937604e-040 1.44425169e-027 5.79593532e-070
  1.05620568e-069 6.88731520e-051 1.73767691e-024 2.25594258e-098
  9.53186520e-031 2.48172806e-066 8.27422109e-059 1.96185929e-033
  1.00000000e+000]
 [7.43917676e-048 1.00000000e+000 3.18444922e-028 1.90427969e-028
  1.74228517e-009 4.61636315e-016 1.75736202e-036 2.25068880e-061
  2.43798228e-046 6.66946498e-030 1.80016688e-056 9.26271565e-055
  6.62687695e-005 2.39993903e-016 3.94349733e-024 6.45339071e-030
  3.42596711e-020 7.38012075e-022 4.81239836e-037 1.03987087e-037
  1.00000000e+000]
 [3.60286210e-008 3.18444922e-028 1.00000000e+000 1.62015139e-028
  5.99432978e-014 6.91582679e-040 9.22820866e-062 4.00034709e-060
  1.02478836e-005 2.11675237e-032 5.18853206e-029 5.61434696e-045
  3.74731586e-046 4.32768715e-037 3.29134518e-022 3.17671034e-078
  5.58969893e-015 1.98235355e-037 2.47537891e-047 1.88014612e-037
  1.00000000e+000]
 [1.18069719e-027 1.90427969e-028 1.62015139e-028 1.00000000e+000
  2.66769879e-019 8.10838002e-053 5.05151977e-017 2.04324362e-080
  4.21271028e-043 1.59773326e-035 1.55555908e-036 4.07611298e-099
  3.95728066e-034 3.92095036e-059 4.41508887e-013 7.56422085e-070
  5.76306793e-050 1.68301488e-074 1.05650916e-056 2.19418675e-054
  1.00000000e+000]
 [6.69817578e-029 1.74228517e-009 5.99432978e-014 2.66769879e-019
  1.00000000e+000 1.47762194e-032 3.75034686e-041 1.10788551e-048
  1.55001289e-022 3.59795208e-013 1.91227235e-030 1.98882166e-047
  1.65204129e-014 2.10804981e-028 3.45556329e-022 1.28771601e-055
  8.00274837e-014 3.17934499e-022 5.27844848e-021 7.42175080e-039
  1.00000000e+000]
 [1.05773029e-048 4.61636315e-016 6.91582679e-040 8.10838002e-053
  1.47762194e-032 1.00000000e+000 1.17390097e-049 3.62700238e-077
  1.47093570e-053 1.03646906e-046 1.47999886e-076 2.37277551e-065
  1.49673456e-028 2.64932431e-005 7.84082614e-039 3.69856157e-034
  6.32439021e-025 3.63768030e-035 3.92509929e-051 2.98670917e-018
  1.00000000e+000]
 [1.61393019e-058 1.75736202e-036 9.22820866e-062 5.05151977e-017
  3.75034686e-041 1.17390097e-049 1.00000000e+000 8.50643630e-106
  4.35011431e-084 1.66701288e-064 4.71224575e-083 1.96034094e-118
  2.65799537e-034 7.82222230e-054 1.95139211e-033 8.17899623e-041
  3.89583174e-065 3.42347188e-103 1.49048471e-071 4.67004423e-065
  1.00000000e+000]
 [1.20155865e-072 2.25068880e-061 4.00034709e-060 2.04324362e-080
  1.10788551e-048 3.62700238e-077 8.50643630e-106 1.00000000e+000
  1.26846845e-061 2.98648935e-054 1.33943912e-032 2.23421248e-028
  1.17049713e-074 5.73193815e-076 2.21795134e-048 6.59887936e-091
  2.28130420e-046 4.18838172e-046 1.12451454e-041 1.59828928e-042
  1.00000000e+000]
 [1.45820631e-008 2.43798228e-046 1.02478836e-005 4.21271028e-043
  1.55001289e-022 1.47093570e-053 4.35011431e-084 1.26846845e-061
  1.00000000e+000 1.43399031e-028 8.92394969e-025 4.50716980e-051
  1.20345355e-066 7.22776775e-049 2.30218710e-038 1.19566973e-109
  1.66858953e-019 1.23088832e-042 2.70741482e-042 9.39368264e-039
  1.00000000e+000]
 [5.50937604e-040 6.66946498e-030 2.11675237e-032 1.59773326e-035
  3.59795208e-013 1.03646906e-046 1.66701288e-064 2.98648935e-054
  1.43399031e-028 1.00000000e+000 3.26772626e-025 5.50584201e-075
  5.33863616e-035 1.26415127e-045 1.45813488e-043 8.67012330e-099
  3.09659550e-030 3.80785766e-029 1.30711862e-010 1.78784797e-037
  1.00000000e+000]
 [1.44425169e-027 1.80016688e-056 5.18853206e-029 1.55555908e-036
  1.91227235e-030 1.47999886e-076 4.71224575e-083 1.33943912e-032
  8.92394969e-025 3.26772626e-025 1.00000000e+000 1.06683472e-069
  2.81405124e-074 3.10703493e-083 1.68012346e-026 5.34635781e-127
  3.57760641e-049 2.37264790e-055 2.89533984e-042 1.20839023e-039
  1.00000000e+000]
 [5.79593532e-070 9.26271565e-055 5.61434696e-045 4.07611298e-099
  1.98882166e-047 2.37277551e-065 1.96034094e-118 2.23421248e-028
  4.50716980e-051 5.50584201e-075 1.06683472e-069 1.00000000e+000
  2.59722246e-069 6.08097611e-050 2.78237571e-066 1.03514821e-067
  1.82528631e-021 2.46240579e-035 1.43312673e-054 7.94375874e-058
  1.00000000e+000]
 [1.05620568e-069 6.62687695e-005 3.74731586e-046 3.95728066e-034
  1.65204129e-014 1.49673456e-028 2.65799537e-034 1.17049713e-074
  1.20345355e-066 5.33863616e-035 2.81405124e-074 2.59722246e-069
  1.00000000e+000 3.94057737e-025 3.70308663e-039 2.99982907e-029
  4.75198222e-031 9.81429588e-032 4.09209195e-037 9.09619338e-058
  1.00000000e+000]
 [6.88731520e-051 2.39993903e-016 4.32768715e-037 3.92095036e-059
  2.10804981e-028 2.64932431e-005 7.82222230e-054 5.73193815e-076
  7.22776775e-049 1.26415127e-045 3.10703493e-083 6.08097611e-050
  3.94057737e-025 1.00000000e+000 1.58080024e-049 6.17335270e-030
  4.91770998e-014 6.34644090e-030 3.73895163e-041 5.55151326e-027
  1.00000000e+000]
 [1.73767691e-024 3.94349733e-024 3.29134518e-022 4.41508887e-013
  3.45556329e-022 7.84082614e-039 1.95139211e-033 2.21795134e-048
  2.30218710e-038 1.45813488e-043 1.68012346e-026 2.78237571e-066
  3.70308663e-039 1.58080024e-049 1.00000000e+000 4.04085310e-057
  2.09817845e-040 3.21268722e-056 1.01879672e-061 5.14337626e-032
  1.00000000e+000]
 [2.25594258e-098 6.45339071e-030 3.17671034e-078 7.56422085e-070
  1.28771601e-055 3.69856157e-034 8.17899623e-041 6.59887936e-091
  1.19566973e-109 8.67012330e-099 5.34635781e-127 1.03514821e-067
  2.99982907e-029 6.17335270e-030 4.04085310e-057 1.00000000e+000
  4.79154722e-050 1.47373140e-073 4.02194247e-084 1.47277420e-068
  1.00000000e+000]
 [9.53186520e-031 3.42596711e-020 5.58969893e-015 5.76306793e-050
  8.00274837e-014 6.32439021e-025 3.89583174e-065 2.28130420e-046
  1.66858953e-019 3.09659550e-030 3.57760641e-049 1.82528631e-021
  4.75198222e-031 4.91770998e-014 2.09817845e-040 4.79154722e-050
  1.00000000e+000 7.81471364e-019 6.17827960e-025 2.02424929e-030
  1.00000000e+000]
 [2.48172806e-066 7.38012075e-022 1.98235355e-037 1.68301488e-074
  3.17934499e-022 3.63768030e-035 3.42347188e-103 4.18838172e-046
  1.23088832e-042 3.80785766e-029 2.37264790e-055 2.46240579e-035
  9.81429588e-032 6.34644090e-030 3.21268722e-056 1.47373140e-073
  7.81471364e-019 1.00000000e+000 5.44044272e-030 2.76957041e-043
  1.00000000e+000]
 [8.27422109e-059 4.81239836e-037 2.47537891e-047 1.05650916e-056
  5.27844848e-021 3.92509929e-051 1.49048471e-071 1.12451454e-041
  2.70741482e-042 1.30711862e-010 2.89533984e-042 1.43312673e-054
  4.09209195e-037 3.73895163e-041 1.01879672e-061 4.02194247e-084
  6.17827960e-025 5.44044272e-030 1.00000000e+000 3.14308168e-041
  1.00000000e+000]
 [1.96185929e-033 1.03987087e-037 1.88014612e-037 2.19418675e-054
  7.42175080e-039 2.98670917e-018 4.67004423e-065 1.59828928e-042
  9.39368264e-039 1.78784797e-037 1.20839023e-039 7.94375874e-058
  9.09619338e-058 5.55151326e-027 5.14337626e-032 1.47277420e-068
  2.02424929e-030 2.76957041e-043 3.14308168e-041 1.00000000e+000
  1.00000000e+000]
 [1.00000000e+000 1.00000000e+000 1.00000000e+000 1.00000000e+000
  1.00000000e+000 1.00000000e+000 1.00000000e+000 1.00000000e+000
  1.00000000e+000 1.00000000e+000 1.00000000e+000 1.00000000e+000
  1.00000000e+000 1.00000000e+000 1.00000000e+000 1.00000000e+000
  1.00000000e+000 1.00000000e+000 1.00000000e+000 1.00000000e+000
  0.00000000e+000]]
