[[-4.37426463e+00  1.95140807e+00  7.50982097e-01  1.89785147e+00
  -1.47123265e+00 -2.31069661e+00]
 [ 2.03051404e+00 -2.78275420e+00  1.39213525e+00 -2.69187669e+00
   4.03605104e+00 -1.64665939e+00]
 [ 3.76107687e+00  6.75288213e-01  5.19228241e-01 -1.52124283e+00
   4.57489725e+00 -4.47648360e+00]
 [ 3.23571202e+00 -9.07004054e-01 -2.22421951e+00  1.94179195e+00
  -3.92883132e+00 -2.91523580e+00]
 [-4.18078519e+00  3.77308318e+00  2.79119375e+00 -1.25641427e+00
   3.04512480e-01  1.94218439e+00]
 [-1.23715446e+00  1.60548473e+00 -2.04418218e+00 -3.95152651e+00
   4.99072003e+00  4.60017523e+00]
 [-1.50869646e-01  4.16641438e+00 -2.02837656e+00  1.51289328e-02
  -1.94707684e+00  1.17054131e+00]
 [-9.39413211e-01  3.87453736e-01 -4.37219438e+00  3.14253663e+00
   7.69786534e-01 -4.29237226e+00]
 [ 5.31288809e-01 -1.05472235e+00  4.61027550e+00  4.87500766e+00
   4.89479466e+00 -3.85869249e+00]
 [ 3.20893868e+00 -4.80291620e-01 -4.94988045e+00 -2.54776978e+00
  -3.12974884e+00 -4.03368585e+00]
 [ 9.64008394e-01  3.37028690e-01 -6.62054440e-01 -9.23749265e-01
   2.22065055e+00  4.05944690e+00]
 [-2.27159847e+00  4.41602034e+00 -3.39117725e+00  1.94147411e+00
   1.94889870e+00  4.09242670e+00]
 [-2.85833114e+00  4.01423167e-01  4.13013495e+00 -2.91182508e-02
   5.31830937e-01 -4.49537049e+00]
 [ 3.51631764e+00  2.00595326e+00  4.47236662e+00 -1.33418209e+00
   8.54070520e-01  8.37707537e-01]
 [-2.35800330e+00 -1.89242914e-01 -1.77014360e+00  3.54391431e+00
   3.45588271e+00  4.21417832e+00]
 [ 6.12117968e-01 -1.17620197e+00 -1.37130140e+00 -2.95452427e+00
   4.32476134e+00 -4.13513825e+00]
 [-1.14202222e-01 -4.21146995e+00  3.30179818e+00  1.24984730e+00
  -2.01279025e+00 -2.50975068e-01]
 [-4.58026856e-01  3.95837890e-01  1.35491682e+00  4.21476534e-01
   1.42365783e+00  2.82118730e+00]
 [ 2.03651562e+00  3.37655243e+00  4.16658710e-01  2.38135399e-03
  -4.44749402e+00 -2.21418222e+00]
 [-3.24658352e+00 -1.00780112e+00 -1.08768115e+00 -4.22810943e+00
  -1.24915885e+00 -3.73357176e+00]
 [-2.07893623e+00 -3.27684232e+00 -3.89636487e+00  1.83780363e-01
   2.73418562e+00 -4.49393040e+00]
 [ 4.32087348e+00  4.46400700e+00  4.39148762e+00  2.73788128e+00
   2.56542716e-01  9.39435530e-01]
 [ 3.38117229e+00  3.79774825e+00  3.64362440e+00  2.54542581e+00
   4.21565618e+00 -4.76615796e+00]
 [ 3.65934315e+00  1.53663524e+00 -3.80793882e+00 -3.41067956e+00
  -4.71934034e+00  4.70024570e+00]
 [ 2.63250713e+00  6.48033794e-01 -2.13102582e+00  1.29358406e+00
   4.31632260e+00  3.06446587e+00]
 [-2.81147717e+00 -4.46855698e+00  3.04671309e+00 -2.71122136e+00
  -9.73509736e-01 -1.56477305e+00]
 [-4.53697117e+00  2.96105027e+00  3.73442956e-01 -3.50576002e+00
   1.75013444e+00 -3.32759531e+00]
 [ 1.98024078e+00  4.75989797e+00  3.55431854e-01 -1.40043148e+00
   4.32719284e+00  2.91988373e-01]
 [ 1.66801574e+00  3.02171757e+00 -5.11675638e-01 -1.83365845e+00
  -2.43174515e+00 -1.55595017e+00]
 [ 3.37326803e+00  9.81300299e-02  3.33692286e+00 -2.65389747e+00
   4.62364549e+00 -2.59688358e+00]
 [ 1.49145203e+00  3.59279614e+00  3.11786767e+00  2.23291159e+00
   4.36167248e-01 -1.50514466e+00]
 [ 2.12250768e+00  2.23956830e+00  2.49542527e+00  6.41038256e-01
   3.67218282e+00 -3.95656789e+00]
 [ 3.56116352e+00 -4.36270199e-01  4.32553951e+00 -2.41775188e+00
  -3.35808338e+00 -1.70753068e+00]
 [-1.90488076e+00  3.15198687e+00 -1.12572626e+00  9.32308462e-01
   1.20603376e+00  4.43575185e+00]
 [-1.23236390e+00 -2.94396472e+00 -4.33975148e+00 -1.02923675e+00
  -3.96424243e+00 -2.77235716e+00]
 [ 2.50563730e+00 -1.26037740e+00 -4.97743393e+00  1.28048689e+00
   2.47727860e+00  4.09082515e+00]
 [-1.17490385e+00  2.13979788e+00  3.89631469e+00 -2.22406333e+00
  -4.96993173e+00  3.39230655e-01]
 [ 2.24332138e+00 -2.34479233e+00 -1.40077504e+00  2.95809889e+00
   2.50773840e+00  3.21342134e+00]
 [ 3.76854908e-01  4.88002586e+00  2.36604895e+00  2.13426503e+00
   4.07044006e-01  6.26675457e-01]
 [-3.61685827e+00  6.86118247e-02 -8.64183674e-01  3.50143648e+00
  -2.36538558e-01 -6.11028815e-01]
 [ 3.29451574e+00  2.83747336e+00  3.43835623e+00  2.84620224e+00
  -1.35773956e+00  2.58376658e+00]
 [ 3.51280004e+00  2.45919159e+00 -4.84172762e+00 -2.46986126e+00
   3.42981740e+00  3.75176505e+00]
 [ 3.97691830e+00  2.06101813e+00  1.79638446e+00 -3.02130991e+00
  -1.87728607e+00  2.36448947e+00]
 [ 5.85536982e-01 -2.44784305e+00 -4.51813800e-01  4.61853087e+00
   3.86214468e+00  3.99738494e+00]
 [-2.35545380e+00  4.47881667e+00 -2.35741608e+00  1.18049708e-01
   2.33363544e+00  1.18948392e+00]
 [-3.65667375e-01 -4.79467438e+00  2.80326518e+00 -4.34956376e+00
  -4.18255023e+00 -7.20272464e-01]
 [-1.26773780e+00  1.70543385e+00  1.42167121e+00 -3.99798642e+00
   1.52823957e+00 -1.10590774e+00]
 [-9.33785297e-01 -3.37199356e+00 -2.50415480e+00 -3.10494016e+00
   1.46735678e+00 -4.02875286e+00]
 [-3.67200665e+00 -3.54009544e-01 -3.76919735e+00 -1.85692986e+00
   3.63244740e+00 -7.61414464e-01]
 [ 2.89442918e+00 -2.91082817e-01  3.05887838e+00  4.21382197e+00
   2.78358692e+00 -3.12789817e+00]
 [ 2.62157129e+00  4.30768015e+00 -3.32355173e+00  4.13278428e+00
  -1.34580572e+00 -2.69161180e+00]
 [ 2.04447471e+00 -2.31831942e+00 -2.02624776e+00  1.93049045e+00
  -6.75180409e-01  2.46641367e+00]
 [-2.06402898e-02 -1.54275985e+00 -4.45673275e+00  5.94217563e-01
  -2.17244220e+00 -4.77894426e+00]
 [ 2.64941003e+00 -4.06513228e+00  1.26512229e+00 -2.28383025e+00
  -4.79986282e+00  3.74973272e-01]
 [-1.77532150e+00  5.24467217e-01 -2.81288483e+00  4.52865995e+00
   1.69925035e+00 -3.61272030e+00]
 [ 1.51836722e+00  2.40997023e-01 -9.03816363e-01 -2.38160341e+00
   1.62202532e+00 -4.23370938e+00]
 [ 2.35786016e+00 -9.17418092e-01  5.89826609e-01  1.55865477e+00
   3.99858028e+00  3.30200275e+00]
 [ 4.11665807e-01  4.04449376e+00 -1.13291763e+00 -5.03299514e-01
   4.63662159e+00 -3.99143271e+00]
 [ 4.88997774e+00  2.54837400e+00  1.82341334e-03 -2.34656511e+00
  -3.45414781e+00  1.24494869e+00]
 [-8.02823238e-01 -2.64918703e+00 -1.98139847e+00 -1.12258129e+00
   1.37591888e+00  4.24713397e-01]
 [ 3.49313938e+00  1.50280828e+00 -4.97089078e+00  3.24464869e+00
   3.58109787e+00 -8.60640733e-01]
 [-3.22911363e+00  3.67344066e+00 -6.27902551e-01 -1.54938396e+00
   9.45022230e-01  4.09192193e-02]
 [ 1.46444680e+00 -2.19963970e+00 -1.91665795e+00 -3.41570013e+00
   1.55126765e+00  4.57981450e+00]
 [-2.40445397e+00  7.51215271e-01  4.71698249e+00  1.73254326e+00
   4.07436593e+00  8.32421443e-01]
 [ 3.03621334e+00  4.25192662e+00  1.79597413e+00 -2.04189353e+00
   3.01255686e+00  7.49287444e-01]
 [ 3.67257959e+00 -1.20273393e+00 -1.44966480e+00  6.33965952e-01
  -2.52459369e+00  4.78630981e+00]
 [ 4.26457465e+00  2.69888074e+00  4.38921960e+00  2.05470330e+00
  -2.17414052e+00 -2.32139260e+00]
 [ 4.28301973e+00 -4.34002062e+00  2.30665189e+00 -4.41512068e+00
   3.80583086e+00 -2.53241478e+00]
 [ 9.60152607e-01 -2.10598718e+00 -2.86598330e+00  4.61144092e-01
   5.67148468e-01 -1.14745299e-01]
 [-4.47840217e+00  2.27319353e+00 -4.60108548e+00 -2.65867767e+00
  -1.98480142e+00 -4.37280841e+00]
 [ 4.03171603e-01  2.63289051e+00  4.23245032e+00 -9.91379981e-01
  -2.81759826e+00 -6.50300979e-01]
 [-8.82074536e-01 -2.48116769e+00  2.53930866e+00 -1.48768244e-02
   6.81832921e-01 -7.39080272e-01]
 [ 3.56576162e+00 -1.80399527e-02  2.47304736e+00  2.94426785e+00
   9.48628747e-01  4.89673123e+00]
 [ 4.59650455e+00 -1.56831859e+00 -2.56085825e+00  3.80849802e+00
  -3.78874745e+00  7.81020177e-01]
 [-1.81525545e-01  4.67431098e+00  9.38078345e-01 -1.94262121e+00
   3.50298162e+00 -3.23058976e+00]
 [ 1.62094926e+00  2.51681857e+00  3.46327433e+00  8.34024151e-01
  -8.55194014e-01 -3.29874728e+00]
 [-8.47601372e-01  1.11571667e+00  2.16038681e+00 -3.05506645e-01
   2.56084284e+00  2.65179553e+00]
 [-3.27197259e+00 -2.24368293e-01  3.40692465e+00  1.81513435e+00
  -4.82793613e+00  4.63964131e+00]
 [ 4.61746802e+00 -4.82860230e+00 -2.20457232e+00  2.56544074e+00
   3.59272423e+00  9.43362861e-01]
 [-1.49404447e+00  7.19969172e-01 -4.51333785e+00  4.06351941e+00
  -1.22406393e+00 -2.47390385e+00]
 [-4.91358121e+00 -2.23601334e+00 -6.92663702e-01 -3.38879758e+00
  -2.02441721e+00  3.59222379e+00]
 [ 1.41349504e+00 -4.99418812e+00 -1.06507202e+00  6.70422916e-01
  -9.61711067e-01 -2.90375681e+00]
 [-2.07147501e+00  1.79803861e+00  4.92003283e+00 -2.82664327e+00
   3.44278659e+00  3.86253445e+00]
 [ 3.48771602e+00  1.85943937e+00 -4.92622403e+00 -2.94604893e-01
   4.71414105e+00  8.67943606e-01]
 [-3.79126258e+00 -4.58313153e+00 -4.27122888e+00 -1.74045382e-02
   4.33159243e+00 -3.70600070e+00]
 [ 1.62549781e+00  1.16111169e+00  2.49787560e+00  4.64237983e+00
   1.56319336e+00 -2.86452949e+00]
 [ 9.73261905e-01  2.98880138e+00 -3.06736408e+00 -3.34933139e+00
  -8.16445111e-01 -4.24130970e+00]
 [ 4.96793745e+00  4.38824992e+00 -2.06758872e+00  3.46321161e+00
  -1.36002915e+00 -2.21306524e+00]
 [-1.04160063e+00 -9.48534394e-01  3.17175272e+00 -4.22605646e+00
  -1.21936612e+00 -6.46022357e-02]
 [ 5.70246277e-01 -1.62237154e+00 -2.40567160e+00  1.04972247e+00
  -3.97305849e+00 -3.77510160e+00]
 [-4.30238701e+00 -3.85153869e+00 -1.43383921e+00 -4.16906052e+00
   1.94386831e+00  2.57014278e+00]
 [ 8.46100835e-02 -2.78985292e+00  3.54085449e+00  3.40904447e+00
   4.57907700e+00  1.69971254e+00]
 [ 9.06691029e-01 -1.25603998e+00 -4.16928322e+00 -3.36709543e+00
   6.26041112e-01  2.30002132e+00]
 [-1.57888138e+00 -3.48136008e+00  8.15555841e-01 -3.19624691e+00
   3.25209592e+00  3.10327134e+00]
 [ 2.10318183e+00  1.70017638e+00 -1.71904286e+00 -4.44334242e+00
  -1.14454986e+00 -3.82992287e+00]
 [-1.38051613e+00  4.32558113e+00  4.51470136e+00  2.40178174e+00
  -1.02941324e+00  2.45068141e+00]
 [-2.36265873e+00  1.15068857e+00  4.29786173e+00 -2.36989771e+00
   3.58160008e+00  3.29756126e+00]
 [ 3.24372596e+00  2.11959242e+00  4.36657491e+00 -3.88748986e+00
  -4.44956626e+00  4.60537821e+00]
 [ 1.59873929e+00 -2.13487996e+00  3.57395337e-01 -1.45967938e+00
   2.87907016e+00 -4.86071271e+00]
 [ 2.80198539e+00  4.28404571e-02 -3.17087413e+00  1.70997907e+00
   1.26251893e+00 -2.88945759e+00]]
