[[ 4.57318326  2.62542228 -4.93130056 -2.45233985  2.52285518  0.21346944]
 [-3.08684508 -2.37975045 -0.39360786  3.10210038 -4.77762051 -1.4803405 ]
 [ 0.58024807  3.66969548 -2.18700225  0.97665277 -4.69296205  0.15795286]
 [ 4.92275002 -4.0031158   3.27404615 -1.7447221   2.64828702 -4.99193479]
 [-1.2952435  -0.25920362 -2.68124801 -2.03996834  0.1027587  -2.68221935]
 [-3.43719435  2.54989055  3.7745451  -4.16936673 -4.82810828  4.33186126]
 [-0.9968663  -2.38892738  2.2924979  -4.33828933 -4.73686779 -3.81620418]
 [ 1.36568236  1.70335383  2.35446908  4.77071318 -2.17029044  4.50490469]
 [ 0.05555904 -3.66911988  4.03491486 -1.64027927 -1.21414258  2.77741284]
 [ 4.01872928 -3.63975185 -4.74717841 -1.75428648  2.81754677 -0.47455578]
 [-4.24179315 -2.90900488 -1.52068491 -0.04919425  2.72050732  4.23583725]
 [ 3.70051031 -3.81346821 -0.03324727  0.56359074 -2.37546003  1.98248562]
 [-2.15847454 -4.09915367 -2.64908936 -3.3883163   2.04837325  4.73869318]
 [ 1.6663378  -3.70285227 -4.83337336 -4.7796323  -1.73884068  4.04982866]
 [-4.86021927 -2.70681403 -4.59817151 -3.2658124  -3.05783491  3.08841525]
 [-4.5007681   1.92741438 -3.40998094  1.12985938  4.54768152  0.26703438]
 [ 0.0114248  -1.06150787  3.76613999 -2.64729787  4.82055393  2.58409819]
 [ 4.75588499 -3.23152558  2.11264357  2.13086332 -0.50802588 -1.29253856]
 [ 1.82354746  2.57517903  1.93715445  4.43389865 -3.06305042 -3.13276871]
 [ 1.42306679  2.27463482  1.65497276  2.23892789  3.25192975  0.54404123]
 [ 3.78220068  1.98068304 -2.86598458 -2.73627836 -1.94638603 -4.43796799]
 [ 3.12456318  2.04822615  2.78278025 -0.15036852  3.67691106 -0.40843284]
 [ 0.94168368  3.60646366  2.22546219  3.20009442  0.10730848  3.74571462]
 [-2.19538762 -2.60555609 -1.15765647  4.16398098  0.03130313 -2.37746564]
 [-4.2516473  -3.3068474   2.86200841  2.06922523  4.45112218 -0.63809694]
 [ 2.71676457 -2.12732005 -2.27062171 -2.08661452 -4.62345479  0.53807842]
 [ 0.95360167 -3.98365561 -4.30485446 -0.29862943  1.45935502 -3.11600949]
 [ 0.62315373 -0.99709981 -4.53420126  4.22608796  2.06628594  2.86444763]
 [ 0.48236859  1.76480448  0.1992976   3.17435962  2.73912518  4.13340994]
 [-2.5287431  -2.87272184 -0.87185854 -0.54935214 -3.58685262 -1.40619097]
 [-3.19174836 -3.67582966  2.49455589 -0.11440039  3.88908032  3.61753105]
 [ 4.62512764 -2.71440406 -4.4698197  -1.56447555  1.77843148 -4.81806693]
 [ 2.18503526  1.48757105  2.93221818  0.25480971  2.75953128 -4.02367418]
 [ 1.88351429 -0.66624082 -4.87436037 -2.71082035 -4.18607125  2.58749363]
 [-1.48376843  2.20293997 -2.27233446 -2.61670511 -3.48469545  2.82101163]
 [-4.83456213  3.67858054  4.07889079 -3.3306651  -0.11077838  2.98365413]
 [ 0.50169797  3.39239866 -2.15090109 -0.39105095 -1.54815045 -2.99577974]
 [ 2.67127184 -3.70741962  0.0968444  -3.78313659 -1.07895009  1.53548291]
 [ 4.28955693  1.98675543  2.58462944  1.70926676 -4.27278034 -0.13354432]
 [ 0.01813243  2.00538665  1.59724119  4.20498229 -3.42365715  4.45745899]
 [ 4.54878836 -2.67867488  2.98159866 -2.14449662 -3.51094216  1.20175428]
 [-3.51067161 -0.61205193  3.67673202  3.26778076 -4.61628368  2.25356163]
 [-2.73957976 -4.67310183  4.17574588  0.64676095 -4.96227832  0.85779224]
 [ 1.40257474  3.07400266  2.95838664  3.18958639  4.27641579 -1.32400713]
 [ 1.8411946   4.41473389 -4.24697532  0.38762389 -4.43704821 -2.55053972]
 [-1.13281537 -2.0010324   2.80338229  1.53025231  4.46181498 -3.4353324 ]
 [-4.80842711  1.61368226 -4.70243436 -2.01314954  2.29520141 -3.70059705]
 [ 0.42502681  0.63870457  3.20128081 -0.82956347  1.75127464  3.85257236]
 [ 0.21250098  0.52649032  3.8883152  -4.84101506  4.04089893  3.3155008 ]
 [-1.41819175 -3.1923763  -2.31400918  3.49724047 -3.3549061  -4.90361177]
 [-2.95296531 -2.11047452 -2.15257806  0.11825583  4.92529969  2.64666593]
 [-2.26289643  3.26397071 -3.3441994  -3.02001618 -0.07703886  3.11259069]
 [-2.36906341 -1.37680607 -0.92834844  4.89087056 -3.80870738 -1.43859925]
 [ 3.43901931  1.03947506  0.71902646  0.51929778 -4.72976162 -3.03411483]
 [ 2.95549414 -4.24703274 -1.5789924   0.9785547  -0.77581279 -0.54067815]
 [ 0.37371134  3.01195449  2.04222617 -3.43517932  2.21926473  3.98307381]
 [-3.00585494  2.46166194  1.47494601 -3.08389715 -2.36308378 -1.56367323]
 [ 4.56489215  0.65037187 -2.85162171  1.74702879 -0.28124645 -4.19448416]
 [ 2.45244517  2.2267375   2.66050305 -1.97439837  0.43226143  0.17372603]
 [ 3.90643627 -4.6533772  -2.15010672 -0.41055008  4.43365249  2.36218565]
 [ 1.53964011  1.72002589 -2.42573653 -4.75143752 -4.26851162 -0.3394499 ]
 [-0.29017291 -2.88352265  1.60805857  2.82570219 -4.91537417  0.27613154]
 [-0.25891811 -3.91451361  0.19309955  0.54962322  0.72555495 -0.46351873]
 [-0.57305356  2.55684207 -4.60882446 -4.51223068 -0.24229075  1.5493561 ]
 [-1.20798331 -2.42472743 -4.71298446  1.63062087 -1.25966619 -4.49157641]
 [ 1.10407161  2.74151137 -2.83883259 -1.93889419 -4.64272703 -4.10303527]
 [-2.61108338  2.05038696 -2.15519221  3.23784409 -2.70700754 -3.12337122]
 [ 0.51128103 -2.82274876 -4.08196509 -4.88722348 -1.68117455  2.04492512]
 [ 0.41023064 -0.81457369 -2.16487501 -3.7112658   3.12729168 -1.73591616]
 [-3.4861386   1.46134319  1.57448541  2.21074659 -3.88160724  4.13716513]
 [-0.50419058 -3.48323121  3.79220982  0.24835469  0.96416343 -3.71144639]
 [ 2.68160813  4.56100253  1.13679012  0.93770908  0.11624385 -2.54532996]
 [ 3.99580248 -1.47437597  4.99246831 -4.08597133  0.66931662  1.84596245]
 [-1.02546935 -3.52922096 -2.75576952  1.33230216  2.79003172 -4.9386864 ]
 [ 3.5394196  -0.99293254  2.06716151 -1.96982999  0.46009597 -3.81734235]
 [-2.22568939  2.23474633  4.02462466 -2.43130856  2.38890797  3.53576804]
 [ 2.92057785  4.81553519 -2.80086021 -2.34960269 -0.79528541  1.23680056]
 [ 2.43434471 -3.67221792 -3.9280309   2.3844033  -3.49280686 -0.45933992]
 [-2.68465905 -0.04718047 -1.65935249 -2.81663455 -2.57673448  4.35627365]
 [ 4.26572894  2.54117815 -1.27174357  2.03926216  1.96444254  0.85098537]
 [ 3.80503174  0.84574323  1.72190675  1.81606732 -3.66995372  4.31688559]
 [ 3.70128949 -2.23168485  4.6650736   0.3555763  -0.89897662  3.19096069]
 [ 2.01206708 -0.59264312  1.00943335 -1.91984944  0.5907174   4.00349821]
 [ 2.25779899  0.69911555  2.01790276  2.84240192 -1.36599469  0.23806766]
 [ 3.94852918  3.69599681 -3.61732885  1.72752696 -4.74604819  0.27333888]
 [-2.42292607 -2.44257623 -4.3263021   0.26870001  2.46648853 -0.68896253]
 [-2.25375073  0.90124187 -4.32568592  3.69035373  3.34844287 -1.94325721]
 [-2.85586285  3.97212908  0.02181601 -2.88562806 -4.16165726  2.95486397]
 [-1.46097564  4.60382956 -2.03500033 -1.68200394  2.55052376  4.73446524]
 [ 1.18658006  3.48507444 -0.75713123  4.95160798 -4.17015576 -1.08198077]
 [ 2.59425222 -0.45089606 -3.97380105  0.01822915 -4.29096533  2.35890275]
 [ 4.01700634  3.60323604 -4.49901576 -0.05447304 -0.36152652 -4.25798824]
 [ 0.48932493  1.9525735   4.56532801  3.76309119 -3.08203249 -2.27948062]
 [ 0.27286151  0.30545802 -3.99145643 -3.72918516 -4.38673269  4.55696056]
 [ 1.90724598  4.86136783  4.09735699  0.42069888 -3.34147131 -2.91449253]
 [-4.84143271  1.05585322 -4.11157053  1.63153088 -3.17213624  1.12133292]
 [ 1.30763466  1.43995303 -3.40889768 -1.38580644  0.86073505 -3.51479681]
 [ 2.75683126 -0.85896717 -2.48657899  4.76194182 -3.37687898 -0.59310727]
 [-1.8902574  -3.26229746 -4.35054883 -3.52714025  2.4793324  -2.42134686]
 [ 0.95030908  2.45269574 -1.39309022 -4.31858769 -1.31078205 -4.08933462]]
