[[ 1.55791277  4.03284783 -4.08217815  4.27811288  1.20354281  1.18210731]
 [ 3.15986875 -0.18196968 -4.75996989  0.29564916  4.56431942 -2.0005333 ]
 [-0.73435998 -3.47009608 -3.66688262  1.5454963  -3.68686323  2.54116089]
 [-1.57275442  4.94316504  2.57771675 -3.0200238  -3.47669717  0.69993306]
 [-2.54885129 -2.4390528  -0.23593093 -3.13653854  1.6232254   4.483494  ]
 [-1.11049132  4.60882939 -1.08808114 -3.050932   -2.15226123 -3.77119374]
 [-4.45587136 -0.57211359 -0.10582112 -1.2252776  -0.43232413 -0.5502701 ]
 [-0.66954866 -4.17020613  2.26786565 -2.88825085  4.85121651 -0.35911338]
 [-4.90675337  3.63448511  2.45688514 -3.64841967  2.98708342 -1.13572089]
 [ 1.73439122 -0.76127746  4.67434589  1.81339134 -2.13249525 -4.03618497]
 [-0.26112434  2.46343727 -4.54697835 -2.34686142 -3.86763304  0.92622975]
 [-3.28016719 -2.53641241  3.54325661  4.02542118 -2.01438865  0.12850723]
 [ 2.64188851  3.31633682 -0.28177316  4.86745932  3.22169916 -2.75297731]
 [ 4.39332511 -3.53975578 -2.149595    2.21567854 -2.80116663 -4.54304456]
 [ 4.67017662 -4.22422078  4.62513406 -0.80346462  3.12894674 -1.20608534]
 [-3.73343228  0.55678378  2.98016798 -4.65705475 -3.80242821 -4.36780499]
 [-2.91936948 -2.4253389   2.77692575 -1.11936886 -0.09622713 -0.05602677]
 [ 1.7830073  -0.92644207  1.2864675   4.59645183  2.32632752 -2.91044688]
 [ 0.64553222 -2.16427373  4.44129953 -0.60851971 -2.52011558  0.07144923]
 [-0.29940689  0.17865771 -0.42091416 -0.99608232  4.37368336  3.639262  ]
 [ 0.14431825  1.30884172 -3.68896445  1.22988849 -0.81749873  3.15070272]
 [-0.5249755   4.73190714 -1.05057691  1.32664115  0.00600274 -4.38696493]
 [-3.32872952  0.10296903  4.23988405  1.42103643 -2.72158339  3.96428153]
 [ 4.27291529  1.20788694  3.0138462  -3.11647852  1.13013736  2.97469398]
 [ 1.68454165 -0.93742003 -4.47688318  0.17190652  3.71094894  3.67694309]
 [ 2.25182552 -4.15607693  4.91447836 -4.26823582 -3.29129454 -2.09012389]
 [ 0.59929077 -3.34171791  4.67884613  2.53425589  1.43066663 -3.0792877 ]
 [ 4.94053158 -4.30899697  4.31967687 -0.11144325  2.30871606  0.37044339]
 [-1.72480572  1.89966489  3.04126855 -0.98868814  1.5191326  -3.48616224]
 [ 0.51294116 -2.96323978 -1.33020419  1.23359493 -3.78338418 -4.52178099]
 [-2.23771356  3.34720853 -2.87260029  1.28556709 -3.86498557 -1.34578128]
 [-3.30196346 -4.23877434 -3.13526683 -4.72174481  3.39249373 -0.14126419]
 [-3.24425424  1.64232672  0.73689483 -1.18793766  0.19335045 -1.49745941]
 [ 0.89683506  1.02888821 -1.43112033 -3.88338113 -4.87474254 -2.23743428]
 [-4.92392725  2.73458151  0.5858202  -4.05186435 -1.63231331 -1.50310553]
 [ 2.06003531 -3.49517196 -2.04673922  4.56010404  0.17119476 -1.25663892]
 [ 0.95835238  1.88664755 -1.98831169 -1.61491858 -3.25003767  1.00552719]
 [-3.06537703 -0.56104496 -2.54789941  4.73176576 -2.70605502 -2.3946734 ]
 [-0.03805763  4.96079667 -2.90138815 -0.11125264  2.00966608  3.98192636]
 [ 4.81247295 -0.89553383 -1.49373755  4.95067973  0.72874908 -1.06536776]
 [-3.08305379  1.59536421 -0.27290782 -4.47356798 -4.59426421  4.54166576]
 [ 4.77349204 -1.47591703 -3.06720587  1.45874441  2.00274785 -1.10661188]
 [-1.51822898 -4.19942939 -0.11829402 -0.21293002 -4.25792633 -4.31758395]
 [ 0.17363436  1.88183004  3.40126034 -4.62201138 -2.09135574 -4.77112661]
 [ 0.23223916  0.11535794 -0.01006405 -4.26333129 -3.59853663 -3.6513833 ]
 [-2.53919689 -4.09737994  0.52831259  3.80197647 -3.50681129 -2.39051706]]
