[[ 2.50079835e+00  3.53649972e+00 -1.27437982e+00 -1.17736480e+00
   1.30347822e+00 -1.19841057e+00]
 [ 4.71542583e-01  1.91806249e+00  4.78964707e+00  1.45674285e+00
  -1.58531677e-01  3.21781492e+00]
 [ 8.27096846e-01  1.03811007e+00  2.99093397e+00  4.72831554e+00
  -3.35805493e-03  1.94281334e+00]
 [ 9.80956054e-01 -7.22550016e-01  5.31761352e-01  4.24817558e+00
  -8.35602801e-01 -2.53506554e+00]
 [ 8.70098412e-01  4.85561017e+00 -4.69032480e+00 -1.95989777e+00
   3.84671276e+00 -1.86264647e+00]
 [-2.78958260e+00 -1.92028568e+00  4.32617196e+00  4.64892128e-01
  -3.20837867e+00 -4.49366905e+00]
 [ 2.11584263e+00  5.42798144e-01  3.48784477e+00  8.94056042e-01
  -2.98704178e+00  3.73304225e+00]
 [ 3.54344508e+00  3.29534839e+00  3.90101743e+00 -3.38534799e+00
  -2.62953187e+00  4.13988230e+00]
 [-4.18216588e+00 -6.30441239e-01 -2.96884435e+00 -2.53511012e+00
   4.14120936e+00  3.77116792e+00]
 [ 3.16010881e+00  4.54444929e+00 -2.25207012e+00 -1.35178574e+00
  -7.51763481e-01  3.12452175e+00]
 [ 4.73162716e+00  1.27173058e+00  2.84401674e+00  1.26513888e+00
   6.27866157e-01 -1.43857892e+00]
 [ 7.64945782e-01  2.45407949e+00  2.71799839e+00  3.76051430e+00
   3.62427083e-01  9.48901582e-01]
 [-4.02527260e+00 -3.05521282e+00 -3.02217277e-03  1.52919731e+00
   1.02179882e+00  2.15678673e+00]
 [ 4.56934272e+00 -3.34843442e+00  1.11253278e+00 -8.63721363e-01
   1.05942085e+00  2.48656126e+00]
 [ 3.50147868e+00  4.68906318e+00  1.08790527e+00 -4.20905321e+00
   3.71364104e+00  2.58385625e+00]
 [-2.26600255e+00 -4.24304088e+00  2.16127675e+00 -3.37552685e+00
  -4.23125417e+00 -2.63108790e+00]
 [ 1.28382479e+00  2.06963695e+00  5.58750261e-01 -4.61570974e+00
  -7.91352049e-01 -2.67933677e+00]
 [-4.52055527e-01  4.28897639e+00 -1.85920726e+00 -2.79759582e+00
  -4.74211535e+00  3.84125451e-01]
 [ 4.07970141e+00  4.32326721e+00 -4.67910919e+00 -4.17674130e+00
  -3.57404032e+00  4.53375711e+00]
 [ 2.36543119e-01 -4.08810119e-01  2.47215140e+00 -7.34326070e-01
  -2.07901850e+00  2.01160106e+00]]
