[[-2.56209889  0.85808231 -3.77393557 -1.59624656  3.68895108 -0.32754156]
 [-3.41307036  2.48314212 -2.92191     1.44224008 -0.69756933 -0.7775784 ]
 [ 4.58848091 -1.30917679  4.71363636 -3.18418376 -2.20231281 -3.35513935]
 [ 1.15057957 -0.42263574 -1.3417051  -4.87546736 -4.93149468 -1.0798361 ]
 [-2.88116673 -2.33095952 -3.28692733  4.81965153  2.64465675  4.44654917]
 [ 1.63707902  4.53477412  0.30156356  0.08088985  2.18504092  2.1619189 ]
 [ 4.51139249 -1.83268886 -2.84861676  4.8617307  -4.13445325 -0.26265173]
 [ 2.36746274 -1.47313722 -1.28095978 -0.16934348 -3.0186971   1.60757759]
 [-2.39889987  1.02806468  2.70809868 -1.15761351 -0.38796949  3.60981167]
 [ 4.17427942 -3.47640593 -4.51895746  2.73954877  4.46230716  4.85652564]
 [ 2.79836623 -0.5280777   4.73856845  0.54198974  3.59417998  0.34943662]
 [-0.26639026 -0.11985418 -4.73046646  3.82875455 -1.08009468 -0.74298899]
 [-4.04127497  0.66747447 -3.21479247  2.22720019 -1.34170849 -0.58148756]
 [ 3.74208369 -1.54212864  4.02142625  4.97644295 -2.4922579  -4.6412742 ]
 [ 2.2289621  -1.98540009  1.33390167 -1.32677971 -1.42911305  0.87425966]
 [ 3.60703169 -1.17498203 -4.19895941  3.25398064 -3.63798038 -3.01519397]
 [-3.24767888 -2.57556855 -2.9733801   2.28934672 -1.76763621 -4.35932995]
 [-4.06933635 -3.58114838 -1.62841807  1.19598232 -0.7456378   0.57106087]
 [ 3.68961063  1.21584527  0.58023664  2.88674629  3.92881064  2.95536821]
 [ 1.07269665  4.09897132  3.05679817  0.21095513 -1.51641137 -4.0965048 ]]
