[[1.00000000e+000 8.09043587e-023 7.47277212e-017 2.77764424e-040
  7.19396904e-020 9.30934395e-068 3.64047236e-015 1.83402602e-033
  9.48111664e-039 7.99554689e-013 8.23648077e-040 1.36527797e-017
  2.50497313e-026 1.14966002e-029 3.69430868e-080 6.15790661e-030
  1.49767096e-062 4.16650670e-059 4.36396666e-031 5.35719490e-052
  1.00000000e+000]
 [8.09043587e-023 1.00000000e+000 6.60442797e-017 8.39715226e-034
  4.63032635e-034 3.87732528e-092 1.03018482e-022 3.04769632e-050
  6.40039714e-041 1.27972186e-031 2.62309325e-037 6.80983455e-032
  7.31885255e-021 3.50075386e-033 2.91098564e-068 3.83933470e-005
  1.17597916e-047 1.16810471e-099 1.51704291e-020 5.72732135e-047
  1.00000000e+000]
 [7.47277212e-017 6.60442797e-017 1.00000000e+000 6.26481558e-048
  1.44911811e-033 9.71453657e-056 2.56873478e-020 2.23850005e-013
  5.12972465e-012 2.10363486e-034 1.22545999e-019 7.28363021e-012
  5.01535742e-037 2.78595319e-036 2.43389182e-065 9.79810034e-017
  1.40234303e-027 1.77323696e-072 3.99429201e-020 5.37831202e-035
  1.00000000e+000]
 [2.77764424e-040 8.39715226e-034 6.26481558e-048 1.00000000e+000
  4.39151648e-015 4.65013992e-050 1.35135199e-034 4.94155819e-094
  2.04775922e-086 1.05173449e-027 1.62287909e-045 7.51619233e-046
  1.41943363e-004 7.88507605e-051 6.09417903e-050 3.67529937e-025
  7.35283124e-080 1.11053299e-047 2.76813432e-020 3.91585416e-024
  1.00000000e+000]
 [7.19396904e-020 4.63032635e-034 1.44911811e-033 4.39151648e-015
  1.00000000e+000 1.88832642e-034 4.76359395e-023 4.54187725e-062
  1.10950455e-053 6.40142473e-015 3.44961287e-031 5.25335189e-034
  1.50460813e-011 3.58982294e-034 8.26487036e-044 2.92901735e-028
  9.52217019e-052 3.26003883e-021 3.13882183e-021 5.51203096e-020
  1.00000000e+000]
 [9.30934395e-068 3.87732528e-092 9.71453657e-056 4.65013992e-050
  1.88832642e-034 1.00000000e+000 8.58054200e-060 8.37246994e-070
  7.29456517e-062 9.50944736e-058 2.23329628e-037 1.10459027e-058
  3.10264841e-059 5.27481404e-095 1.34971437e-060 2.32174887e-068
  2.86640271e-055 5.35465322e-018 1.40472785e-037 6.11536022e-020
  1.00000000e+000]
 [3.64047236e-015 1.03018482e-022 2.56873478e-020 1.35135199e-034
  4.76359395e-023 8.58054200e-060 1.00000000e+000 4.27185844e-055
  1.86597066e-047 2.56940450e-007 4.37746490e-055 7.85035980e-040
  1.89745161e-019 1.15431872e-019 1.14969951e-102 3.43389969e-018
  3.96691990e-048 3.05860372e-064 7.93004586e-014 1.75871874e-032
  1.00000000e+000]
 [1.83402602e-033 3.04769632e-050 2.23850005e-013 4.94155819e-094
  4.54187725e-062 8.37246994e-070 4.27185844e-055 1.00000000e+000
  6.75574403e-008 3.83150659e-069 3.53842072e-024 3.15422549e-017
  5.86124098e-083 5.50200444e-074 9.89730615e-078 2.24573570e-054
  3.85397167e-041 1.74606651e-088 7.24546441e-056 1.10147702e-068
  1.00000000e+000]
 [9.48111664e-039 6.40039714e-041 5.12972465e-012 2.04775922e-086
  1.10950455e-053 7.29456517e-062 1.86597066e-047 6.75574403e-008
  1.00000000e+000 2.05862586e-064 8.97555263e-019 4.45010068e-029
  3.36832316e-074 7.32454202e-065 6.25978847e-067 3.90522633e-039
  9.02010053e-016 2.12814971e-083 1.20680396e-041 6.83305725e-051
  1.00000000e+000]
 [7.99554689e-013 1.27972186e-031 2.10363486e-034 1.05173449e-027
  6.40142473e-015 9.50944736e-058 2.56940450e-007 3.83150659e-069
  2.05862586e-064 1.00000000e+000 1.84214233e-059 1.05839896e-045
  7.49629400e-016 1.23147521e-032 5.18000781e-098 6.78521693e-029
  1.15385151e-069 1.13804678e-051 7.39384869e-020 8.56922498e-041
  1.00000000e+000]
 [8.23648077e-040 2.62309325e-037 1.22545999e-019 1.62287909e-045
  3.44961287e-031 2.23329628e-037 4.37746490e-055 3.53842072e-024
  8.97555263e-019 1.84214233e-059 1.00000000e+000 7.57217782e-020
  2.41214345e-047 4.67151635e-074 2.99089996e-019 2.30057213e-032
  3.10759499e-030 1.47472856e-052 1.98694110e-031 1.88640106e-031
  1.00000000e+000]
 [1.36527797e-017 6.80983455e-032 7.28363021e-012 7.51619233e-046
  5.25335189e-034 1.10459027e-058 7.85035980e-040 3.15422549e-017
  4.45010068e-029 1.05839896e-045 7.57217782e-020 1.00000000e+000
  4.59204511e-041 2.08383632e-048 4.30071257e-052 4.11262846e-037
  1.15033713e-058 4.04674959e-062 1.58692650e-040 9.33665222e-048
  1.00000000e+000]
 [2.50497313e-026 7.31885255e-021 5.01535742e-037 1.41943363e-004
  1.50460813e-011 3.10264841e-059 1.89745161e-019 5.86124098e-083
  3.36832316e-074 7.49629400e-016 2.41214345e-047 4.59204511e-041
  1.00000000e+000 1.81233328e-030 7.87280663e-061 3.36738737e-016
  7.35414547e-069 8.23387814e-053 3.39263110e-016 1.21334578e-025
  1.00000000e+000]
 [1.14966002e-029 3.50075386e-033 2.78595319e-036 7.88507605e-051
  3.58982294e-034 5.27481404e-095 1.15431872e-019 5.50200444e-074
  7.32454202e-065 1.23147521e-032 4.67151635e-074 2.08383632e-048
  1.81233328e-030 1.00000000e+000 2.14554228e-105 2.65600399e-034
  1.29018251e-058 4.46523709e-076 8.62711029e-045 4.69832555e-045
  1.00000000e+000]
 [3.69430868e-080 2.91098564e-068 2.43389182e-065 6.09417903e-050
  8.26487036e-044 1.34971437e-060 1.14969951e-102 9.89730615e-078
  6.25978847e-067 5.18000781e-098 2.99089996e-019 4.30071257e-052
  7.87280663e-061 2.14554228e-105 1.00000000e+000 4.72980219e-062
  9.81779416e-067 2.45894213e-058 1.00549569e-065 6.62736002e-048
  1.00000000e+000]
 [6.15790661e-030 3.83933470e-005 9.79810034e-017 3.67529937e-025
  2.92901735e-028 2.32174887e-068 3.43389969e-018 2.24573570e-054
  3.90522633e-039 6.78521693e-029 2.30057213e-032 4.11262846e-037
  3.36738737e-016 2.65600399e-034 4.72980219e-062 1.00000000e+000
  3.47568825e-034 8.57351785e-084 2.51102109e-008 2.77468049e-027
  1.00000000e+000]
 [1.49767096e-062 1.17597916e-047 1.40234303e-027 7.35283124e-080
  9.52217019e-052 2.86640271e-055 3.96691990e-048 3.85397167e-041
  9.02010053e-016 1.15385151e-069 3.10759499e-030 1.15033713e-058
  7.35414547e-069 1.29018251e-058 9.81779416e-067 3.47568825e-034
  1.00000000e+000 7.31622446e-078 1.69460741e-034 4.15948836e-030
  1.00000000e+000]
 [4.16650670e-059 1.16810471e-099 1.77323696e-072 1.11053299e-047
  3.26003883e-021 5.35465322e-018 3.05860372e-064 1.74606651e-088
  2.12814971e-083 1.13804678e-051 1.47472856e-052 4.04674959e-062
  8.23387814e-053 4.46523709e-076 2.45894213e-058 8.57351785e-084
  7.31622446e-078 1.00000000e+000 1.05996421e-058 2.24962600e-031
  1.00000000e+000]
 [4.36396666e-031 1.51704291e-020 3.99429201e-020 2.76813432e-020
  3.13882183e-021 1.40472785e-037 7.93004586e-014 7.24546441e-056
  1.20680396e-041 7.39384869e-020 1.98694110e-031 1.58692650e-040
  3.39263110e-016 8.62711029e-045 1.00549569e-065 2.51102109e-008
  1.69460741e-034 1.05996421e-058 1.00000000e+000 1.78626317e-015
  1.00000000e+000]
 [5.35719490e-052 5.72732135e-047 5.37831202e-035 3.91585416e-024
  5.51203096e-020 6.11536022e-020 1.75871874e-032 1.10147702e-068
  6.83305725e-051 8.56922498e-041 1.88640106e-031 9.33665222e-048
  1.21334578e-025 4.69832555e-045 6.62736002e-048 2.77468049e-027
  4.15948836e-030 2.24962600e-031 1.78626317e-015 1.00000000e+000
  1.00000000e+000]
 [1.00000000e+000 1.00000000e+000 1.00000000e+000 1.00000000e+000
  1.00000000e+000 1.00000000e+000 1.00000000e+000 1.00000000e+000
  1.00000000e+000 1.00000000e+000 1.00000000e+000 1.00000000e+000
  1.00000000e+000 1.00000000e+000 1.00000000e+000 1.00000000e+000
  1.00000000e+000 1.00000000e+000 1.00000000e+000 1.00000000e+000
  0.00000000e+000]]
