[[-4.62776061  3.98159903  3.55709467 -3.79009857  4.46994674  0.66169935]
 [ 3.01152179 -0.36301837  1.09415319 -4.99580488 -0.54640144 -4.35421314]
 [ 3.44504821 -3.00324269 -0.1834764   1.93423449 -1.17286145  0.11275258]
 [-4.88011812  2.75487629  1.76173555  2.61027168  2.00770299  2.64943224]
 [ 0.27358417 -2.29173033 -0.45067295  1.70657775 -3.99055504 -2.20058698]
 [ 2.96394856  1.23699104 -1.40060609  1.35247581 -4.78083516  0.15293879]
 [ 3.59037736  2.51001429 -3.88983567 -4.71347706  3.34515497  2.24534459]
 [ 4.61486487  3.61153642  4.58702802  1.83299766  2.94347418  3.60597884]
 [ 2.34549937  4.87783041 -4.71232829  2.28143786  0.02392927 -0.26916178]
 [-4.55476849 -2.23608881  2.04639438 -0.71146313 -3.50838878  2.24905283]
 [-1.20879767 -1.04329003  3.70960614  2.76256929 -0.50518762  3.21997387]
 [-4.34014849  1.15093351 -2.03558134 -0.34378806  0.10098818  4.06924626]
 [-0.02634259  3.78389509  1.25163491 -2.78796492  3.16288772 -0.79719409]
 [-2.98928912  2.92467986  1.67015697 -2.36500096  2.66031192 -4.19472037]
 [ 3.48043811 -0.2762099  -1.28818913  4.83606313 -1.96744429 -3.8310894 ]
 [-0.38902081  2.92084813  3.11973716 -2.27319403  0.53671064 -0.76537366]
 [-1.11247255  1.42376805  2.2485356   2.08543837  0.37970459  2.2995665 ]
 [-0.59564025 -3.4016307  -2.70823838  0.95985081 -1.11075604 -0.20587359]
 [-1.82699328 -4.53505801 -1.92864312 -4.26212789  2.62424076 -0.85853792]
 [-1.48002126  3.37899114  4.57849578 -4.64859414  0.30211192 -0.60359839]
 [-0.60145945  0.10138935 -1.19367008 -1.23118129  2.40800264 -4.23779022]
 [-3.12932888  1.02780461  4.91667905 -2.50121679 -4.29511257  3.29785299]
 [-1.91918202  1.55724971 -0.26282346 -0.68359538  1.48288753 -0.03990818]
 [-3.9355062   0.81108018  4.45450408  2.21904861  0.64294555 -4.05971735]
 [ 1.42642659  1.43584484  3.5409833   3.43028981  1.30903177 -1.54981044]
 [ 1.48058561 -4.07071707 -3.12517665 -3.050888   -0.96575604 -2.50493084]
 [-3.9881158   2.5695663   3.81593779  4.78594043  2.84515653 -4.55018999]
 [ 3.18000581  3.94027777  2.94062501  0.39173933 -2.7869352  -1.71665079]
 [-0.10522626  2.2538155   0.77303685  2.0536291   3.29994528  2.69351978]
 [-2.61552865  2.76641867 -4.63001235 -1.4735582   4.10241324 -2.32655115]
 [-2.55590052  3.5659726  -3.41337054  2.74646162 -1.57299613  4.39563865]
 [ 2.82233614 -0.07292918  0.36001569 -0.34661622 -1.11087332 -0.89087846]
 [-1.87718282  1.0333345   2.95166493 -2.92343286  2.77713863 -1.24147783]
 [ 0.92751051  4.50766247 -2.11539305 -3.10487901 -1.62528649 -3.20659019]
 [ 1.52907385  1.7877179   2.39585648 -2.33339494  3.58447217  4.86808057]
 [-2.36363786  4.47501495  3.5261486   1.19634488 -1.9975021  -1.60378595]
 [-4.76267773  0.7551452  -0.76320375  4.33312071  1.86216623 -0.45139236]
 [ 2.56416384 -1.21905191  2.40480008 -4.84163164 -3.31654782  0.1583874 ]
 [ 3.61261117 -4.54401958  4.07695613  3.54433344  4.29383376 -3.96772073]
 [ 1.49172917  0.78147117  0.29407434  0.70085123 -4.00178047 -1.46580976]
 [-4.99723921 -4.52089773 -1.70798559  4.76637037 -3.76895811  4.83588801]
 [ 2.9599017  -1.75038459  4.0192105  -1.88546867  1.54411608 -2.17012672]
 [ 4.32982096 -3.6538849   4.08367829  4.65259461  4.86661635 -2.17641189]
 [ 3.65864429  0.27693108  4.83077128 -4.9606247   0.1290071  -0.44660843]
 [-1.1750662   2.60705485 -2.26822345 -3.34956341  3.59070758  0.62430973]
 [ 0.48557813  2.44141423 -1.53280871 -0.66265834 -0.86222682 -1.79655185]
 [-3.16660073 -3.97754477 -3.02861856 -0.57102118  2.82385543  0.40158082]
 [ 2.09986295 -3.09989062  0.73067353 -4.86103075 -3.00195154 -1.09728985]
 [-1.80550885 -4.02022803  3.32051009  0.86045216 -3.5682422   2.28577205]
 [-2.99323432  0.11327063 -4.7069925   4.57838045 -4.10107368  1.64115991]
 [-3.45573369 -3.83012851  3.60713727  2.43506399  0.56746634 -0.07260254]
 [ 3.99495822 -3.46694068  3.63881217 -1.16512821  3.08987693 -1.24024267]
 [ 4.48184898  0.02548766  4.4178076  -4.02953994  4.51525091 -0.51754874]]
