[[ 3.43237683e+00  1.55615286e+00 -9.42671270e-01 -2.68796994e+00
   4.14830584e+00  9.61295539e-01]
 [-3.77329067e+00  3.52531157e+00 -3.62224112e+00  3.33690453e+00
   1.40775737e-01 -2.80313582e+00]
 [-9.47932364e-01 -2.90273706e+00  2.09693143e+00 -3.72053801e+00
  -4.98298223e+00 -1.04584888e+00]
 [-1.95774570e+00 -5.29954847e-01 -2.50340491e+00  3.57860241e+00
  -2.89833617e+00 -2.06708197e-01]
 [ 1.19620185e+00  3.54475191e+00  3.60208716e-01 -2.78385049e+00
   1.67928383e+00 -2.36245390e+00]
 [ 2.48463207e+00 -1.70838555e+00 -2.22409555e+00 -1.35410000e+00
  -1.53895535e+00 -3.79935347e+00]
 [ 7.72304094e-01 -4.12374624e+00 -4.75165749e+00  7.46401385e-01
  -1.71279083e+00  3.15436349e+00]
 [ 2.07619431e-02  1.25999951e-01 -1.25751846e+00  9.13429653e-02
  -3.83458981e+00 -6.31462503e-01]
 [ 5.40506412e-01  1.10765956e+00 -1.72766247e+00 -2.56951062e+00
   2.89047508e+00 -8.38560962e-02]
 [-4.23217887e+00 -9.76933909e-03  4.32053358e+00 -2.85971741e+00
  -1.80302760e+00 -3.03323642e+00]
 [ 3.89003334e+00 -1.17803191e+00 -1.71581545e+00 -1.87113003e+00
  -4.72587494e+00 -3.09870880e+00]
 [ 4.76033046e+00  4.61491377e+00 -3.71555789e+00  1.04131826e+00
  -3.40704203e+00 -3.54744328e-01]
 [ 4.56099513e-04  2.50670555e+00 -2.18986203e+00  8.25676138e-01
   1.59374969e+00  1.24975523e+00]
 [ 3.97971919e+00 -3.07375455e+00  4.67285890e+00  1.67684784e+00
   4.61611791e+00  1.58271605e+00]
 [ 4.56351633e+00 -6.15829776e-01  2.02753542e+00  3.00005015e+00
   4.26986511e+00  4.94819871e+00]
 [ 4.99011291e+00 -4.76996395e+00  4.48014106e+00 -4.89669708e+00
  -1.96594717e+00  3.77089090e+00]
 [-2.08241373e+00 -4.17670972e+00  3.94149048e+00  3.57258828e+00
   4.76414914e+00  3.49449309e+00]
 [ 2.43097996e+00 -2.11327679e+00  3.41783095e-01  3.83469669e+00
   1.01799531e+00 -1.84470712e+00]
 [-4.33651990e+00 -2.11334786e-01  8.35691879e-01 -2.86238278e+00
   3.13104093e+00 -4.21637800e-01]
 [ 4.26352207e+00  4.44086655e+00 -3.21246583e+00  2.44702248e+00
  -1.93577339e+00  4.23199647e+00]]
