[[-2.53292536  0.32979608 -1.20083079  1.8194003   0.24415184 -3.19146741]
 [-1.12145417 -2.15395311  3.95200908 -2.79420649 -2.81108374  2.80273343]
 [-2.7644794   3.85458196  0.59193618  0.58390691 -3.52929662 -4.91119096]
 [-3.87121691 -1.91081467  1.71051291  2.19705177 -1.81084632  0.08279227]
 [ 3.87635061  4.07161924 -3.0781634   2.19405266 -2.12068185 -0.79277288]
 [-1.65748121 -4.73323184 -4.06153563  4.96327826  4.08464902  4.91900095]
 [-3.91826364 -4.62000579  1.46548261 -2.3577886  -4.97106125 -4.89948449]
 [-0.47699176 -3.6676857  -3.63057868 -1.34026012 -4.87991263 -4.37004126]
 [-4.93693534  3.65555314 -4.52652405  4.6427238  -2.95271109  1.25272261]
 [-3.87704296 -2.90062175  3.50463037  4.64074758  1.96764449 -3.80811886]
 [-3.40016848  0.6679748  -3.80981421  0.15845488 -2.46767985 -4.58507773]
 [-3.19961082  0.10898972  3.87842269  0.70414112 -0.05290941  2.68724961]
 [-3.44216845 -4.66047275 -0.761519    1.85150614 -2.45346593 -0.97790826]
 [ 2.87882702 -0.59954625  2.63473963 -1.4951728   4.48950196  1.78605573]
 [ 4.9483437  -0.81256283  3.31097106  1.97220406 -1.51053724 -2.23471567]
 [ 0.19980516  1.69018934 -0.44002978  1.46572259 -4.5867065   3.34274981]
 [ 3.54499629  1.66054399 -1.19861092  4.63279674  3.56933572 -1.94948639]
 [-1.2980592   3.71544787 -2.09370212 -3.19146822  2.7870342   1.03678163]
 [-0.30124801  1.17838324  0.52717182 -3.56105637  3.58637996 -3.86364931]
 [-3.45391667 -4.08951804  4.13705396 -4.51153675  1.55409459 -3.53506721]]
