[[ 3.53329042e+00 -2.57972883e+00 -4.55944566e+00  4.61723583e+00
  -3.27154435e+00  1.71356298e+00]
 [-2.32989100e+00  3.70250054e+00 -3.04023902e+00  9.34407164e-01
   1.11084189e+00  4.33632350e+00]
 [-1.94717021e+00 -2.50626595e+00 -1.57746971e+00 -1.82090688e+00
   3.90114550e+00  2.75117662e+00]
 [-4.15626058e+00  4.32673141e+00 -3.08831648e+00 -2.64742536e+00
   2.94042590e-01  2.90684204e+00]
 [ 3.28468677e+00 -9.94570906e-01  3.44243015e+00 -4.82872598e+00
  -3.43606944e+00  6.92105966e-01]
 [-2.97346177e+00 -3.69888007e+00 -2.64842710e+00  4.28714394e+00
   1.66017207e+00  7.20968263e-01]
 [ 2.09450910e+00 -4.33891282e+00  3.77853179e+00  2.91003796e+00
   4.19661574e+00 -1.35838681e+00]
 [-3.65422044e+00 -1.99918139e-01  1.34607898e+00 -1.91742360e+00
   4.60716301e+00 -2.50924333e+00]
 [-2.72917954e+00 -4.91284977e+00 -1.88114072e-02 -3.48384305e+00
   1.80129189e+00 -4.25641496e+00]
 [-4.36846397e+00 -1.85658933e+00  1.96653822e+00  5.34113697e-01
  -6.42308072e-01 -4.75823703e+00]
 [-2.71215718e+00 -3.06594337e+00 -1.54800661e+00 -3.03629366e-01
  -9.42916531e-01  4.69585432e-01]
 [-1.65195147e+00  5.85667048e-01 -1.24720494e+00 -3.33152732e+00
   8.66999816e-01  4.97940094e+00]
 [-2.52227076e+00 -3.11364011e+00  9.36893442e-01 -4.06199907e+00
  -1.42940570e-01 -3.99879095e+00]
 [-4.29999689e+00 -2.58318181e+00 -4.14736152e+00  1.77557022e+00
  -3.66756574e+00 -3.50812971e+00]
 [-4.90761928e+00 -2.17957346e+00 -3.42030868e+00  3.29871135e-01
   1.98451735e+00  2.54434038e+00]
 [-4.49587179e-03 -3.24466360e+00  1.91574781e+00  8.93935490e-01
   3.47324310e+00  1.25830462e+00]
 [-7.18013512e-01  3.78144249e+00 -4.45111142e+00  4.90277222e-01
  -2.61929113e-01 -1.62010317e+00]
 [-4.60733634e+00 -1.12995520e+00  4.26058828e+00  1.10892580e-01
   9.24688223e-01 -3.55306786e+00]
 [-3.91950107e+00 -4.18902682e+00 -2.47804196e+00 -1.45128993e+00
  -1.16524666e+00  3.31275351e+00]
 [ 1.52622589e+00  9.96736712e-01  1.56257569e+00 -8.60187667e-01
   1.61017465e+00  3.95789864e+00]
 [ 9.36291450e-01  2.03409688e+00  4.51872988e+00 -1.06342606e+00
  -4.68432224e+00 -1.75473161e+00]
 [-2.73921062e+00 -1.40949886e-01 -3.93078319e+00  4.97735404e+00
  -1.82203653e+00 -1.81427471e+00]
 [ 3.20939168e+00  4.87518908e+00 -2.46400581e+00 -2.27833483e+00
  -1.59501264e+00 -9.66671401e-01]
 [-2.77704428e+00 -2.81858425e+00 -1.11831504e+00 -4.43758140e+00
   3.64237063e+00  4.53267480e-02]
 [ 1.98541428e+00 -4.17761537e+00 -3.12876417e+00 -1.22274354e-01
  -3.52508589e+00 -2.76239737e+00]
 [-9.95735281e-01 -3.51906955e+00 -2.33876073e+00  2.19215102e+00
  -4.75744273e+00  3.87497195e+00]
 [-4.72699416e+00  3.91004439e+00  2.45185845e+00 -3.22066474e-01
   2.67535033e+00 -4.26426485e+00]
 [-3.49275867e+00  1.91962030e+00  3.66916306e+00  3.76147735e+00
  -4.32984142e+00  1.80295655e+00]
 [ 3.06994358e+00 -3.25122582e+00 -1.11324606e+00 -2.35807553e+00
  -2.10134783e+00  2.84280540e+00]
 [ 3.01465332e+00 -3.29571549e+00  5.91942680e-01 -2.88345849e+00
   2.81079358e+00  2.05663890e+00]
 [ 1.02417384e+00 -4.86027820e+00  1.70836593e+00  7.54799588e-01
   2.11218754e+00  4.65835332e+00]
 [ 2.90197347e+00  2.66083322e+00  1.60120352e-01 -1.88203728e+00
  -2.17471086e+00  2.39560278e+00]
 [ 1.35136863e+00 -1.33895456e+00 -4.68492172e+00 -1.35572505e+00
   3.42427172e+00  1.98967937e+00]
 [ 2.46210511e+00  2.16883534e+00  1.21039068e+00 -1.69507646e+00
   1.93340376e+00 -3.09221264e+00]
 [ 4.40616010e+00 -3.02406512e+00  6.49672089e-01  1.49503000e+00
  -3.86524183e+00 -4.07269856e+00]
 [ 7.03555013e-01  5.16043923e-01  3.38514027e+00  4.86525130e+00
  -1.34111963e+00  2.82989935e+00]
 [ 3.16780146e+00  9.86395621e-01  4.34437879e+00 -1.95059686e+00
   4.14828194e+00  8.79381723e-01]
 [-1.18759402e+00  3.21426721e+00 -1.50331044e+00  3.21696371e+00
   4.48095660e-01 -1.51710611e+00]
 [ 1.73633519e+00 -1.98444762e+00 -3.68702468e+00 -2.92462977e+00
   1.79671002e+00  2.16263469e+00]
 [-4.65214082e+00 -2.19958841e+00 -1.37798103e+00  6.40582848e-01
  -1.99565570e+00 -4.13041020e+00]
 [-3.56476060e+00 -2.32684411e+00  2.72485333e-01 -4.61464367e+00
  -3.23226802e+00 -2.24468797e+00]
 [-3.82296652e+00  4.94408418e+00  9.30173933e-01 -1.29499569e+00
   4.43302074e+00  3.22449573e-01]
 [ 5.55366884e-01 -8.11945019e-01  4.22135345e+00 -5.96529668e-01
  -2.82419908e+00  3.09511700e+00]
 [-3.54494307e+00 -3.72974990e+00  1.93658530e+00  6.88494224e-01
  -1.66197666e+00  1.03894885e+00]
 [ 1.50597533e+00  1.18413486e+00 -1.32604494e+00  5.92616895e-01
   7.69028258e-01 -4.44312717e-01]
 [ 4.53862232e+00  3.77807575e-01  5.28448727e-01  1.80743581e+00
  -3.34520112e+00  1.97530691e-02]
 [-1.89155647e+00  1.86741922e+00 -1.91439433e+00 -1.80361181e+00
   2.36493431e+00  2.21120251e+00]]
