[[ 54793.4089912 ]
 [-12602.16037671]
 [-30770.64284378]
 [ 27911.07981988]
 [ 45125.03360283]
 [ 29419.87282342]
 [ -8860.8162261 ]
 [-22318.27614696]
 [ 43401.11035186]
 [  3214.38432875]
 [-17989.89582666]
 [-29768.37499413]
 [  3415.49191755]
 [ 19832.280339  ]
 [ 35078.77198211]
 [-31772.39428198]
 [ -4715.5292451 ]
 [ 10019.81682293]
 [ 38481.49554548]
 [-40686.69066251]
 [-37440.65509558]
 [ 37194.34450909]
 [ 35411.33969096]
 [  4144.33678303]
 [  9257.41092793]
 [ -8095.23307729]
 [ 10188.82097711]
 [  3765.54733598]
 [ -5353.62286345]
 [-12026.80098721]
 [ 10810.13192167]
 [-29586.31399295]
 [-35480.99337196]
 [-38140.96658521]
 [ 20338.1294695 ]
 [ 22570.84711128]
 [-31626.63829179]
 [-16827.32246795]
 [-28028.8324785 ]
 [ 20353.16098263]
 [ 44492.59629245]
 [ 24470.15820741]
 [-38564.45941427]
 [   419.15524723]
 [-40096.43708324]
 [  4314.22448659]
 [-37669.89415454]
 [ 40976.13818243]]
