[[ 3.45013854  0.14499654 -0.01615738 -2.5974537   4.76139197  4.47422071]
 [ 1.02932159 -4.76763726  3.24777434  2.97193193  2.43868313  2.45849789]
 [ 2.75630706 -4.07157502  0.77694682  0.02528697  2.92248935 -3.80892819]
 [-2.65146968 -2.37741014 -4.9999631   3.66026736  2.35713071  0.33130907]
 [-2.32652408 -3.96835436 -1.00074941 -1.2624016  -0.02963329  4.9370176 ]
 [ 2.27775168  3.57463191 -1.14690492 -1.64058733 -4.54219532 -1.01684972]
 [-3.35537199 -4.56594815 -0.34577704 -0.17263224 -4.22022426 -1.60132374]
 [-1.93820221  4.74521742 -3.07810015  0.85068895  3.14591153 -2.64722124]
 [ 4.53256394 -1.28551964 -2.41310743  3.71566974  3.46446702  1.03123166]
 [-4.86547677 -1.6406271   0.86204533  1.8642528   1.96314815 -2.82317237]
 [ 3.08773364  1.46006806  4.92024373 -2.20037563 -0.82983594 -3.42640564]
 [ 1.15032264  1.12816866  2.3550428   4.69888274  0.48897459 -4.45638081]
 [-0.39679745 -3.42109462 -4.54942985 -3.6970791   1.72904127 -1.87104569]
 [ 4.22784821 -2.07956047 -0.52151416 -3.71991562 -2.3510877  -0.08483001]
 [-3.42697124 -0.19487541  1.46074403  4.44029663 -0.56421212  4.15488425]
 [-1.0841044  -2.79528204  4.57072029 -3.21510797  1.35855637 -0.28332396]
 [ 0.76965874  2.10278945  0.16221623 -4.90247336  3.73226521 -2.33369463]
 [-4.28888637  4.21575853  2.59878717  0.68495488 -1.90667563 -0.69390376]
 [ 3.90966313  2.04581642  2.81474495  2.17192719 -1.16019293  3.30445995]
 [-4.61733542  0.59911928 -1.91157497 -2.0494424   4.21927265  2.08696637]
 [-1.2374856   3.97709061 -2.70863677  4.3511665  -2.44884016  0.78368943]
 [ 1.45802585 -2.48732925 -3.05861668  2.46337265 -3.65489341  1.62542938]
 [ 1.95252322 -3.2512556   3.76025529  3.13009459 -3.93115349 -1.40726622]
 [ 2.69791673  3.37654075 -4.346004   -0.60526703  0.26665965  3.86656294]
 [-2.84306422  0.34634822  1.37221813 -4.50360751 -2.74552868 -3.28531754]
 [-0.12427549  2.66036182  4.13463304  1.42678211  4.37623704  1.16911967]
 [-0.56425416 -0.86858346 -3.77395336  1.53103583 -1.75807953 -4.97021336]
 [ 0.45270307  4.59526917  1.81424946 -4.13855887 -0.26985758  2.7459858 ]
 [ 4.88055403  2.77661101 -1.5501935   0.36036933  1.10728886 -4.17461618]
 [-3.98697196  1.37273002 -3.6822438  -2.82253409 -3.16391061  2.22189053]
 [-1.74118244 -0.57225871  3.70000645 -1.07569219 -4.95265939  3.54637733]]
