[[1.00000000e+000 4.27539128e-047 3.85065536e-028 6.42047595e-052
  3.87605747e-059 1.56888415e-018 4.14274408e-049 3.80076681e-054
  2.22027065e-024 2.97705923e-057 1.31034698e-036 1.99841363e-033
  1.21482236e-024 2.59695460e-032 6.78570678e-042 4.40391957e-113
  9.74184839e-041 5.04918825e-017 3.66255959e-036 4.11415262e-077
  1.00000000e+000]
 [4.27539128e-047 1.00000000e+000 2.63155474e-021 2.86128149e-023
  2.08660546e-020 2.16769746e-024 3.77645541e-038 1.57446232e-055
  2.92101005e-022 1.09739766e-046 3.90150028e-022 1.26030932e-049
  3.53386232e-026 4.03599244e-021 1.36347445e-023 1.00854916e-038
  4.31817950e-016 2.64677760e-048 2.02255089e-011 2.27275367e-022
  1.00000000e+000]
 [3.85065536e-028 2.63155474e-021 1.00000000e+000 4.21580385e-051
  2.85413379e-058 4.25517568e-036 2.70442756e-065 1.95346526e-064
  1.12407542e-021 5.83721376e-084 1.15817387e-005 4.50948292e-070
  2.80670205e-022 2.76556971e-022 1.30088167e-043 3.66183161e-104
  5.78321214e-030 3.81171268e-048 4.39621460e-019 2.11116183e-047
  1.00000000e+000]
 [6.42047595e-052 2.86128149e-023 4.21580385e-051 1.00000000e+000
  1.11415059e-035 8.62004557e-019 3.16967123e-068 2.43791345e-080
  2.48731475e-017 1.33744320e-037 1.15589676e-063 4.07306722e-030
  9.51428819e-068 1.41976279e-043 1.94814270e-039 9.81836128e-071
  1.86803935e-035 7.49736857e-023 8.58027577e-026 2.86612952e-046
  1.00000000e+000]
 [3.87605747e-059 2.08660546e-020 2.85413379e-058 1.11415059e-035
  1.00000000e+000 9.59298899e-030 2.77148149e-014 1.00559571e-051
  6.05734220e-035 2.07031400e-035 1.21381080e-065 5.90808778e-048
  5.80295197e-037 1.70077929e-030 1.49372053e-031 5.81436118e-029
  4.86189037e-026 7.71438615e-052 1.26183022e-038 2.47962325e-034
  1.00000000e+000]
 [1.56888415e-018 2.16769746e-024 4.25517568e-036 8.62004557e-019
  9.59298899e-030 1.00000000e+000 1.54503021e-043 6.16118190e-032
  2.44112910e-012 2.09608944e-021 1.03902796e-046 1.08537404e-019
  2.75581592e-036 2.58664268e-040 7.13576227e-038 1.62248858e-065
  4.43134385e-028 6.23316550e-015 6.87358776e-022 1.32130396e-035
  1.00000000e+000]
 [4.14274408e-049 3.77645541e-038 2.70442756e-065 3.16967123e-068
  2.77148149e-014 1.54503021e-043 1.00000000e+000 6.06951580e-064
  1.42619275e-055 3.29798827e-055 1.95022230e-065 8.19789783e-051
  7.38433194e-021 5.92049418e-027 1.61632088e-030 6.60426076e-041
  1.70700781e-038 1.23720516e-062 6.41037557e-052 1.05097851e-064
  1.00000000e+000]
 [3.80076681e-054 1.57446232e-055 1.95346526e-064 2.43791345e-080
  1.00559571e-051 6.16118190e-032 6.06951580e-064 1.00000000e+000
  1.01374160e-058 1.06643843e-029 7.91635408e-070 4.14049769e-089
  2.53438733e-059 6.01348768e-090 3.29888287e-073 4.16548173e-071
  6.35984498e-041 3.52604188e-068 1.08770649e-071 8.80866424e-051
  1.00000000e+000]
 [2.22027065e-024 2.92101005e-022 1.12407542e-021 2.48731475e-017
  6.05734220e-035 2.44112910e-012 1.42619275e-055 1.01374160e-058
  1.00000000e+000 6.43816972e-054 5.99874598e-040 3.91635883e-029
  1.68116523e-037 1.58266829e-026 1.65508877e-048 3.88487866e-095
  1.32537285e-035 3.76077508e-019 8.22651200e-014 3.11969242e-032
  1.00000000e+000]
 [2.97705923e-057 1.09739766e-046 5.83721376e-084 1.33744320e-037
  2.07031400e-035 2.09608944e-021 3.29798827e-055 1.06643843e-029
  6.43816972e-054 1.00000000e+000 2.13063453e-087 1.34560778e-056
  9.17187316e-076 1.86682919e-079 2.77024738e-040 1.26294158e-043
  1.07587484e-028 6.82600932e-038 4.40843607e-069 1.58594769e-067
  1.00000000e+000]
 [1.31034698e-036 3.90150028e-022 1.15817387e-005 1.15589676e-063
  1.21381080e-065 1.03902796e-046 1.95022230e-065 7.91635408e-070
  5.99874598e-040 2.13063453e-087 1.00000000e+000 1.22157269e-082
  8.06852237e-021 8.83179562e-027 1.29858161e-036 1.50457950e-091
  1.18398123e-028 2.25235504e-063 8.26401578e-026 1.07821136e-058
  1.00000000e+000]
 [1.99841363e-033 1.26030932e-049 4.50948292e-070 4.07306722e-030
  5.90808778e-048 1.08537404e-019 8.19789783e-051 4.14049769e-089
  3.91635883e-029 1.34560778e-056 1.22157269e-082 1.00000000e+000
  1.74500213e-050 5.13604615e-049 6.92921038e-060 2.74783134e-090
  3.58061688e-071 5.04398524e-028 4.37902877e-030 6.23205315e-063
  1.00000000e+000]
 [1.21482236e-024 3.53386232e-026 2.80670205e-022 9.51428819e-068
  5.80295197e-037 2.75581592e-036 7.38433194e-021 2.53438733e-059
  1.68116523e-037 9.17187316e-076 8.06852237e-021 1.74500213e-050
  1.00000000e+000 1.95406596e-015 4.63763833e-034 5.96551745e-070
  5.82232666e-036 3.18520066e-057 6.34320924e-025 1.69949126e-051
  1.00000000e+000]
 [2.59695460e-032 4.03599244e-021 2.76556971e-022 1.41976279e-043
  1.70077929e-030 2.58664268e-040 5.92049418e-027 6.01348768e-090
  1.58266829e-026 1.86682919e-079 8.83179562e-027 5.13604615e-049
  1.95406596e-015 1.00000000e+000 7.41522935e-022 8.70511137e-079
  1.07495871e-028 1.96410218e-041 2.04503303e-024 6.12896750e-062
  1.00000000e+000]
 [6.78570678e-042 1.36347445e-023 1.30088167e-043 1.94814270e-039
  1.49372053e-031 7.13576227e-038 1.61632088e-030 3.29888287e-073
  1.65508877e-048 2.77024738e-040 1.29858161e-036 6.92921038e-060
  4.63763833e-034 7.41522935e-022 1.00000000e+000 4.40737715e-045
  1.95007102e-010 2.19304281e-038 4.51015363e-046 4.11176245e-082
  1.00000000e+000]
 [4.40391957e-113 1.00854916e-038 3.66183161e-104 9.81836128e-071
  5.81436118e-029 1.62248858e-065 6.60426076e-041 4.16548173e-071
  3.88487866e-095 1.26294158e-043 1.50457950e-091 2.74783134e-090
  5.96551745e-070 8.70511137e-079 4.40737715e-045 1.00000000e+000
  1.15082386e-045 2.72401285e-109 1.06448306e-072 2.92941349e-060
  1.00000000e+000]
 [9.74184839e-041 4.31817950e-016 5.78321214e-030 1.86803935e-035
  4.86189037e-026 4.43134385e-028 1.70700781e-038 6.35984498e-041
  1.32537285e-035 1.07587484e-028 1.18398123e-028 3.58061688e-071
  5.82232666e-036 1.07495871e-028 1.95007102e-010 1.15082386e-045
  1.00000000e+000 3.71064913e-037 1.02888055e-041 9.60590410e-057
  1.00000000e+000]
 [5.04918825e-017 2.64677760e-048 3.81171268e-048 7.49736857e-023
  7.71438615e-052 6.23316550e-015 1.23720516e-062 3.52604188e-068
  3.76077508e-019 6.82600932e-038 2.25235504e-063 5.04398524e-028
  3.18520066e-057 1.96410218e-041 2.19304281e-038 2.72401285e-109
  3.71064913e-037 1.00000000e+000 7.67540443e-045 3.11307660e-083
  1.00000000e+000]
 [3.66255959e-036 2.02255089e-011 4.39621460e-019 8.58027577e-026
  1.26183022e-038 6.87358776e-022 6.41037557e-052 1.08770649e-071
  8.22651200e-014 4.40843607e-069 8.26401578e-026 4.37902877e-030
  6.34320924e-025 2.04503303e-024 4.51015363e-046 1.06448306e-072
  1.02888055e-041 7.67540443e-045 1.00000000e+000 3.25331109e-022
  1.00000000e+000]
 [4.11415262e-077 2.27275367e-022 2.11116183e-047 2.86612952e-046
  2.47962325e-034 1.32130396e-035 1.05097851e-064 8.80866424e-051
  3.11969242e-032 1.58594769e-067 1.07821136e-058 6.23205315e-063
  1.69949126e-051 6.12896750e-062 4.11176245e-082 2.92941349e-060
  9.60590410e-057 3.11307660e-083 3.25331109e-022 1.00000000e+000
  1.00000000e+000]
 [1.00000000e+000 1.00000000e+000 1.00000000e+000 1.00000000e+000
  1.00000000e+000 1.00000000e+000 1.00000000e+000 1.00000000e+000
  1.00000000e+000 1.00000000e+000 1.00000000e+000 1.00000000e+000
  1.00000000e+000 1.00000000e+000 1.00000000e+000 1.00000000e+000
  1.00000000e+000 1.00000000e+000 1.00000000e+000 1.00000000e+000
  0.00000000e+000]]
