[[1.00000000e+00 7.57931222e-65 3.87516070e-27 4.70672481e-49
  1.96545904e-42 4.87761442e-39 1.29761749e-70 3.70880961e-35
  4.43940452e-41 1.20254062e-63 4.23175454e-32 3.75163125e-25
  2.56834592e-28 3.53519968e-54 1.21948362e-29 4.61745945e-25
  2.81139622e-29 9.27026898e-42 1.92823292e-36 1.30573370e-69
  2.93798212e-27 1.13909924e-68 2.89493859e-37 5.82124025e-57
  2.42517312e-57 2.82718875e-54 1.93073611e-59 1.00000000e+00]
 [7.57931222e-65 1.00000000e+00 5.81890606e-27 2.00521118e-33
  2.52547373e-40 3.72455725e-35 3.40742011e-35 3.48953101e-49
  5.09518274e-76 1.30633836e-30 8.22564027e-56 6.31000341e-63
  6.23508455e-25 2.92628246e-44 4.57820047e-35 1.07574569e-57
  2.48304086e-53 3.74009443e-28 4.91330713e-71 2.40569938e-38
  6.24623999e-50 2.97122228e-35 1.84662133e-71 5.69316869e-24
  2.45125780e-26 9.36379582e-58 4.04338674e-39 1.00000000e+00]
 [3.87516070e-27 5.81890606e-27 1.00000000e+00 4.89308136e-28
  6.17327361e-31 4.55675131e-28 2.31412001e-52 1.96508197e-39
  9.74064683e-68 1.41362340e-63 2.24575274e-55 1.79795301e-30
  2.89371343e-30 2.63239685e-67 4.16073342e-35 2.45208449e-26
  1.93325001e-62 3.53740556e-32 1.06350509e-35 1.44487951e-26
  1.65524395e-35 4.73215529e-49 3.44524615e-59 3.39947217e-36
  3.55796095e-45 2.76561447e-53 7.88564201e-33 1.00000000e+00]
 [4.70672481e-49 2.00521118e-33 4.89308136e-28 1.00000000e+00
  1.94604185e-77 8.22442470e-73 7.08979152e-33 8.96138722e-31
  6.23156903e-50 1.75899253e-62 4.49207733e-73 7.13854817e-61
  9.23613147e-36 1.28722130e-32 7.13782299e-33 2.15680204e-27
  7.99662027e-58 1.36749738e-57 5.68175428e-41 1.09190993e-35
  3.73724225e-37 5.58258586e-73 4.84707886e-78 8.05162532e-42
  6.53667587e-40 5.02551055e-36 8.00618628e-40 1.00000000e+00]
 [1.96545904e-42 2.52547373e-40 6.17327361e-31 1.94604185e-77
  1.00000000e+00 2.09819670e-28 3.72875252e-76 2.15897134e-91
  3.68221757e-83 1.11967779e-63 2.46968039e-28 3.35681397e-40
  1.44529680e-45 1.05999590e-70 1.85154636e-62 5.93960285e-52
  1.71049685e-57 9.43265430e-43 6.40188639e-59 2.09679152e-45
  1.28761984e-29 8.77716722e-27 7.12985296e-32 3.11299973e-27
  2.36888562e-35 4.30068716e-52 1.35066191e-67 1.00000000e+00]
 [4.87761442e-39 3.72455725e-35 4.55675131e-28 8.22442470e-73
  2.09819670e-28 1.00000000e+00 9.51627273e-66 1.63131823e-49
  1.06904631e-63 2.90670209e-30 4.34340650e-27 2.20281888e-28
  7.15578322e-49 1.18754591e-68 2.21114892e-29 1.43199830e-70
  9.71397001e-57 4.25698239e-32 3.95617551e-44 8.37158964e-57
  3.58477529e-62 7.28925707e-30 1.17080437e-61 1.42519375e-33
  8.49017791e-68 1.46896256e-68 2.60121867e-26 1.00000000e+00]
 [1.29761749e-70 3.40742011e-35 2.31412001e-52 7.08979152e-33
  3.72875252e-76 9.51627273e-66 1.00000000e+00 2.51507116e-29
  7.95058887e-27 3.84220931e-31 4.71403794e-64 1.60369924e-40
  4.26521354e-58 5.15508752e-38 6.18192079e-59 5.46950323e-36
  1.52787870e-40 3.47851937e-28 1.81921987e-68 4.20241199e-28
  4.82440750e-72 1.54547636e-31 7.01064394e-48 2.63131458e-57
  4.93577400e-27 2.38542491e-30 3.04427042e-35 1.00000000e+00]
 [3.70880961e-35 3.48953101e-49 1.96508197e-39 8.96138722e-31
  2.15897134e-91 1.63131823e-49 2.51507116e-29 1.00000000e+00
  1.99746252e-26 1.02264940e-35 1.68345017e-63 3.55580109e-35
  3.43425351e-40 7.38800977e-48 5.04174424e-26 2.70572977e-38
  2.83565437e-35 5.42650446e-30 1.20200984e-53 1.90633141e-62
  1.26510547e-73 6.13696599e-69 1.42950606e-70 1.05369936e-73
  6.76960488e-64 2.57058104e-61 1.18042414e-30 1.00000000e+00]
 [4.43940452e-41 5.09518274e-76 9.74064683e-68 6.23156903e-50
  3.68221757e-83 1.06904631e-63 7.95058887e-27 1.99746252e-26
  1.00000000e+00 5.75152951e-36 8.46879087e-36 2.42719061e-26
  6.93684324e-69 2.06282900e-29 1.24750848e-45 1.28295702e-37
  5.61498894e-26 6.53411266e-50 1.69883741e-41 1.05921541e-59
  9.68135755e-62 1.97004369e-48 3.06208579e-36 9.21631664e-66
  7.42237814e-55 1.22029714e-24 1.98520325e-41 1.00000000e+00]
 [1.20254062e-63 1.30633836e-30 1.41362340e-63 1.75899253e-62
  1.11967779e-63 2.90670209e-30 3.84220931e-31 1.02264940e-35
  5.75152951e-36 1.00000000e+00 5.20860390e-30 2.17517435e-49
  5.36191921e-48 8.07445092e-30 1.21994613e-28 3.62043692e-78
  8.82838219e-30 1.91653780e-31 1.69218307e-68 1.38475214e-69
  1.65624790e-74 4.18196204e-29 7.18336013e-61 3.95154512e-40
  1.10632804e-48 2.99025773e-54 6.96328213e-33 1.00000000e+00]
 [4.23175454e-32 8.22564027e-56 2.24575274e-55 4.49207733e-73
  2.46968039e-28 4.34340650e-27 4.71403794e-64 1.68345017e-63
  8.46879087e-36 5.20860390e-30 1.00000000e+00 3.47968524e-34
  2.98484980e-50 1.55425587e-30 1.43049870e-32 6.94432190e-61
  1.07245771e-28 1.55661526e-52 3.28026086e-37 1.90040059e-69
  2.72538298e-32 4.46284272e-30 3.53946502e-30 1.92361065e-25
  1.11143349e-48 2.99054858e-34 1.14354367e-50 1.00000000e+00]
 [3.75163125e-25 6.31000341e-63 1.79795301e-30 7.13854817e-61
  3.35681397e-40 2.20281888e-28 1.60369924e-40 3.55580109e-35
  2.42719061e-26 2.17517435e-49 3.47968524e-34 1.00000000e+00
  1.92975836e-63 1.36166978e-67 1.33454120e-52 3.20703881e-27
  1.57989581e-43 7.37563771e-28 1.46415926e-33 1.21646986e-34
  2.86764970e-57 2.96636068e-29 6.47264530e-26 1.80851880e-58
  2.92892699e-55 6.07932947e-38 3.13153385e-31 1.00000000e+00]
 [2.56834592e-28 6.23508455e-25 2.89371343e-30 9.23613147e-36
  1.44529680e-45 7.15578322e-49 4.26521354e-58 3.43425351e-40
  6.93684324e-69 5.36191921e-48 2.98484980e-50 1.92975836e-63
  1.00000000e+00 3.16798803e-41 1.37320840e-26 2.00623140e-40
  1.48492182e-25 2.18963295e-30 3.39565773e-76 7.12667757e-74
  2.58172465e-29 9.95886692e-70 2.23267705e-57 5.22421195e-46
  1.03667513e-30 4.00948641e-70 2.72196157e-72 1.00000000e+00]
 [3.53519968e-54 2.92628246e-44 2.63239685e-67 1.28722130e-32
  1.05999590e-70 1.18754591e-68 5.15508752e-38 7.38800977e-48
  2.06282900e-29 8.07445092e-30 1.55425587e-30 1.36166978e-67
  3.16798803e-41 1.00000000e+00 1.84247554e-27 5.94965014e-55
  6.10642347e-27 9.77330517e-66 3.83399037e-49 2.96317653e-68
  1.38692812e-32 8.72916503e-55 1.68925456e-55 4.73403120e-29
  2.16012124e-34 3.48832904e-24 2.00344812e-54 1.00000000e+00]
 [1.21948362e-29 4.57820047e-35 4.16073342e-35 7.13782299e-33
  1.85154636e-62 2.21114892e-29 6.18192079e-59 5.04174424e-26
  1.24750848e-45 1.21994613e-28 1.43049870e-32 1.33454120e-52
  1.37320840e-26 1.84247554e-27 1.00000000e+00 1.72547361e-60
  4.62742776e-39 1.49841614e-51 9.45927321e-34 1.31795166e-74
  2.03504953e-41 1.04537877e-65 2.21486478e-79 6.71916642e-31
  3.32701691e-64 3.51724270e-57 4.29435632e-31 1.00000000e+00]
 [4.61745945e-25 1.07574569e-57 2.45208449e-26 2.15680204e-27
  5.93960285e-52 1.43199830e-70 5.46950323e-36 2.70572977e-38
  1.28295702e-37 3.62043692e-78 6.94432190e-61 3.20703881e-27
  2.00623140e-40 5.94965014e-55 1.72547361e-60 1.00000000e+00
  7.69406852e-40 1.11882935e-37 8.84008538e-48 7.92995783e-31
  3.33452037e-31 1.74250053e-58 3.01028995e-28 1.19745848e-63
  1.27414450e-29 3.16073287e-31 5.94508283e-61 1.00000000e+00]
 [2.81139622e-29 2.48304086e-53 1.93325001e-62 7.99662027e-58
  1.71049685e-57 9.71397001e-57 1.52787870e-40 2.83565437e-35
  5.61498894e-26 8.82838219e-30 1.07245771e-28 1.57989581e-43
  1.48492182e-25 6.10642347e-27 4.62742776e-39 7.69406852e-40
  1.00000000e+00 9.92897602e-29 5.28549917e-76 3.09138910e-82
  1.49369259e-42 4.09973742e-52 2.52302721e-25 3.89764766e-61
  1.28228016e-30 1.98943445e-48 8.66076987e-74 1.00000000e+00]
 [9.27026898e-42 3.74009443e-28 3.53740556e-32 1.36749738e-57
  9.43265430e-43 4.25698239e-32 3.47851937e-28 5.42650446e-30
  6.53411266e-50 1.91653780e-31 1.55661526e-52 7.37563771e-28
  2.18963295e-30 9.77330517e-66 1.49841614e-51 1.11882935e-37
  9.92897602e-29 1.00000000e+00 3.10646245e-83 6.35120777e-47
  1.47465835e-67 2.66971721e-31 7.80760174e-37 1.57429291e-63
  1.91595532e-31 6.64474866e-66 1.02033941e-48 1.00000000e+00]
 [1.92823292e-36 4.91330713e-71 1.06350509e-35 5.68175428e-41
  6.40188639e-59 3.95617551e-44 1.81921987e-68 1.20200984e-53
  1.69883741e-41 1.69218307e-68 3.28026086e-37 1.46415926e-33
  3.39565773e-76 3.83399037e-49 9.45927321e-34 8.84008538e-48
  5.28549917e-76 3.10646245e-83 1.00000000e+00 2.19141367e-44
  7.88031371e-40 1.39190320e-59 2.06428647e-69 3.57645380e-33
  6.18554986e-80 7.20746800e-29 2.20403307e-25 1.00000000e+00]
 [1.30573370e-69 2.40569938e-38 1.44487951e-26 1.09190993e-35
  2.09679152e-45 8.37158964e-57 4.20241199e-28 1.90633141e-62
  1.05921541e-59 1.38475214e-69 1.90040059e-69 1.21646986e-34
  7.12667757e-74 2.96317653e-68 1.31795166e-74 7.92995783e-31
  3.09138910e-82 6.35120777e-47 2.19141367e-44 1.00000000e+00
  6.87373560e-56 5.93946880e-28 8.68717936e-53 1.97744692e-40
  1.15159141e-35 6.83895322e-27 3.19847549e-32 1.00000000e+00]
 [2.93798212e-27 6.24623999e-50 1.65524395e-35 3.73724225e-37
  1.28761984e-29 3.58477529e-62 4.82440750e-72 1.26510547e-73
  9.68135755e-62 1.65624790e-74 2.72538298e-32 2.86764970e-57
  2.58172465e-29 1.38692812e-32 2.03504953e-41 3.33452037e-31
  1.49369259e-42 1.47465835e-67 7.88031371e-40 6.87373560e-56
  1.00000000e+00 1.94169736e-62 1.41759701e-39 1.63747138e-25
  1.93214564e-30 2.95438109e-31 7.77089276e-76 1.00000000e+00]
 [1.13909924e-68 2.97122228e-35 4.73215529e-49 5.58258586e-73
  8.77716722e-27 7.28925707e-30 1.54547636e-31 6.13696599e-69
  1.97004369e-48 4.18196204e-29 4.46284272e-30 2.96636068e-29
  9.95886692e-70 8.72916503e-55 1.04537877e-65 1.74250053e-58
  4.09973742e-52 2.66971721e-31 1.39190320e-59 5.93946880e-28
  1.94169736e-62 1.00000000e+00 2.29170265e-31 1.93444437e-31
  4.36111285e-32 8.35677954e-33 1.13196944e-36 1.00000000e+00]
 [2.89493859e-37 1.84662133e-71 3.44524615e-59 4.84707886e-78
  7.12985296e-32 1.17080437e-61 7.01064394e-48 1.42950606e-70
  3.06208579e-36 7.18336013e-61 3.53946502e-30 6.47264530e-26
  2.23267705e-57 1.68925456e-55 2.21486478e-79 3.01028995e-28
  2.52302721e-25 7.80760174e-37 2.06428647e-69 8.68717936e-53
  1.41759701e-39 2.29170265e-31 1.00000000e+00 5.24007573e-62
  2.56682875e-26 3.84532160e-32 7.99661762e-82 1.00000000e+00]
 [5.82124025e-57 5.69316869e-24 3.39947217e-36 8.05162532e-42
  3.11299973e-27 1.42519375e-33 2.63131458e-57 1.05369936e-73
  9.21631664e-66 3.95154512e-40 1.92361065e-25 1.80851880e-58
  5.22421195e-46 4.73403120e-29 6.71916642e-31 1.19745848e-63
  3.89764766e-61 1.57429291e-63 3.57645380e-33 1.97744692e-40
  1.63747138e-25 1.93444437e-31 5.24007573e-62 1.00000000e+00
  6.55277836e-38 2.05543323e-30 2.64858201e-37 1.00000000e+00]
 [2.42517312e-57 2.45125780e-26 3.55796095e-45 6.53667587e-40
  2.36888562e-35 8.49017791e-68 4.93577400e-27 6.76960488e-64
  7.42237814e-55 1.10632804e-48 1.11143349e-48 2.92892699e-55
  1.03667513e-30 2.16012124e-34 3.32701691e-64 1.27414450e-29
  1.28228016e-30 1.91595532e-31 6.18554986e-80 1.15159141e-35
  1.93214564e-30 4.36111285e-32 2.56682875e-26 6.55277836e-38
  1.00000000e+00 9.55210219e-31 1.29295840e-72 1.00000000e+00]
 [2.82718875e-54 9.36379582e-58 2.76561447e-53 5.02551055e-36
  4.30068716e-52 1.46896256e-68 2.38542491e-30 2.57058104e-61
  1.22029714e-24 2.99025773e-54 2.99054858e-34 6.07932947e-38
  4.00948641e-70 3.48832904e-24 3.51724270e-57 3.16073287e-31
  1.98943445e-48 6.64474866e-66 7.20746800e-29 6.83895322e-27
  2.95438109e-31 8.35677954e-33 3.84532160e-32 2.05543323e-30
  9.55210219e-31 1.00000000e+00 5.48227565e-44 1.00000000e+00]
 [1.93073611e-59 4.04338674e-39 7.88564201e-33 8.00618628e-40
  1.35066191e-67 2.60121867e-26 3.04427042e-35 1.18042414e-30
  1.98520325e-41 6.96328213e-33 1.14354367e-50 3.13153385e-31
  2.72196157e-72 2.00344812e-54 4.29435632e-31 5.94508283e-61
  8.66076987e-74 1.02033941e-48 2.20403307e-25 3.19847549e-32
  7.77089276e-76 1.13196944e-36 7.99661762e-82 2.64858201e-37
  1.29295840e-72 5.48227565e-44 1.00000000e+00 1.00000000e+00]
 [1.00000000e+00 1.00000000e+00 1.00000000e+00 1.00000000e+00
  1.00000000e+00 1.00000000e+00 1.00000000e+00 1.00000000e+00
  1.00000000e+00 1.00000000e+00 1.00000000e+00 1.00000000e+00
  1.00000000e+00 1.00000000e+00 1.00000000e+00 1.00000000e+00
  1.00000000e+00 1.00000000e+00 1.00000000e+00 1.00000000e+00
  1.00000000e+00 1.00000000e+00 1.00000000e+00 1.00000000e+00
  1.00000000e+00 1.00000000e+00 1.00000000e+00 0.00000000e+00]]
