[[1.00000000e+000 6.99182309e-014 8.50751029e-043 2.87218514e-034
  7.21594525e-056 1.10848605e-044 2.44304606e-033 1.47158649e-045
  2.83567725e-053 5.79327233e-029 3.55729909e-056 8.20520378e-032
  7.29463283e-028 2.46149308e-067 1.50829251e-060 3.03381832e-043
  1.66926834e-015 1.23082966e-080 1.38385104e-034 5.44818643e-014
  1.00000000e+000]
 [6.99182309e-014 1.00000000e+000 7.94818492e-046 6.10338360e-023
  1.33177438e-056 1.36168387e-048 2.16931303e-021 7.82127339e-048
  2.77585627e-028 2.51176634e-035 6.80669299e-046 5.07102099e-032
  2.39242773e-021 1.12417247e-070 1.30980325e-056 2.90081686e-025
  1.81267270e-017 5.05198634e-084 3.24089764e-032 1.92442209e-023
  1.00000000e+000]
 [8.50751029e-043 7.94818492e-046 1.00000000e+000 2.35967781e-052
  6.79111982e-019 1.93238149e-080 1.19881752e-018 1.98178751e-032
  3.25482644e-066 1.67008538e-026 1.18404309e-060 2.50576429e-013
  1.27462242e-045 1.21964927e-054 1.22967656e-048 8.93863179e-041
  1.84860897e-032 8.98611104e-048 4.61962858e-064 1.66828841e-037
  1.00000000e+000]
 [2.87218514e-034 6.10338360e-023 2.35967781e-052 1.00000000e+000
  2.01205089e-066 3.57796884e-010 2.04944881e-021 6.24901651e-019
  9.10687749e-018 4.10102176e-068 2.53977599e-058 4.17540975e-057
  3.94707644e-033 6.66684713e-063 9.10417599e-054 2.98468531e-026
  7.34789547e-018 1.01141348e-053 1.65105394e-022 3.54066988e-045
  1.00000000e+000]
 [7.21594525e-056 1.33177438e-056 6.79111982e-019 2.01205089e-066
  1.00000000e+000 5.20757833e-092 1.28225530e-036 4.81366639e-040
  2.72132462e-062 9.92705213e-033 1.56819020e-051 4.74441631e-016
  2.76955044e-048 7.32473690e-019 1.13240042e-014 2.28105469e-068
  8.03659783e-041 3.92432640e-027 2.46187602e-064 3.41811538e-041
  1.00000000e+000]
 [1.10848605e-044 1.36168387e-048 1.93238149e-080 3.57796884e-010
  5.20757833e-092 1.00000000e+000 1.33487878e-045 8.05350988e-027
  1.53048475e-038 5.67680322e-092 2.00192057e-075 4.47168907e-090
  1.99273849e-050 4.92516883e-075 3.23222192e-068 1.31985947e-052
  1.83575020e-027 1.79481753e-060 5.37692770e-028 1.96062190e-057
  1.00000000e+000]
 [2.44304606e-033 2.16931303e-021 1.19881752e-018 2.04944881e-021
  1.28225530e-036 1.33487878e-045 1.00000000e+000 1.05554192e-033
  2.69888310e-039 1.07788172e-023 5.00661023e-030 5.53000185e-033
  3.30671053e-026 6.16950339e-064 1.01855499e-042 6.29166000e-020
  1.83027467e-013 1.88400130e-058 4.51180584e-043 4.12127029e-026
  1.00000000e+000]
 [1.47158649e-045 7.82127339e-048 1.98178751e-032 6.24901651e-019
  4.81366639e-040 8.05350988e-027 1.05554192e-033 1.00000000e+000
  1.00827632e-026 5.57471456e-073 3.57539435e-074 4.73256987e-040
  4.88783177e-040 4.58596066e-040 5.80363482e-045 6.33942823e-037
  1.43193419e-026 2.18895499e-017 1.71359328e-024 2.27647642e-051
  1.00000000e+000]
 [2.83567725e-053 2.77585627e-028 3.25482644e-066 9.10687749e-018
  2.72132462e-062 1.53048475e-038 2.69888310e-039 1.00827632e-026
  1.00000000e+000 1.03826380e-083 1.56136388e-056 2.31758604e-057
  5.64378303e-024 2.95994656e-062 1.19452009e-053 5.61961815e-024
  1.89145113e-029 6.80769810e-045 4.81012155e-014 3.68993348e-053
  1.00000000e+000]
 [5.79327233e-029 2.51176634e-035 1.67008538e-026 4.10102176e-068
  9.92705213e-033 5.67680322e-092 1.07788172e-023 5.57471456e-073
  1.03826380e-083 1.00000000e+000 1.00372565e-026 4.65612227e-031
  1.92360936e-033 8.53683178e-073 7.15191517e-048 5.00900072e-053
  1.06213117e-024 1.43116732e-084 4.04206315e-068 3.72380427e-012
  1.00000000e+000]
 [3.55729909e-056 6.80669299e-046 1.18404309e-060 2.53977599e-058
  1.56819020e-051 2.00192057e-075 5.00661023e-030 3.57539435e-074
  1.56136388e-056 1.00372565e-026 1.00000000e+000 6.58271961e-072
  2.32111655e-018 5.66495703e-084 8.74926582e-045 9.53692040e-043
  1.76267863e-021 2.14149216e-071 1.47623836e-044 1.32223387e-019
  1.00000000e+000]
 [8.20520378e-032 5.07102099e-032 2.50576429e-013 4.17540975e-057
  4.74441631e-016 4.47168907e-090 5.53000185e-033 4.73256987e-040
  2.31758604e-057 4.65612227e-031 6.58271961e-072 1.00000000e+000
  8.27875852e-046 1.33591492e-038 3.13625345e-041 1.67441545e-052
  9.11424965e-039 2.15845426e-054 1.60435534e-061 9.89762014e-038
  1.00000000e+000]
 [7.29463283e-028 2.39242773e-021 1.27462242e-045 3.94707644e-033
  2.76955044e-048 1.99273849e-050 3.30671053e-026 4.88783177e-040
  5.64378303e-024 1.92360936e-033 2.32111655e-018 8.27875852e-046
  1.00000000e+000 1.50639010e-074 1.74071025e-052 7.64152502e-015
  2.43498814e-008 8.62626109e-054 2.53105206e-011 4.25850867e-011
  1.00000000e+000]
 [2.46149308e-067 1.12417247e-070 1.21964927e-054 6.66684713e-063
  7.32473690e-019 4.92516883e-075 6.16950339e-064 4.58596066e-040
  2.95994656e-062 8.53683178e-073 5.66495703e-084 1.33591492e-038
  1.50639010e-074 1.00000000e+000 3.64748151e-009 6.13531601e-104
  4.01768129e-058 2.37468666e-025 2.14827854e-069 9.86084992e-069
  1.00000000e+000]
 [1.50829251e-060 1.30980325e-056 1.22967656e-048 9.10417599e-054
  1.13240042e-014 3.23222192e-068 1.01855499e-042 5.80363482e-045
  1.19452009e-053 7.15191517e-048 8.74926582e-045 3.13625345e-041
  1.74071025e-052 3.64748151e-009 1.00000000e+000 5.11323556e-083
  4.94811516e-040 1.91029417e-028 3.68624322e-059 2.21831926e-047
  1.00000000e+000]
 [3.03381832e-043 2.90081686e-025 8.93863179e-041 2.98468531e-026
  2.28105469e-068 1.31985947e-052 6.29166000e-020 6.33942823e-037
  5.61961815e-024 5.00900072e-053 9.53692040e-043 1.67441545e-052
  7.64152502e-015 6.13531601e-104 5.11323556e-083 1.00000000e+000
  1.72672133e-019 5.23295597e-070 9.53968070e-024 1.09167038e-034
  1.00000000e+000]
 [1.66926834e-015 1.81267270e-017 1.84860897e-032 7.34789547e-018
  8.03659783e-041 1.83575020e-027 1.83027467e-013 1.43193419e-026
  1.89145113e-029 1.06213117e-024 1.76267863e-021 9.11424965e-039
  2.43498814e-008 4.01768129e-058 4.94811516e-040 1.72672133e-019
  1.00000000e+000 8.91073628e-047 4.66148478e-015 5.41343423e-008
  1.00000000e+000]
 [1.23082966e-080 5.05198634e-084 8.98611104e-048 1.01141348e-053
  3.92432640e-027 1.79481753e-060 1.88400130e-058 2.18895499e-017
  6.80769810e-045 1.43116732e-084 2.14149216e-071 2.15845426e-054
  8.62626109e-054 2.37468666e-025 1.91029417e-028 5.23295597e-070
  8.91073628e-047 1.00000000e+000 1.52466860e-041 5.64929396e-066
  1.00000000e+000]
 [1.38385104e-034 3.24089764e-032 4.61962858e-064 1.65105394e-022
  2.46187602e-064 5.37692770e-028 4.51180584e-043 1.71359328e-024
  4.81012155e-014 4.04206315e-068 1.47623836e-044 1.60435534e-061
  2.53105206e-011 2.14827854e-069 3.68624322e-059 9.53968070e-024
  4.66148478e-015 1.52466860e-041 1.00000000e+000 1.68836274e-029
  1.00000000e+000]
 [5.44818643e-014 1.92442209e-023 1.66828841e-037 3.54066988e-045
  3.41811538e-041 1.96062190e-057 4.12127029e-026 2.27647642e-051
  3.68993348e-053 3.72380427e-012 1.32223387e-019 9.89762014e-038
  4.25850867e-011 9.86084992e-069 2.21831926e-047 1.09167038e-034
  5.41343423e-008 5.64929396e-066 1.68836274e-029 1.00000000e+000
  1.00000000e+000]
 [1.00000000e+000 1.00000000e+000 1.00000000e+000 1.00000000e+000
  1.00000000e+000 1.00000000e+000 1.00000000e+000 1.00000000e+000
  1.00000000e+000 1.00000000e+000 1.00000000e+000 1.00000000e+000
  1.00000000e+000 1.00000000e+000 1.00000000e+000 1.00000000e+000
  1.00000000e+000 1.00000000e+000 1.00000000e+000 1.00000000e+000
  0.00000000e+000]]
