[[1.00000000e+000 1.29045119e-034 2.86804423e-056 1.84771604e-063
  1.03754798e-031 3.11685742e-022 3.68788594e-023 2.74420305e-021
  3.54235412e-046 1.50015854e-019 1.62903180e-013 8.66316974e-047
  1.88720682e-065 9.45478472e-008 6.27503359e-027 1.00306371e-045
  1.79783422e-038 6.33064610e-011 4.28439481e-038 1.23311463e-041
  1.40306105e-011 7.47819289e-021 1.00000000e+000]
 [1.29045119e-034 1.00000000e+000 5.23840493e-053 1.13017900e-040
  8.24418870e-049 1.34604202e-041 3.80928952e-040 5.23892081e-029
  3.24745194e-040 7.24524994e-033 5.29925494e-032 2.39873816e-016
  1.02759138e-052 2.92388944e-021 1.84870378e-040 3.89468482e-074
  4.64288414e-064 4.61268025e-047 2.05093603e-064 5.91732422e-039
  2.05529475e-035 4.52978027e-049 1.00000000e+000]
 [2.86804423e-056 5.23840493e-053 1.00000000e+000 5.70461422e-034
  8.23195707e-046 1.74696574e-060 6.54466561e-029 1.94368449e-022
  3.72867433e-046 1.64394107e-064 4.45458459e-025 1.40501939e-022
  1.33997643e-050 8.28291132e-055 4.74141920e-042 8.88738104e-052
  1.74405010e-022 3.68236649e-081 7.49668938e-033 1.53712159e-026
  2.53251581e-045 1.76179002e-021 1.00000000e+000]
 [1.84771604e-063 1.13017900e-040 5.70461422e-034 1.00000000e+000
  8.89050880e-057 1.17518223e-050 4.86880183e-053 2.41376233e-038
  5.45638420e-055 7.37814179e-052 1.13681344e-056 7.54221243e-023
  1.15200071e-041 7.79347760e-071 1.43601917e-021 6.71182068e-024
  8.70745683e-075 4.04103475e-067 1.32428381e-023 2.52676004e-052
  3.31449304e-060 4.79056402e-036 1.00000000e+000]
 [1.03754798e-031 8.24418870e-049 8.23195707e-046 8.89050880e-057
  1.00000000e+000 7.16129109e-017 6.84977671e-034 4.57436881e-027
  2.26272544e-058 3.53254819e-029 1.13092064e-035 1.45403063e-056
  3.24515270e-033 3.68187905e-037 2.63381822e-033 2.36952927e-038
  3.45201617e-051 4.68824951e-027 1.36932843e-036 7.27650479e-079
  1.00177389e-046 1.97202513e-038 1.00000000e+000]
 [3.11685742e-022 1.34604202e-041 1.74696574e-060 1.17518223e-050
  7.16129109e-017 1.00000000e+000 2.20247972e-019 5.92948858e-037
  5.44555713e-063 2.86372275e-004 1.85565029e-030 4.43770685e-053
  5.17723164e-023 2.68094523e-029 5.12437458e-017 2.59218345e-029
  2.05541941e-046 2.90727258e-021 3.90640282e-045 9.79957812e-085
  1.84735150e-030 5.95742113e-029 1.00000000e+000]
 [3.68788594e-023 3.80928952e-040 6.54466561e-029 4.86880183e-053
  6.84977671e-034 2.20247972e-019 1.00000000e+000 9.58496701e-023
  1.47352812e-041 8.00186451e-019 4.33934744e-007 2.42833138e-030
  8.70103048e-029 9.26796202e-024 1.08924563e-028 8.67326797e-047
  7.16993403e-009 2.33914855e-043 4.54009148e-050 3.84407679e-047
  4.74162060e-012 2.10304559e-014 1.00000000e+000]
 [2.74420305e-021 5.23892081e-029 1.94368449e-022 2.41376233e-038
  4.57436881e-027 5.92948858e-037 9.58496701e-023 1.00000000e+000
  2.81223733e-011 2.28665535e-042 6.69028217e-015 5.46961739e-017
  2.22136680e-042 3.10164252e-027 4.20736410e-038 1.77902157e-042
  1.75116928e-032 1.60647863e-028 9.05521969e-028 1.73146046e-026
  3.99444038e-015 3.04153700e-025 1.00000000e+000]
 [3.54235412e-046 3.24745194e-040 3.72867433e-046 5.45638420e-055
  2.26272544e-058 5.44555713e-063 1.47352812e-041 2.81223733e-011
  1.00000000e+000 3.35736829e-069 7.98191712e-037 2.07229144e-020
  1.40499738e-050 1.28078484e-053 7.15746544e-072 1.25326522e-069
  8.70980762e-058 4.35449457e-048 5.23871013e-059 4.38875091e-046
  1.09911740e-023 2.03601745e-057 1.00000000e+000]
 [1.50015854e-019 7.24524994e-033 1.64394107e-064 7.37814179e-052
  3.53254819e-029 2.86372275e-004 8.00186451e-019 2.28665535e-042
  3.35736829e-069 1.00000000e+000 4.42832974e-027 1.41943222e-049
  4.74064044e-033 3.74820586e-021 3.57694058e-015 7.43653372e-039
  1.27578929e-045 2.01154706e-026 4.75766299e-053 1.27024657e-075
  6.51728290e-028 3.24175202e-027 1.00000000e+000]
 [1.62903180e-013 5.29925494e-032 4.45458459e-025 1.13681344e-056
  1.13092064e-035 1.85565029e-030 4.33934744e-007 6.69028217e-015
  7.98191712e-037 4.42832974e-027 1.00000000e+000 7.06864285e-027
  1.72500544e-051 2.34621678e-011 2.62244287e-032 5.85752234e-056
  1.72469890e-009 2.27675440e-038 4.09538180e-044 2.96219880e-024
  7.15015022e-009 2.61443596e-012 1.00000000e+000]
 [8.66316974e-047 2.39873816e-016 1.40501939e-022 7.54221243e-023
  1.45403063e-056 4.43770685e-053 2.42833138e-030 5.46961739e-017
  2.07229144e-020 1.41943222e-049 7.06864285e-027 1.00000000e+000
  1.74727254e-040 5.53904763e-041 1.11073059e-041 4.90447373e-059
  1.79617377e-043 1.11267579e-063 4.88923034e-048 2.99230968e-024
  1.33660014e-029 6.93044831e-036 1.00000000e+000]
 [1.88720682e-065 1.02759138e-052 1.33997643e-050 1.15200071e-041
  3.24515270e-033 5.17723164e-023 8.70103048e-029 2.22136680e-042
  1.40499738e-050 4.74064044e-033 1.72500544e-051 1.74727254e-040
  1.00000000e+000 6.37065902e-070 5.01294322e-042 2.37212964e-042
  4.22193523e-056 2.44142289e-061 4.88840378e-064 2.08035478e-102
  1.27152325e-050 1.60034559e-052 1.00000000e+000]
 [9.45478472e-008 2.92388944e-021 8.28291132e-055 7.79347760e-071
  3.68187905e-037 2.68094523e-029 9.26796202e-024 3.10164252e-027
  1.28078484e-053 3.74820586e-021 2.34621678e-011 5.53904763e-041
  6.37065902e-070 1.00000000e+000 2.16497200e-035 7.70900920e-071
  4.41433715e-036 1.12790887e-027 5.85011725e-058 5.40808859e-036
  4.77671851e-018 2.51431211e-028 1.00000000e+000]
 [6.27503359e-027 1.84870378e-040 4.74141920e-042 1.43601917e-021
  2.63381822e-033 5.12437458e-017 1.08924563e-028 4.20736410e-038
  7.15746544e-072 3.57694058e-015 2.62244287e-032 1.11073059e-041
  5.01294322e-042 2.16497200e-035 1.00000000e+000 4.25864452e-014
  9.50522973e-049 4.05776480e-035 2.15844151e-019 4.18692940e-055
  1.19996091e-038 8.54971558e-013 1.00000000e+000]
 [1.00306371e-045 3.89468482e-074 8.88738104e-052 6.71182068e-024
  2.36952927e-038 2.59218345e-029 8.67326797e-047 1.77902157e-042
  1.25326522e-069 7.43653372e-039 5.85752234e-056 4.90447373e-059
  2.37212964e-042 7.70900920e-071 4.25864452e-014 1.00000000e+000
  7.71392465e-070 2.81793074e-038 1.69920220e-011 1.68457858e-081
  4.84223473e-053 9.84532134e-027 1.00000000e+000]
 [1.79783422e-038 4.64288414e-064 1.74405010e-022 8.70745683e-075
  3.45201617e-051 2.05541941e-046 7.16993403e-009 1.75116928e-032
  8.70980762e-058 1.27578929e-045 1.72469890e-009 1.79617377e-043
  4.22193523e-056 4.41433715e-036 9.50522973e-049 7.71392465e-070
  1.00000000e+000 4.77508978e-072 6.76367422e-061 1.75923433e-041
  9.86159899e-025 1.76573884e-017 1.00000000e+000]
 [6.33064610e-011 4.61268025e-047 3.68236649e-081 4.04103475e-067
  4.68824951e-027 2.90727258e-021 2.33914855e-043 1.60647863e-028
  4.35449457e-048 2.01154706e-026 2.27675440e-038 1.11267579e-063
  2.44142289e-061 1.12790887e-027 4.05776480e-035 2.81793074e-038
  4.77508978e-072 1.00000000e+000 2.30399727e-039 3.34435972e-075
  1.57942665e-026 9.22354689e-043 1.00000000e+000]
 [4.28439481e-038 2.05093603e-064 7.49668938e-033 1.32428381e-023
  1.36932843e-036 3.90640282e-045 4.54009148e-050 9.05521969e-028
  5.23871013e-059 4.75766299e-053 4.09538180e-044 4.88923034e-048
  4.88840378e-064 5.85011725e-058 2.15844151e-019 1.69920220e-011
  6.76367422e-061 2.30399727e-039 1.00000000e+000 6.97383432e-047
  1.04353824e-049 2.45495250e-020 1.00000000e+000]
 [1.23311463e-041 5.91732422e-039 1.53712159e-026 2.52676004e-052
  7.27650479e-079 9.79957812e-085 3.84407679e-047 1.73146046e-026
  4.38875091e-046 1.27024657e-075 2.96219880e-024 2.99230968e-024
  2.08035478e-102 5.40808859e-036 4.18692940e-055 1.68457858e-081
  1.75923433e-041 3.34435972e-075 6.97383432e-047 1.00000000e+000
  1.01520058e-036 1.03176757e-030 1.00000000e+000]
 [1.40306105e-011 2.05529475e-035 2.53251581e-045 3.31449304e-060
  1.00177389e-046 1.84735150e-030 4.74162060e-012 3.99444038e-015
  1.09911740e-023 6.51728290e-028 7.15015022e-009 1.33660014e-029
  1.27152325e-050 4.77671851e-018 1.19996091e-038 4.84223473e-053
  9.86159899e-025 1.57942665e-026 1.04353824e-049 1.01520058e-036
  1.00000000e+000 1.66278211e-022 1.00000000e+000]
 [7.47819289e-021 4.52978027e-049 1.76179002e-021 4.79056402e-036
  1.97202513e-038 5.95742113e-029 2.10304559e-014 3.04153700e-025
  2.03601745e-057 3.24175202e-027 2.61443596e-012 6.93044831e-036
  1.60034559e-052 2.51431211e-028 8.54971558e-013 9.84532134e-027
  1.76573884e-017 9.22354689e-043 2.45495250e-020 1.03176757e-030
  1.66278211e-022 1.00000000e+000 1.00000000e+000]
 [1.00000000e+000 1.00000000e+000 1.00000000e+000 1.00000000e+000
  1.00000000e+000 1.00000000e+000 1.00000000e+000 1.00000000e+000
  1.00000000e+000 1.00000000e+000 1.00000000e+000 1.00000000e+000
  1.00000000e+000 1.00000000e+000 1.00000000e+000 1.00000000e+000
  1.00000000e+000 1.00000000e+000 1.00000000e+000 1.00000000e+000
  1.00000000e+000 1.00000000e+000 0.00000000e+000]]
