[[ 4.3074821  -4.0760934  -0.24792725 -1.19414359  0.90935312 -1.92659307]
 [ 3.07360601  0.01531559  3.27305263 -2.68053592 -1.26682693  4.43174024]
 [-3.00872856  2.12913054  2.29472509  3.92069886  1.9577185  -0.46589865]
 [-4.78403641  0.19211537  3.60540893 -3.79822979  3.50757371  1.97153224]
 [-0.08068157 -2.36075624  4.63411924 -0.97315696 -3.15421469 -4.88448408]
 [ 0.13657412 -2.07235265 -0.11515536 -4.52580581 -2.88156066 -3.54522447]
 [ 0.90416736  1.52165804 -2.30007011 -0.13474378 -0.88428167 -2.35820333]
 [ 2.5215145   0.83063582  3.65496882  0.27090901  2.55242142 -1.94836594]
 [ 4.58787374  4.47226218  4.30324635 -1.65551768  4.15157073 -1.67539973]
 [ 0.74494408 -2.5346303  -1.60461663 -4.50906917 -2.95902866 -1.23229839]
 [ 2.62646622 -0.19505315 -1.12548994  1.88454437  0.28010012 -0.97111545]
 [ 0.55901999  3.49322342  2.76162955 -0.94707153  2.2145264   2.96165196]
 [-2.3881169   4.27783841  1.96946263 -4.98764715 -2.64837872 -3.49144692]
 [ 4.82761734 -3.25443933 -0.18059119  0.1652515  -1.56029551  0.77097069]
 [-3.01134098 -3.83749426 -0.25371395 -3.25116321  0.6881571  -0.36748208]
 [-4.36977458 -2.97674266  1.57283997 -4.59068608  3.55141683 -4.22392191]
 [ 0.42537802  1.81850426 -3.08449459  4.03189419 -0.24040045 -2.57089021]
 [ 4.40840901 -4.57788558  2.44867183 -4.479044    1.08942187 -4.19075075]
 [-3.15657197 -3.96726544  3.48090084 -0.76852117  4.86636691 -2.68556349]
 [ 2.00969659 -0.71079329  1.42225294  4.10346035  4.76688741  3.71758114]
 [ 4.56625167  0.56891699 -1.50384293 -1.2090753   2.23912977 -1.89755146]
 [-1.55300344 -2.23379211 -1.78696065  0.92646703  2.13954418 -1.45336187]]
