[[ 3.89490752e+00  4.73505950e+00 -1.14344953e+00  3.15789213e+00
   3.02395338e+00  1.25756046e+00]
 [ 2.12220828e+00  1.03168436e+00 -6.23785290e-01 -4.28742433e+00
  -1.88309731e+00 -3.90708943e+00]
 [ 2.03645981e+00 -1.68952922e+00  2.34538147e-01 -2.15184996e+00
  -1.39086663e+00  3.26756956e+00]
 [-1.98412705e+00  2.42277054e+00 -7.67652807e-01  3.60274591e+00
   4.53810166e+00  4.40113970e+00]
 [ 1.17221169e+00  2.58461788e+00  1.35992913e+00  3.87243698e+00
   1.13170165e+00  3.29912676e+00]
 [ 2.92356698e+00 -3.33818052e-01 -3.20066125e+00 -3.05770734e-01
   3.13195176e+00  1.68019262e+00]
 [ 2.28432567e+00 -1.71521069e+00  4.16702086e-01  4.25959812e+00
  -1.67784172e+00  4.41455539e+00]
 [-3.74396034e+00  2.12311386e+00 -1.82543242e+00 -4.90023847e+00
  -4.84613426e+00 -5.47506052e-01]
 [-4.77867252e+00 -4.46686682e+00  3.34759593e+00 -1.34906701e+00
  -3.07886626e+00  7.87821736e-01]
 [ 4.70895828e-01  1.63903789e+00  2.36071815e+00  3.37091641e+00
   4.18056904e-01  3.58864158e+00]
 [ 3.83813948e+00 -8.00474675e-01 -2.56630902e-02 -4.19764785e+00
   1.18543262e-01 -5.81041585e-01]
 [-1.29719410e+00  2.76157750e+00 -2.83844388e-01  4.74648044e+00
  -8.25538881e-01 -4.18914873e+00]
 [-2.48773641e+00 -2.64320619e+00  1.79496994e+00  2.32478423e+00
   2.64058050e+00  1.05615166e-01]
 [ 1.95019317e+00  2.28822149e+00 -1.03872230e+00  3.46148660e+00
  -3.36916535e+00 -3.13990503e-01]
 [ 3.89373741e+00 -2.12973361e+00 -6.78228188e-01 -1.64768782e+00
  -1.07458596e+00 -4.07718319e+00]
 [-9.67961706e-01 -4.64821476e-01 -3.24810221e+00 -2.59278207e+00
   3.34226796e+00 -1.73391005e+00]
 [-1.94674709e+00 -1.13892771e+00  2.08448755e+00 -4.24858780e-01
   7.16376965e-01 -3.56275353e+00]
 [-2.99216446e+00  2.79832207e+00 -4.66513505e+00 -4.86082957e+00
  -4.22825760e+00 -2.10353625e+00]
 [ 3.75256542e+00  8.40270235e-01  1.39690154e+00 -4.76621888e+00
   3.70361465e+00  4.24447595e+00]
 [ 1.50762492e-01 -7.33267456e-01  4.92861355e+00  4.57656257e+00
   2.01875777e+00 -1.77420228e+00]
 [ 1.48263330e+00  3.14516832e+00  4.35849140e+00  2.06219838e+00
   5.62320538e-01  1.28581186e+00]
 [ 1.21123671e-01 -3.85226909e+00  2.44167104e+00  3.93224478e+00
   1.69603979e+00  2.92474311e+00]
 [ 4.05040752e+00  1.85262486e+00  1.71000924e+00 -2.50962703e+00
   4.93713886e+00  4.18730179e+00]
 [-2.12112398e+00 -4.45862979e-03 -2.05015727e-01  6.06619198e-01
   1.28556838e+00  4.67446057e+00]
 [-3.37195738e+00 -3.94630450e+00  4.80722725e+00 -3.83421465e-01
   1.30935180e+00 -2.31268083e+00]
 [-2.46577557e-01  1.45340397e+00  2.28877217e-01  2.91776821e+00
   4.17444977e+00 -3.50403771e+00]
 [-4.43196055e+00 -2.30861152e+00 -2.25130118e+00  1.01657759e+00
  -2.78763832e+00 -2.31943056e+00]
 [ 4.27818629e+00 -1.35180912e+00  2.02159946e+00 -4.56095681e+00
  -2.22248389e+00 -3.63342167e+00]
 [-4.08906936e+00  1.45470040e+00 -2.19784451e+00 -2.07395234e+00
   2.55153018e+00  1.86222803e+00]
 [ 6.75856391e-01 -2.63773432e-02  5.69246899e-01 -8.16879397e-01
  -3.19257657e+00 -3.50238074e+00]
 [ 1.54358328e+00 -9.50993964e-01  7.44430761e-01  1.31256409e+00
   2.24739139e+00  3.90126094e+00]
 [ 7.70044777e-01  2.40898323e+00 -3.18003208e-01 -2.77116159e+00
  -2.36969266e+00 -2.08900339e+00]
 [ 1.60687955e+00 -4.14905194e+00  1.73531899e+00 -6.82900092e-01
  -1.71638970e+00 -5.42708833e-01]
 [ 3.29834154e+00  3.71666712e+00  2.01855836e+00  1.38295439e+00
   8.32626877e-01  8.43130960e-01]
 [ 3.72372479e-01 -3.89441401e+00 -3.16983583e+00 -1.07293812e+00
   4.41278733e+00  6.38477401e-01]
 [-1.07674599e+00  1.00767938e+00  2.07148653e+00  4.73601574e+00
  -2.58747000e+00  9.61256325e-01]
 [ 3.96475800e+00 -9.80237955e-01  2.81023204e+00  3.75144168e+00
  -7.81749504e-01  4.26894985e+00]
 [ 9.83748439e-01  4.04248610e+00  4.12553587e+00 -2.99201835e-01
  -4.16603731e-01 -1.10302043e+00]
 [-9.61492743e-01 -3.22931579e+00 -4.81002959e+00  9.86483111e-01
  -4.87834880e+00 -2.53221563e+00]
 [-3.54725232e+00 -6.54826283e-01 -2.89691069e+00 -3.97889493e+00
  -4.78910617e+00 -1.15318698e+00]
 [-2.34469480e+00 -4.94632927e+00 -4.67037420e+00 -2.41398915e+00
  -3.69486796e+00 -3.98804757e+00]
 [ 2.15243688e+00  3.59362185e+00 -3.26061095e+00  3.52110252e+00
  -4.21838695e+00 -2.61323887e+00]
 [ 3.54654481e+00 -4.20975423e+00  4.30030674e+00  2.44166012e+00
  -6.51574807e-01  2.30363269e+00]
 [ 1.81607625e+00 -2.50606846e+00 -2.42650046e-01  2.72850258e+00
   3.42198714e+00 -1.70231000e+00]
 [ 1.55590161e+00 -4.74833752e+00  2.59625514e+00  3.37972220e+00
  -3.65146662e+00 -1.51093451e+00]
 [ 2.96746986e+00 -1.08761565e+00  4.97995086e+00 -1.00053566e+00
   1.88546803e+00 -2.87003882e+00]
 [ 4.64341088e-01 -1.06787338e+00 -3.41245101e+00  4.69744507e+00
  -1.83788945e+00 -3.96280695e+00]
 [-5.23249223e-01 -6.33460674e-01 -2.84217166e+00 -2.87282041e+00
   1.21539937e+00  9.53020427e-01]
 [-2.93807698e+00  2.91542554e+00  1.67592342e+00 -3.10444869e+00
  -4.45634468e+00  1.49641973e+00]
 [-3.82045052e+00  1.56927811e+00 -4.76727041e+00  3.70552225e+00
  -4.39241730e+00  3.09582341e+00]
 [ 1.11316589e-01 -2.80912987e+00 -4.31618977e+00 -2.22313024e+00
   7.14069572e-01  2.55862059e+00]
 [-3.93082310e+00 -4.58449296e-01 -4.11176327e+00  1.82509233e+00
  -4.61973046e+00  1.03767734e+00]
 [-3.99302055e+00 -3.67563253e-01 -1.23580326e+00 -2.58479120e+00
  -2.73942574e-01  4.22268241e+00]
 [ 7.90711152e-01  1.26916383e+00 -1.20398431e+00 -3.09060492e+00
  -4.38081581e+00 -3.84931938e+00]
 [-1.53438554e-01  2.51314278e+00 -2.78733009e+00 -2.79806258e+00
  -7.51856898e-01  4.44519119e+00]
 [ 4.76659236e+00  3.44409065e-01 -2.63644937e+00 -1.02776663e+00
  -4.01757944e+00 -2.37792516e+00]
 [ 3.34196960e+00  9.68092446e-01 -3.81854924e+00  6.13123758e-02
   4.33683952e+00 -4.10444789e+00]]
