[[ 0.3311344  -0.38310441  0.82241436 -1.02801125  4.39681613  0.94497899]
 [ 0.21891563 -0.33765467 -3.06130273  2.6103602  -0.09009587 -3.94915747]
 [ 4.59776276 -4.31075338 -2.40163618 -2.56241599  2.60496513 -2.81756582]
 [-4.63366026 -4.67931877 -2.72714632 -2.42155367 -3.16368747  1.95097047]
 [-4.67289911  0.5474842   0.3836128  -0.67489225  3.85493933 -0.33341207]
 [-4.6818243   2.60778343 -3.11110924  0.99187792 -3.43525179 -1.70322268]
 [-4.44758582 -3.53322776 -3.07042082  4.28607981 -4.76598282 -4.74560133]
 [ 0.34894732 -4.06677182  2.16200528  4.43618906 -0.2187503   3.59037668]
 [ 3.16393903  3.14989925  1.0287618   4.68722707 -2.58112426  4.01227061]
 [-3.80241695  2.19846755  1.97168379 -3.97503936  3.04877306 -4.38764007]
 [ 3.18170276 -3.02806877 -3.50174564  1.66750584 -2.2634522   0.52172163]
 [ 4.39963067 -2.74116498 -2.80623206 -4.12305954 -2.21189316 -3.60673596]
 [-4.06172911 -3.40500325  4.94316235  4.34293407 -1.50601957  4.52342802]
 [-0.51476447  3.10568312 -1.0088086  -3.11189467 -4.13859228  0.12612766]
 [-1.3885235   4.92234214  1.54943488 -3.53595979  2.15046939  2.71425947]
 [ 0.20564927  0.22117631  3.93375634 -2.66142687  0.76767568 -2.08408568]
 [ 2.00329573 -0.99039205  0.53165937  4.66532672 -2.73236948 -1.59246414]
 [ 2.32389436 -0.91303089 -2.51003866  3.34811697 -0.0208024   3.25453852]
 [ 1.06777412 -3.47778052  0.70600658 -0.13789394  2.04762523 -0.42655843]
 [ 4.8223644   3.32092158 -4.4815635   0.16149872 -3.10160196 -1.90345343]
 [ 4.35616748 -1.71138028 -1.93025699 -1.10819207 -4.17556001  1.25434249]
 [ 0.22867535  2.92143645  0.64896347  4.5642272   2.44579987 -3.75926287]
 [-4.67840075 -0.28575147 -4.13319813  0.07072219 -1.5874916  -1.57078111]
 [-3.58032809 -4.79094114  3.43530518  2.48637501  1.16530402 -4.31927345]
 [ 4.50141339  3.97776448 -1.26005893  3.78243217 -3.31954189  4.74054671]
 [ 0.94054675 -1.74239561 -4.35355395 -1.96993269  1.37034268 -0.19982827]
 [-4.79765735 -1.93527489 -3.42074106 -1.60554777 -1.63845361 -2.88829158]
 [ 3.69278882 -0.80792546  3.25722292 -1.33909625 -2.30681145 -2.28308108]
 [ 3.34580846  2.56003866  4.12485874 -4.26098169 -4.19530891 -4.79303978]
 [ 3.5671351   1.60785648 -2.88860411 -3.05924598  2.6266203  -0.49799345]
 [-1.43312002 -4.37269416 -1.26265786 -4.24865925 -4.18327186 -0.22910748]
 [-1.33509092  0.58806233 -0.80742773  2.11798458  3.97856317 -0.94668297]
 [ 3.94209925 -1.32023094  1.5117129   0.20853631  4.05956461 -4.57104718]
 [-4.93007801 -3.50842515 -3.44125917 -2.09127225  2.78117349 -4.60005874]
 [-3.16698113  0.18376724 -2.80531557  3.90706044 -4.5405399  -2.14318591]
 [ 1.01211948  0.17181004 -3.92829609 -2.10828319 -0.26764704 -1.52174668]
 [ 2.25707215 -2.9266958  -4.59471879  1.96033726 -3.5637584   4.33423055]
 [ 0.78196571 -4.19420764  4.37055578 -2.44381373  1.01457517  2.55720925]
 [ 2.14917685 -3.28188257 -2.47945792 -3.06263917 -0.88726715  1.48587128]
 [-3.89918017 -2.86820208 -1.36810985  4.09705694  1.3546289   3.61304217]
 [-3.78626734  0.65294758 -4.67876249 -4.50764061 -4.6529495   2.75269994]
 [ 2.58339354  0.60239701  3.41330538 -3.14592745  1.50037251 -4.9093319 ]
 [-0.23946183  0.91155784  4.78777872  2.90902309  3.98991508  0.79338217]
 [-0.81595773  4.44865531  3.98541431 -4.95305944 -0.65161219 -0.35278987]
 [-4.0663616   0.36210196  4.78911449 -1.72547079  2.15438386 -3.59643149]
 [-2.55006112 -3.88087725 -1.78522686 -4.4284682   1.28583665  3.22647826]
 [ 2.23864531 -0.03182435  2.25895969  0.76728061 -2.21041421  0.54008362]
 [ 2.24959646 -4.55593524  3.93615122 -1.16916869  3.81640756 -2.76424776]
 [ 0.94225181 -2.10495137 -2.49558742  3.86480572 -2.78631521  3.42335352]
 [ 2.54259025 -1.81674546  0.26289469 -1.0021629   4.97418262  2.10184621]
 [ 2.12360851 -3.82723346 -1.23792766  4.75742026  0.00587389  2.08334954]
 [-4.46543011  2.00636103  3.17312261 -0.19909555  1.77819181 -1.35902266]
 [-3.83764754  2.87910685  2.93563771  0.40390969 -3.16290915  4.50168417]
 [ 2.2928386   4.96239278 -0.56848458 -2.01026227 -0.21764772  1.75633111]
 [-2.23694513 -4.73768408 -3.8728755  -0.84678724 -1.75030147  3.09005661]
 [ 0.46772791 -4.1818359  -4.4521528  -2.15212358  2.3892994   2.98319567]
 [ 3.37599678  2.1407519   2.31984498  4.50362328  2.01058253  3.37558605]
 [ 0.49893335 -3.0277399  -0.94796217 -4.2809389   0.99909622  3.95050827]
 [ 1.36091369  2.43730823 -3.09833083 -3.21199018  4.91673193 -1.97923579]
 [ 0.17294984  0.27618058 -2.43065679  2.98134143  0.23656436 -1.42642482]
 [-2.61708005 -2.21552028 -3.31376886  0.87489688  4.19416832 -3.29058442]
 [ 0.98815717 -0.31623519  0.88296352  1.32109913 -0.02591538  4.12213687]
 [ 3.97548205  2.48020271  3.85849378  0.89976606  1.89705418  2.22598179]
 [-1.67943854 -1.51014504 -0.97869486 -4.23398604  3.40087196 -3.31787539]
 [-0.11269612  4.53624631 -4.49053134  1.79586795 -2.14619203 -2.15217906]
 [-2.28240825  1.47550223 -3.32147167 -3.43381637  2.59988058  1.96037889]
 [-4.83911656 -3.82486477 -0.44613311  1.59076992 -3.7898928  -4.74246797]
 [-4.92421866  2.671131    1.81572824 -4.84122799  4.01490373 -4.0815179 ]
 [-3.23621694  0.88633379 -1.54266492 -1.92166697 -3.02812284  0.59057253]
 [-1.92098502  0.60041977  1.63038842 -4.00512544 -3.28645408  1.26596789]
 [ 4.37172574 -4.23741094  2.76306139  0.08310242 -0.93059097  3.75728361]
 [ 0.88645282 -3.10034525 -4.7892591   3.73169044 -4.05028022  2.15569131]
 [-4.41552032 -1.02048841  2.76420981 -2.22920108  3.3652243  -3.8264241 ]
 [-3.52667736 -2.97000083 -2.21342802 -0.06436243 -3.57879729  4.59699763]
 [-2.27490844  3.74876845 -4.79589282 -1.52361983 -0.05925114 -0.59341709]
 [-4.04103416 -2.12121721 -2.22382037  2.16332068 -3.43076995 -3.78581097]
 [ 4.48732757 -2.46564811  4.58695419 -1.3622038  -0.99850439  3.27359641]
 [-2.36911422 -1.70935406 -1.67771776 -4.80868606 -2.92575007 -3.327497  ]
 [ 2.5448235  -4.80819998  1.70297937 -2.04506438  0.71497019 -0.7015458 ]
 [-3.19817716  3.56367622 -0.98321408  0.63929989 -3.91242155 -2.68578468]
 [ 2.1388206  -0.34121845  4.93340546  3.86641324  0.80054051 -0.12482738]
 [-0.99994928 -4.97399705 -0.74735737  1.94814882  1.080852    2.26122812]
 [ 4.63607744 -3.32798159  2.88651986  0.83561384  1.98510819  3.61486834]
 [-0.55113675 -1.37099693 -1.84642253  1.813365    1.86876666 -0.28962392]
 [ 3.76962539 -4.24401018  4.16997806  4.82596285  4.29567053 -2.94543364]]
