1inputのノード特徴量 [[-50.154922    2.2224064]
 [-56.47306   -11.298866 ]
 [ 46.92712    15.887867 ]
 [-82.990944   70.63213  ]
 [-77.97896    90.018524 ]
 [ 21.307383   80.88274  ]
 [ 76.72304    51.77202  ]
 [-43.77957     3.4455695]
 [ -6.111942   45.83718  ]
 [ 93.03376    28.162945 ]
 [ -4.1450896  58.440456 ]
 [ 63.148636  -75.83512  ]
 [ 15.04023    71.12701  ]
 [ -4.2949004  88.03279  ]
 [-50.6352    -59.61668  ]
 [-36.80698   -27.482128 ]
 [ 52.788467   44.76679  ]
 [-42.660988  -47.57812  ]
 [ 92.86356     7.5941234]
 [-28.227587  -92.43067  ]
 [ 91.24673   -20.414124 ]
 [ 19.612848  -86.28945  ]
 [ 55.605686   47.71947  ]
 [ 27.230228  -94.340645 ]
 [ -4.029626  -44.827057 ]
 [-30.849773  -20.263815 ]
 [-11.129897  -62.238678 ]
 [-26.734924   61.937016 ]
 [-14.063858   96.754486 ]
 [-89.23243    44.86524  ]]
2inputのノード特徴量 [6.31667328e+08 1.02432678e+09 4.77978368e+08 4.64697242e+09
 3.58885478e+09 1.39224030e+07 3.40432282e+09 3.66037440e+08
 7.24391064e+03 7.44272333e+09 1.70254406e+05 1.65127654e+09
 2.40522450e+06 4.84257844e+05 6.88299008e+08 1.91059040e+08
 7.51779776e+08 3.48771712e+08 7.42363597e+09 7.90733760e+07
 6.96621363e+09 2.21800480e+07 9.26762752e+08 6.98612000e+07
 3.72918000e+05 9.44740480e+07 3.46396250e+06 4.26180520e+07
 1.02108694e+06 6.26878566e+09]
(30,) (30,) (30,)
2次元目ガウス過程にいれたとき [  0.          14.92459995  98.03911376  75.88211294  92.09959423
 106.27468435 136.21006145   6.49162752  61.9841328  145.51945006
  72.64553576 137.58878566  94.85911555  97.29626794  61.84095156
  32.56573255 111.38835653  50.36121129 143.11933024  97.15973056
 143.20209133 112.70266564 115.131617   123.74524008  65.88774529
  29.63644597  75.35372587  64.14304997 101.18734617  57.83997458]
-35.35353535353535 -100.0 182216887.94441894
outputのノードの特徴量：出力の値 1469681940.3355403
Mean Squared Error (MSE) between Z and Z_interp: 5.634113239214074e+18
nodes:hidden to ouput wight 
[-3.01828019e+09  2.98922935e+09 -9.84551292e+08 -1.49571164e+09
  3.65227061e+09  3.84224238e+08  1.29212785e+09  1.16301313e+09
  1.08425004e+07  6.68593430e+09  3.32088437e+08  1.50160535e+09
 -4.14436368e+08  1.07885557e+08  1.50226698e+09 -1.27551829e+09
  4.60442390e+09 -9.17178794e+08 -3.83865805e+08 -1.33144986e+08
  6.28069071e+09  1.10333192e+08 -5.54863193e+09 -3.94590617e+08
  2.61068327e+08  5.56667965e+08 -7.74282437e+07 -3.73811029e+08
 -1.50530513e+08  6.57578113e+09]