[[-0.73658232 -1.18932211 -0.3461947   4.73001326  2.57573192  2.77211798]
 [ 3.16310984  2.55468974  2.12571004 -4.17505917  3.19322514 -3.08652663]
 [ 4.57209319  4.28611141 -1.96357489 -3.71265371 -0.64628102 -3.80266673]
 [ 1.30021187 -1.89103888  1.06400234 -3.03774824 -2.80275481 -3.37764221]
 [-3.8114287   1.67364551 -0.80419676 -3.72392755 -3.02604639  0.66843691]
 [ 2.38633408 -1.3097844   0.37555798 -3.96044495 -3.95058514  3.23270314]
 [-0.087176    1.61949847  4.42997901 -4.1361568   3.62280397 -2.96119727]
 [ 2.72210576  3.11657503  1.26346576  3.03710983 -1.37887886  1.59078379]
 [-1.44433573  3.54718682 -0.56129752  3.54494318  3.64546589  4.57117298]
 [-2.31919393 -3.01031455  3.97363136 -3.06536105  4.87343673  1.89007306]
 [ 3.77041442 -1.84044465  2.94238825  4.81389773 -0.25254231  0.63966919]
 [ 0.75921741  0.57982827 -4.68502781  4.70434776  2.98258134 -3.63988316]
 [ 0.41757077 -2.74100232  3.18800855  3.64083911  4.63613624 -1.59105556]
 [-1.85060501  3.94740324  0.57627172  2.88919458 -3.045414   -0.55079064]
 [-1.12366285  0.86502326  2.46787155 -2.38426931 -2.67350379  0.26335386]
 [ 1.24277833  4.3369068  -2.7379601  -4.72109081 -0.08275427 -1.21685028]
 [ 4.21474065  2.08056169 -4.34108853  4.97423241 -1.03851937  0.86106297]
 [-2.54450014  2.7762021   0.5659629   4.40007425 -4.3881978  -3.34402075]
 [ 2.60281579 -2.76137153  0.57778619  0.09491312  1.04828388  1.8829446 ]
 [-3.94518228 -1.01546658 -1.41406172  1.95299631  3.0930453  -1.33860493]]
