[[-2.79380485  0.25977872 -1.75927268  3.13540267 -3.99593207  3.32919549]
 [ 3.36968355 -2.63961232  2.13825462 -1.8441881   0.97318932 -4.22463945]
 [-2.9737876  -4.78171985  2.74790923  1.13521548 -2.60345591 -2.95510132]
 [-0.67577943  3.05495725  4.5529304   0.03549846 -1.95455956 -2.49528889]
 [ 4.28173258  0.02232712 -0.15064536 -0.27927587  3.20303701  4.33477411]
 [-2.48855293  2.30530125 -2.84750727 -2.37004984  4.70119745  1.65745326]
 [-4.33198417 -0.16682144  1.06918378 -3.32328325 -4.26748339 -2.06067928]
 [-0.83308724 -1.84422546  4.97206541  0.34041216  4.47372629 -1.25825277]
 [-4.04836759  1.61879724 -0.31820844 -0.46519999  2.65221992 -4.97201861]
 [-3.52230632 -2.2565568  -0.62785115 -2.74306257 -0.83304775  4.76798851]
 [-3.45504641 -1.51063966  0.50676985  4.97938548  2.44233848  0.00819942]
 [ 1.83667582 -3.35724011  3.58101891 -3.79749649  0.15630947  2.27653212]
 [-1.46551677 -1.11897234  4.31901683  2.48878454 -1.08257316  4.4139276 ]
 [ 2.93800893 -0.48609509 -4.38564012 -4.5336919  -0.05253185  1.2238882 ]
 [ 0.66390816  1.06854878 -3.19457893 -2.95450172 -3.73641502 -4.48932742]
 [-2.12376571  4.15459818 -2.09875224  2.63736159 -3.27518875 -2.78981389]
 [ 1.06663034 -2.53635498 -2.5698888   4.11107166 -2.51162784 -3.521775  ]
 [ 2.59756796  0.98650396 -3.76210781 -0.87161448  2.95146902 -3.88111436]
 [ 3.95483279  0.7567645   3.17273333  0.49610174 -4.95552852  0.66570247]
 [-1.93868654 -4.1278432  -0.79293755 -4.19076742  1.98785385 -1.80730412]
 [ 0.77757581  4.93096304  0.98602309  3.18744733 -0.33086764  3.60004278]
 [ 4.45255584 -3.51678586  1.40126464  3.86815744 -0.55653288  2.80115935]
 [ 3.66858469  2.86887162 -3.84825922  1.44823748 -2.88216331  1.7842002 ]
 [ 4.91971696  4.58771542  2.34112404 -2.22826407  1.32122059 -0.95487929]
 [ 1.53115818 -4.03087834 -1.38042583 -1.48892271 -4.56994106  0.79523362]
 [ 0.12223622  3.65722771 -3.17627628  3.78442914  4.16979245 -0.3827191 ]
 [-4.8736297   3.43302452  3.22933073  1.03728016  1.911244    2.00646771]
 [ 2.28622784 -4.59225433 -1.24312823  2.01104704  3.80798025 -1.62500767]
 [-1.32143141  1.67231736  3.99067663 -4.90838407  3.66052885  0.4331628 ]
 [-0.41977395 -2.92890131 -4.57673713  1.73726493  1.54113917  3.90002551]
 [-4.64052721 -0.84060667 -4.99996534 -1.31352903 -1.39290851 -0.56918312]
 [ 0.41998245  4.01373771  0.42682883 -3.77604401 -2.09414984  3.02841506]
 [ 2.23137632  2.19609747  1.90928263  4.67418423  0.73715014 -3.38923769]]
