[[1.00000000e+000 5.29453584e-039 1.17384702e-040 1.62723254e-050
  9.11714518e-041 6.99955277e-046 2.23677695e-034 7.40460841e-021
  7.49687248e-022 3.02108361e-006 4.67732265e-034 1.85664764e-025
  5.76530805e-021 6.92697890e-036 8.96456053e-027 1.63209176e-019
  5.18428058e-023 3.25661630e-028 2.37293478e-008 1.39811413e-026
  6.95304378e-010 9.82930885e-010 1.53759977e-045 8.78280469e-051
  2.77638783e-055 1.72339118e-061 2.96105637e-048 1.00000000e+000]
 [5.29453584e-039 1.00000000e+000 4.56950156e-032 3.50145488e-038
  6.21030236e-019 2.23754473e-049 2.04854354e-064 2.66197863e-056
  1.21519632e-025 2.77487552e-051 5.32058645e-026 8.82980659e-057
  1.40202947e-048 1.52332516e-081 1.06057984e-045 6.67326338e-058
  9.37867423e-067 5.52962860e-098 3.85126371e-065 2.57651202e-066
  1.73049455e-046 1.07126731e-035 1.69837036e-066 8.59992783e-065
  1.09294451e-090 1.20128001e-007 4.80285709e-036 1.00000000e+000]
 [1.17384702e-040 4.56950156e-032 1.00000000e+000 6.29591834e-016
  3.22393029e-018 2.69363479e-053 3.49028561e-067 4.36066142e-036
  3.92199755e-053 4.03199605e-054 3.27905678e-016 7.69902411e-031
  1.58310743e-061 1.55970134e-049 4.19779534e-029 1.54868239e-026
  1.35398777e-030 4.17650656e-082 7.82983309e-075 1.04741615e-038
  7.18392551e-059 5.53130264e-021 1.72059713e-067 9.37429958e-012
  1.01734399e-056 4.56800593e-049 4.01425040e-062 1.00000000e+000]
 [1.62723254e-050 3.50145488e-038 6.29591834e-016 1.00000000e+000
  1.14668198e-024 9.52801638e-089 1.85719251e-067 4.89115072e-054
  9.02612665e-053 9.52820558e-051 5.42109573e-008 3.30677844e-071
  1.33922333e-057 5.65359444e-054 1.78960275e-013 6.92670087e-049
  4.37903771e-036 1.50879967e-087 2.08484122e-088 3.87345539e-041
  5.17010682e-050 9.92777182e-028 9.47933523e-093 2.60210925e-020
  1.97811231e-048 2.97642643e-048 3.20351844e-033 1.00000000e+000]
 [9.11714518e-041 6.21030236e-019 3.22393029e-018 1.14668198e-024
  1.00000000e+000 5.08902980e-048 5.72731139e-040 1.03445412e-038
  1.10566769e-053 1.08820720e-058 2.00460549e-019 1.18138409e-053
  1.12326863e-056 1.55327558e-044 1.13391807e-025 5.42872835e-037
  1.56167417e-044 5.41714748e-103 8.12444182e-071 1.28675193e-038
  9.57132144e-057 1.36350486e-028 3.43484629e-053 1.34372023e-031
  6.20122433e-069 4.14146555e-036 5.51213832e-036 1.00000000e+000]
 [6.99955277e-046 2.23754473e-049 2.69363479e-053 9.52801638e-089
  5.08902980e-048 1.00000000e+000 3.73638469e-048 4.82832548e-018
  1.35888825e-077 1.14653361e-068 5.52825644e-057 2.77999443e-028
  2.32965747e-098 4.64646363e-043 3.46827833e-075 2.52181027e-035
  8.45926410e-044 2.03087237e-065 1.18664853e-062 1.10557562e-043
  3.09105221e-064 1.55681154e-037 1.68500192e-030 6.42829253e-085
  2.66010799e-070 1.87836287e-057 9.33081368e-075 1.00000000e+000]
 [2.23677695e-034 2.04854354e-064 3.49028561e-067 1.85719251e-067
  5.72731139e-040 3.73638469e-048 1.00000000e+000 1.28674868e-022
  2.53464993e-061 1.34991171e-050 2.52935669e-056 3.75136380e-059
  8.75018961e-047 2.26454898e-020 1.90777783e-028 1.95375757e-026
  1.18549454e-035 2.70379752e-053 2.67081349e-037 7.90146682e-014
  5.98356439e-034 5.33846973e-040 7.12583792e-017 1.28837260e-062
  1.16077058e-033 9.76574103e-077 1.73845355e-042 1.00000000e+000]
 [7.40460841e-021 2.66197863e-056 4.36066142e-036 4.89115072e-054
  1.03445412e-038 4.82832548e-018 1.28674868e-022 1.00000000e+000
  2.94954976e-060 1.01980881e-033 1.05728583e-034 3.46616510e-020
  1.67677678e-061 2.80704206e-009 9.17358263e-032 2.09549818e-009
  2.19085569e-008 7.37331106e-029 5.30535408e-035 1.98188329e-008
  9.61111676e-032 4.35777608e-013 2.54433682e-025 1.57910379e-044
  9.65745394e-029 3.20584981e-071 4.61226993e-053 1.00000000e+000]
 [7.49687248e-022 1.21519632e-025 3.92199755e-053 9.02612665e-053
  1.10566769e-053 1.35888825e-077 2.53464993e-061 2.94954976e-060
  1.00000000e+000 6.58432683e-026 8.14926727e-047 4.69849422e-051
  3.62198280e-011 4.83193475e-088 2.72649542e-041 1.29494003e-049
  3.78487767e-063 1.97157058e-054 5.75438870e-028 7.33331911e-061
  1.44274408e-017 1.22556433e-037 1.41081708e-063 7.98561692e-070
  3.79937393e-074 3.31348217e-034 2.31475133e-052 1.00000000e+000]
 [3.02108361e-006 2.77487552e-051 4.03199605e-054 9.52820558e-051
  1.08820720e-058 1.14653361e-068 1.34991171e-050 1.01980881e-033
  6.58432683e-026 1.00000000e+000 5.95577756e-034 1.09580093e-045
  3.59655515e-027 5.61617858e-045 2.39286935e-028 6.14279896e-037
  2.69876584e-026 1.47206558e-025 1.30295582e-016 4.33411353e-036
  7.63708328e-007 8.37882447e-013 6.72482826e-074 1.74173795e-064
  8.51756380e-060 9.54345785e-072 5.33462582e-044 1.00000000e+000]
 [4.67732265e-034 5.32058645e-026 3.27905678e-016 5.42109573e-008
  2.00460549e-019 5.52825644e-057 2.52935669e-056 1.05728583e-034
  8.14926727e-047 5.95577756e-034 1.00000000e+000 5.11649906e-056
  2.43484787e-059 4.18691492e-039 7.11033775e-016 9.46401846e-042
  2.68331434e-024 2.15114620e-069 1.69702847e-070 1.13716504e-033
  7.59580426e-037 1.17516571e-012 9.28756024e-080 1.14044787e-032
  2.10012694e-049 1.54822212e-036 5.50366514e-021 1.00000000e+000]
 [1.85664764e-025 8.82980659e-057 7.69902411e-031 3.30677844e-071
  1.18138409e-053 2.77999443e-028 3.75136380e-059 3.46616510e-020
  4.69849422e-051 1.09580093e-045 5.11649906e-056 1.00000000e+000
  7.68119438e-058 1.29292652e-048 4.77097171e-059 1.04318255e-011
  6.15447613e-031 1.04785825e-042 6.01088741e-036 2.18603039e-037
  2.32094042e-049 7.72525213e-026 1.57662424e-036 3.89122820e-044
  1.10004959e-060 2.43656077e-077 3.72333090e-101 1.00000000e+000]
 [5.76530805e-021 1.40202947e-048 1.58310743e-061 1.33922333e-057
  1.12326863e-056 2.32965747e-098 8.75018961e-047 1.67677678e-061
  3.62198280e-011 3.59655515e-027 2.43484787e-059 7.68119438e-058
  1.00000000e+000 5.08798261e-077 5.31228502e-032 9.14441398e-042
  1.60453966e-060 1.74739357e-055 7.86460004e-020 1.69284659e-050
  8.77879874e-019 6.33312226e-043 5.30074721e-059 9.56196149e-059
  3.19100798e-068 7.07626750e-067 1.63962506e-062 1.00000000e+000]
 [6.92697890e-036 1.52332516e-081 1.55970134e-049 5.65359444e-054
  1.55327558e-044 4.64646363e-043 2.26454898e-020 2.80704206e-009
  4.83193475e-088 5.61617858e-045 4.18691492e-039 1.29292652e-048
  5.08798261e-077 1.00000000e+000 2.82089607e-026 2.28841478e-020
  4.01467562e-009 1.74823981e-043 1.59718163e-053 7.90480765e-006
  2.46043277e-043 2.85750776e-022 4.16117705e-042 1.31184879e-045
  1.37416382e-026 7.77395114e-100 2.43923191e-050 1.00000000e+000]
 [8.96456053e-027 1.06057984e-045 4.19779534e-029 1.78960275e-013
  1.13391807e-025 3.46827833e-075 1.90777783e-028 9.17358263e-032
  2.72649542e-041 2.39286935e-028 7.11033775e-016 4.77097171e-059
  5.31228502e-032 2.82089607e-026 1.00000000e+000 7.82908606e-028
  8.21011609e-020 4.42873923e-053 3.59342852e-048 2.00607734e-015
  2.38657413e-023 3.43027144e-018 1.87449671e-058 3.23774104e-023
  2.48804457e-027 4.40023471e-060 4.16446801e-024 1.00000000e+000]
 [1.63209176e-019 6.67326338e-058 1.54868239e-026 6.92670087e-049
  5.42872835e-037 2.52181027e-035 1.95375757e-026 2.09549818e-009
  1.29494003e-049 6.14279896e-037 9.46401846e-042 1.04318255e-011
  9.14441398e-042 2.28841478e-020 7.82908606e-028 1.00000000e+000
  4.47287623e-014 2.25532897e-034 2.41041491e-029 1.13832562e-010
  1.50212893e-034 4.06920454e-018 1.73832389e-022 3.95176662e-024
  1.19571452e-029 4.30979164e-078 1.71839196e-071 1.00000000e+000]
 [5.18428058e-023 9.37867423e-067 1.35398777e-030 4.37903771e-036
  1.56167417e-044 8.45926410e-044 1.18549454e-035 2.19085569e-008
  3.78487767e-063 2.69876584e-026 2.68331434e-024 6.15447613e-031
  1.60453966e-060 4.01467562e-009 8.21011609e-020 4.47287623e-014
  1.00000000e+000 2.31862031e-026 1.31614773e-043 9.12676894e-008
  2.65641665e-029 1.29039379e-008 2.57467140e-051 2.58423616e-031
  3.07639762e-022 9.57657094e-084 1.05091793e-049 1.00000000e+000]
 [3.25661630e-028 5.52962860e-098 4.17650656e-082 1.50879967e-087
  5.41714748e-103 2.03087237e-065 2.70379752e-053 7.37331106e-029
  1.97157058e-054 1.47206558e-025 2.15114620e-069 1.04785825e-042
  1.74739357e-055 1.74823981e-043 4.42873923e-053 2.25532897e-034
  2.31862031e-026 1.00000000e+000 2.91974799e-027 3.21568203e-031
  3.86347925e-020 3.11697417e-034 1.02929347e-057 1.11864098e-084
  6.66885628e-034 6.88514564e-107 3.72502407e-080 1.00000000e+000]
 [2.37293478e-008 3.85126371e-065 7.82983309e-075 2.08484122e-088
  8.12444182e-071 1.18664853e-062 2.67081349e-037 5.30535408e-035
  5.75438870e-028 1.30295582e-016 1.69702847e-070 6.01088741e-036
  7.86460004e-020 1.59718163e-053 3.59342852e-048 2.41041491e-029
  1.31614773e-043 2.91974799e-027 1.00000000e+000 1.14764579e-039
  6.16723502e-015 3.95373608e-032 5.95349747e-043 2.62479325e-079
  1.93608230e-068 1.20406442e-088 2.62523714e-075 1.00000000e+000]
 [1.39811413e-026 2.57651202e-066 1.04741615e-038 3.87345539e-041
  1.28675193e-038 1.10557562e-043 7.90146682e-014 1.98188329e-008
  7.33331911e-061 4.33411353e-036 1.13716504e-033 2.18603039e-037
  1.69284659e-050 7.90480765e-006 2.00607734e-015 1.13832562e-010
  9.12676894e-008 3.21568203e-031 1.14764579e-039 1.00000000e+000
  1.53757369e-028 9.05589224e-019 1.61377388e-028 2.95794427e-032
  1.18318598e-012 5.50596726e-080 1.62904713e-044 1.00000000e+000]
 [6.95304378e-010 1.73049455e-046 7.18392551e-059 5.17010682e-050
  9.57132144e-057 3.09105221e-064 5.98356439e-034 9.61111676e-032
  1.44274408e-017 7.63708328e-007 7.59580426e-037 2.32094042e-049
  8.77879874e-019 2.46043277e-043 2.38657413e-023 1.50212893e-034
  2.65641665e-029 3.86347925e-020 6.16723502e-015 1.53757369e-028
  1.00000000e+000 1.52635775e-019 3.46178449e-053 1.42793725e-066
  1.80400996e-041 3.43531169e-057 3.28221598e-033 1.00000000e+000]
 [9.82930885e-010 1.07126731e-035 5.53130264e-021 9.92777182e-028
  1.36350486e-028 1.55681154e-037 5.33846973e-040 4.35777608e-013
  1.22556433e-037 8.37882447e-013 1.17516571e-012 7.72525213e-026
  6.33312226e-043 2.85750776e-022 3.43027144e-018 4.06920454e-018
  1.29039379e-008 3.11697417e-034 3.95373608e-032 9.05589224e-019
  1.52635775e-019 1.00000000e+000 5.59747458e-055 1.20576883e-033
  2.22213337e-042 1.13068562e-054 1.09202596e-036 1.00000000e+000]
 [1.53759977e-045 1.69837036e-066 1.72059713e-067 9.47933523e-093
  3.43484629e-053 1.68500192e-030 7.12583792e-017 2.54433682e-025
  1.41081708e-063 6.72482826e-074 9.28756024e-080 1.57662424e-036
  5.30074721e-059 4.16117705e-042 1.87449671e-058 1.73832389e-022
  2.57467140e-051 1.02929347e-057 5.95349747e-043 1.61377388e-028
  3.46178449e-053 5.59747458e-055 1.00000000e+000 6.24780293e-071
  3.66183564e-044 2.90014127e-074 2.94877987e-081 1.00000000e+000]
 [8.78280469e-051 8.59992783e-065 9.37429958e-012 2.60210925e-020
  1.34372023e-031 6.42829253e-085 1.28837260e-062 1.57910379e-044
  7.98561692e-070 1.74173795e-064 1.14044787e-032 3.89122820e-044
  9.56196149e-059 1.31184879e-045 3.23774104e-023 3.95176662e-024
  2.58423616e-031 1.11864098e-084 2.62479325e-079 2.95794427e-032
  1.42793725e-066 1.20576883e-033 6.24780293e-071 1.00000000e+000
  1.35276568e-045 4.27078034e-087 3.33842875e-079 1.00000000e+000]
 [2.77638783e-055 1.09294451e-090 1.01734399e-056 1.97811231e-048
  6.20122433e-069 2.66010799e-070 1.16077058e-033 9.65745394e-029
  3.79937393e-074 8.51756380e-060 2.10012694e-049 1.10004959e-060
  3.19100798e-068 1.37416382e-026 2.48804457e-027 1.19571452e-029
  3.07639762e-022 6.66885628e-034 1.93608230e-068 1.18318598e-012
  1.80400996e-041 2.22213337e-042 3.66183564e-044 1.35276568e-045
  1.00000000e+000 6.06808318e-090 3.58456759e-057 1.00000000e+000]
 [1.72339118e-061 1.20128001e-007 4.56800593e-049 2.97642643e-048
  4.14146555e-036 1.87836287e-057 9.76574103e-077 3.20584981e-071
  3.31348217e-034 9.54345785e-072 1.54822212e-036 2.43656077e-077
  7.07626750e-067 7.77395114e-100 4.40023471e-060 4.30979164e-078
  9.57657094e-084 6.88514564e-107 1.20406442e-088 5.50596726e-080
  3.43531169e-057 1.13068562e-054 2.90014127e-074 4.27078034e-087
  6.06808318e-090 1.00000000e+000 7.59745925e-037 1.00000000e+000]
 [2.96105637e-048 4.80285709e-036 4.01425040e-062 3.20351844e-033
  5.51213832e-036 9.33081368e-075 1.73845355e-042 4.61226993e-053
  2.31475133e-052 5.33462582e-044 5.50366514e-021 3.72333090e-101
  1.63962506e-062 2.43923191e-050 4.16446801e-024 1.71839196e-071
  1.05091793e-049 3.72502407e-080 2.62523714e-075 1.62904713e-044
  3.28221598e-033 1.09202596e-036 2.94877987e-081 3.33842875e-079
  3.58456759e-057 7.59745925e-037 1.00000000e+000 1.00000000e+000]
 [1.00000000e+000 1.00000000e+000 1.00000000e+000 1.00000000e+000
  1.00000000e+000 1.00000000e+000 1.00000000e+000 1.00000000e+000
  1.00000000e+000 1.00000000e+000 1.00000000e+000 1.00000000e+000
  1.00000000e+000 1.00000000e+000 1.00000000e+000 1.00000000e+000
  1.00000000e+000 1.00000000e+000 1.00000000e+000 1.00000000e+000
  1.00000000e+000 1.00000000e+000 1.00000000e+000 1.00000000e+000
  1.00000000e+000 1.00000000e+000 1.00000000e+000 0.00000000e+000]]
