[[-3.27250338e+00 -1.60223826e+00 -4.44535951e-01 -3.08539314e+00
   2.71993472e+00 -8.38125762e-01]
 [ 7.75093779e-01  4.79223331e-01  4.84151569e+00  2.34739709e+00
   4.44459535e+00 -3.48134583e+00]
 [ 9.49954645e-03  4.36350253e+00  2.63077935e+00 -1.04494158e+00
  -1.85030456e+00 -4.16580020e+00]
 [-2.87370233e-01 -2.10870013e-02  3.28738623e+00  1.74993090e+00
  -4.56736292e+00 -4.41848974e+00]
 [-3.25799799e+00  3.47801613e+00  4.33587005e+00  2.99607091e+00
   6.22952545e-01 -2.30537359e+00]
 [ 7.69652474e-01  4.90313278e+00  2.34198642e+00 -1.62486797e+00
   4.26621653e+00  4.90864408e+00]
 [-4.94621293e+00  6.56991029e-01 -2.22742024e+00  3.49249423e+00
   1.10990461e+00  3.69375695e+00]
 [-1.82251888e+00  2.41699323e+00 -2.93145440e-01 -2.21806954e+00
   1.70425040e-02  3.63565474e+00]
 [ 5.74058424e-01 -3.44615739e+00 -1.21616572e+00  3.66963441e-01
   4.65951622e+00 -4.60245250e+00]
 [-2.75390649e+00 -4.63197803e+00  1.74740847e-01 -3.91970147e+00
   1.24523473e+00 -9.23653237e-01]
 [-2.81114643e-01 -4.46590666e-01  4.87569639e+00  8.40076473e-02
  -2.49799156e+00 -1.77861038e+00]
 [ 2.70092694e-04  4.76074454e+00 -1.92218420e+00 -4.96542527e+00
   2.71480587e+00 -6.67049673e-01]
 [-3.31956883e+00 -3.25482410e+00 -3.74749723e+00  8.97571463e-01
   3.23101846e+00 -4.94110108e+00]
 [-4.45714340e+00  1.75176064e+00  1.59458214e-02 -9.95282192e-01
  -3.10498024e+00  4.62032800e+00]
 [-3.24924660e+00 -1.38103448e+00  1.99070581e-01  1.75465665e+00
  -3.22513890e+00 -1.70000439e+00]
 [-2.47024579e+00  3.60835862e+00 -2.80012269e+00 -2.02513285e+00
  -5.83019198e-02  1.98106687e-01]
 [-1.93285223e+00  7.18080221e-01 -1.19762072e-01 -3.17600131e+00
  -3.29647088e+00  1.95909765e+00]
 [ 4.60811517e-01 -3.29293479e+00 -4.80677661e+00 -4.76461134e+00
   1.35409887e-03  3.31590856e+00]
 [-4.17645528e+00 -2.44620967e+00 -3.73422759e+00 -3.10984002e+00
   4.86240351e+00 -5.43559012e-02]
 [-2.93609354e+00  1.23210901e+00 -1.93059217e+00  6.55975502e-02
  -2.48016895e+00  2.65575584e+00]
 [-1.49874188e+00 -4.84000195e+00 -1.52306200e+00 -9.97156528e-01
   1.62813652e+00  2.28933715e-02]
 [-1.87259336e+00 -2.21758086e-01  2.03585320e+00 -3.14442829e+00
  -4.97255651e-01 -2.30771343e-01]
 [-1.66934621e+00  4.33695788e+00 -4.22001488e+00  2.49884576e+00
   3.91836680e+00  3.45928488e+00]
 [-2.42964230e+00  4.51596751e+00 -6.64918309e-01 -2.91595128e-01
  -4.60959820e+00 -4.78023926e+00]
 [ 7.91247760e-01  2.22355244e-01 -4.13041946e+00  1.58473961e+00
  -4.79206467e+00  2.89708544e+00]
 [ 3.94802646e+00 -2.85373784e-01  4.67934404e+00  4.33343617e+00
   4.29364133e+00 -2.34593428e+00]
 [-1.36515177e+00 -4.34608987e+00  4.69198415e+00  4.35846280e+00
  -7.77649390e-01  1.22194756e+00]]
