[[-1.23639249  4.2679007   0.87932339  2.95990897 -0.54006786  3.1447047 ]
 [ 4.42097204  2.71849123 -2.1280299   4.26529193  2.63837802  1.1233826 ]
 [ 0.58371305  2.39429368 -1.22714015 -0.30206982  0.96132272 -0.44821554]
 [ 4.94459218 -1.10659638  0.87459756 -0.861176   -1.53696906 -3.45483093]
 [-0.27781742  2.60412904 -2.23539158  4.22566457  2.34409764  2.74545154]
 [ 3.42238898 -0.99934801  2.85322078 -3.18025282  3.71885807 -0.09439826]
 [-3.30388098 -1.32046772 -0.11381964 -2.14984857  4.28892398  1.54063231]
 [ 4.47534308  2.45276223  2.23812568  0.56312347 -2.54995672  3.75900719]
 [ 3.58814385  0.34606067  1.91077726  3.18287158 -2.08665223 -2.03962503]
 [-4.34969948 -0.21612461  3.12200324  0.07954976  3.11839154 -4.99229689]
 [-4.69831572 -4.37371411 -1.55436427  3.64725667  0.19409921 -2.31491906]
 [-1.44428709 -4.18065276  0.07677077  3.18714644  4.55928639 -4.90832664]
 [ 4.3616952   2.63794012  2.11231613  1.52721406  0.75795083 -0.04195263]
 [ 2.12356839 -0.15978882 -0.98774226 -1.66376885  1.8297502  -4.64531473]
 [-4.96026205  1.88812701  2.37779206  1.32344044 -3.33506679 -3.33697417]
 [ 2.98086845  2.09040325 -2.95614147 -3.90711336  3.22004411 -2.38400827]
 [-2.13738067 -3.89579418 -4.40053094 -4.91076903 -1.67230887  3.02778819]
 [-4.54145695  0.72958958  3.52686207 -3.75341936  3.97037238 -0.09973325]
 [-2.24397555  0.80600027  0.40077823 -2.03687268 -3.23821338  0.07976459]
 [ 4.78832624 -4.91790142  1.17138792 -0.39160264  4.08900929  3.8056096 ]
 [ 4.35988817 -3.32526192 -2.42893501 -0.48351612 -2.74587574  3.64367897]
 [ 2.24805384  3.24568165 -3.41853588  3.41502686  1.33547367 -1.94061909]
 [-2.17186451  3.64545671 -2.95640656  2.74420695 -4.72868789  3.99479022]
 [-1.1711549  -3.00149684 -3.54356477 -0.98828683  4.22590819 -3.77521085]
 [ 2.93090072  2.52766349  0.39249122 -2.87685235  3.55467107  2.93939421]
 [-3.35478048 -3.30596394 -3.2642306  -3.56357625 -0.42124985  1.27617736]
 [ 0.91579505 -1.32519756  0.12493122  1.89188424 -3.10911535  3.99173805]
 [ 1.55732756 -4.07278665  3.55878171 -4.83941941  3.12653456  4.24761685]
 [-4.57034251  2.90813995 -2.58983334  0.79297983 -0.32978703 -2.04487696]
 [ 4.02977801 -3.7280807   0.9147768  -3.02659872 -4.9897667  -3.27000576]
 [ 3.86475151 -3.72584282  2.67968429  3.8553606  -3.25934033 -0.83970959]
 [-3.90657964  3.66091201  3.35517275 -2.53146004  3.25676455  4.71748811]
 [-3.0278832   0.02268015 -2.59963915 -0.46023666 -4.05275085 -1.48081938]
 [ 1.85007445  4.99115261  2.61217999  1.16240384 -1.79121535 -4.12411504]
 [ 0.01470923  1.79748408 -0.80745934 -0.29546268  2.10863077  1.66988279]
 [-2.83704048  4.415141   -1.13899954  4.96572187  0.83629677 -4.0453126 ]
 [-4.60954571  1.15752821 -3.96097276  2.7549066  -0.96198463  2.27729219]
 [ 4.95699419 -0.03195265  4.89596008  2.16447689  1.94475469 -1.56849866]
 [-1.94655254 -0.53198945  4.05161917  3.56957135 -3.54764878  3.93108429]
 [-2.2863042  -1.25562736 -1.86421813 -2.14768216 -1.57758072 -2.14740003]
 [-3.52572813 -0.21017147  0.05275338  0.26268907 -4.65532828 -2.24169936]
 [ 0.01327344  0.35368145  2.22627051 -1.35042562 -1.36043097 -0.84756664]
 [-0.69741303  2.2867947   1.01974175 -2.54971207  4.12470957 -2.69086698]
 [ 0.64845963 -0.85882804 -0.70785831  2.72295653 -1.42245674 -3.01209813]
 [-0.42554166  4.66058133  4.6095751  -1.03621473  3.96472787  0.47967381]
 [-2.50678514 -2.80304256  1.75058199 -1.80812847  4.81819161 -1.39565   ]
 [-0.11057626  4.65940525 -3.37469492 -4.30230324  1.85644599 -0.92495159]
 [ 3.58440808  2.89399485  1.76921733  2.33267012  0.6430402  -0.69478432]
 [ 4.76146271  0.1943987   0.64858932  2.35526795  1.24336005 -0.43734414]
 [ 2.53014832  3.52741462  4.58056649  2.75350375  1.97389796 -1.27422026]
 [-4.11268077  3.38465039  0.60860266  1.66379091  4.2618848   4.98030444]
 [ 3.18312885  0.60910899  3.1252609   3.70977737 -4.59610875  2.8955218 ]
 [ 0.29336757 -1.12890765  0.98132634  1.46112187  2.25529703  4.34406069]
 [ 4.22911768 -1.22130975 -0.47183572  4.5860221  -1.64395187 -4.22944855]
 [-2.85066341  0.75794375  1.42026438  2.8518563   0.25622391  1.9585099 ]
 [-3.55306938  4.51534985  4.42605658 -4.80985981 -0.94659148 -1.88333575]
 [ 4.16382348 -1.50029375 -1.91211193  1.79383877  2.39139234 -3.21255766]
 [-3.41314099 -1.81228357 -0.83791118  1.46560993 -0.17184283 -1.65402224]
 [-3.47578027 -4.17185528 -0.64237176 -0.60457958 -3.58656375  4.49223418]
 [ 3.58333598 -3.66661734 -0.34591306 -3.35448928 -4.74210924  1.8172966 ]
 [ 0.90386116  0.41975635 -1.67595951  2.47093726  0.56096052 -3.63227074]
 [ 0.75715522  1.84005803  3.81543649 -3.01689675  0.02152671 -1.9691763 ]
 [-4.72266485 -3.4422824  -1.6711301   1.44242451 -0.1976738   4.32149153]
 [-2.71807584 -3.14559725 -1.24112806  0.94907419  4.02814862 -0.22921604]
 [ 1.67518708 -0.38508344 -2.97719159  1.15739758  4.94825875 -3.79196438]
 [ 0.10864076  3.79924474  2.08546428  3.3858977  -0.05953376 -0.88172416]
 [-3.43957406  3.5344264  -2.09141968  3.35466104 -1.42148569  2.7470612 ]
 [ 4.26482224  3.22140017 -1.45507022 -2.41086332 -3.04455067 -3.29559733]
 [ 1.76863448 -3.62468925  3.44032597 -3.79863538  1.64129328 -0.68585612]
 [-0.48811112 -2.29920523 -2.62361881 -3.19744879 -4.14628741  2.28579114]
 [ 4.30904064  4.26246627  2.99130601 -4.27947217 -1.80565635  3.3831301 ]
 [ 3.75870113 -3.54088725 -4.66904798 -3.40145656 -1.97169632 -3.98080249]
 [ 2.59104176 -4.19827897  0.53800365  4.97384087  0.92309364  1.61433907]
 [-0.33168404 -4.55081568 -0.43750264 -3.18419131 -0.12170319 -4.10822476]
 [-4.6808298  -2.12119187  2.73531862 -1.78560939 -4.60573051 -3.83910062]
 [ 3.13391797  0.7258685  -1.17314213 -4.93296661 -2.60905357  3.93480523]
 [-2.36609836 -1.66126051  1.86595778  4.32045592 -4.87559207  1.68379173]
 [ 1.13470576 -3.86354161  4.96609554  3.26751112  4.154708   -4.58158549]
 [ 4.23641843  0.71750949  4.6900134   3.58523589  3.58729483 -1.6953968 ]
 [-1.1219118  -4.4179231   0.52519437  0.16134893 -2.75557754 -3.43114034]
 [ 2.6998985   2.52224621  1.15179777  2.44141812  0.89678345  3.19137063]
 [ 1.49673484 -3.66314094 -1.31696161 -3.79225043 -1.44233866 -4.39754647]
 [-4.92887856  1.58191047  0.99930688  0.9668447  -3.31428074  3.59475314]
 [-2.23600055 -2.65640812  0.29777604  1.21471475  1.59604546  0.14812301]
 [-4.88477098  3.17029016  0.72444614  2.21634771  4.7718755   3.65263096]
 [-1.52444477 -1.60521438 -4.97469401 -2.33566779  3.03646969  1.69999114]
 [ 3.34434618  2.16094858  1.84877749  2.5436465  -1.58593285 -0.36619871]
 [-1.73948499 -1.80418063 -2.97720457 -0.64635341  1.60366809  0.84749116]
 [-2.29284761  0.42656586  4.65715559  4.77697926 -3.88450652  0.97295765]
 [ 0.29416426 -3.26345614 -3.88889278  1.67704939  0.56202955  2.47379021]
 [-0.29079438 -1.87411706 -2.27586654 -3.10227313  2.1686382   4.84150585]
 [-4.53187668 -0.80213372 -4.4717957   1.69094804  1.34272788  2.24841346]
 [-4.87455919  2.62812052 -2.25535389  0.46629119  3.14023758  0.02138198]
 [-2.45990894  1.99745336 -2.07678096 -2.45029802 -2.47249233 -2.0240274 ]
 [-1.16615025  0.99153946 -1.45912884  4.75971168 -3.20389343 -2.64602647]
 [-1.23968765 -2.48141634  0.83971336 -2.40809874  1.33754526  0.92640668]
 [ 2.44797273  2.89783343  4.77465323  3.79200623 -2.35566253  2.43376559]
 [ 0.35888871  1.80270005 -3.04281632  1.60058225 -2.20162126  4.39161471]
 [ 0.18836361 -1.64256623  3.43099325  0.74126197  3.29905046  1.79855597]
 [ 4.73064063  2.18685322  0.70716203  1.87429445  3.74183861 -0.65758213]]
