[[ 34185.20972951]
 [-22198.02757372]
 [  9881.98675194]
 [ 10215.05072493]
 [ 19539.83264179]
 [ 38203.2106037 ]
 [-12610.1743206 ]
 [  5183.0397466 ]
 [-36113.59113905]
 [-31015.56106879]
 [ 15867.14189284]
 [143569.47758793]
 [ 46754.60336127]
 [-10523.9841182 ]
 [-21950.50465811]
 [-10933.39627013]
 [  9208.40475675]
 [-24761.11275   ]
 [-28383.34787916]
 [ -1644.25444838]
 [-27347.18211955]
 [-27708.43494021]
 [-37534.81349529]
 [  -519.25388963]
 [ 12784.57655377]
 [-35738.71848458]
 [-28505.63195816]
 [-36393.82625426]
 [ 10282.32851722]
 [-34488.74036703]
 [ 12136.44092685]
 [ 89708.10260475]
 [-28126.6257673 ]
 [ -1022.2248977 ]
 [ 38971.08316904]]
