[[ 3.61375823 -0.03422359  4.87432207  1.61862041 -0.65839258  4.13167144]
 [ 0.60891746  1.35930341 -2.84014383 -3.288976    3.04884837  0.01846315]
 [-3.92936723 -3.93343601 -0.13753254 -2.12884339  1.95462664 -3.74053362]
 [ 2.79910277  1.40317067 -4.27902084  3.17334609 -4.71641275  0.37959409]
 [-0.05341718 -2.55149044  1.14459406 -4.78565658  2.45830578  4.68380153]
 [-0.77517387  2.95186135 -4.11542902  1.93652164  3.495527    1.85458892]
 [-2.32467194  4.63596043  0.14104978  1.54423262 -0.09314973  4.88268105]
 [ 0.01843528  0.9306584  -3.53374142 -3.87698571  4.25132857 -2.99956687]
 [-3.51135735 -4.74674126  3.63919781  1.79729493  2.60030776 -4.03991421]
 [-3.02502705 -2.82817095  0.49329812  1.684017    4.58020722  1.43422363]
 [ 2.77593242  0.71711406 -3.18230584  4.3634386   4.35503792  2.94946087]
 [ 0.84970223 -3.45513264 -2.17609991  4.39025944  1.788374    2.03416081]
 [ 4.18635194 -0.57714219 -1.06670722  1.5668438  -2.25595216  1.84968472]
 [-3.30675263 -2.95603387 -3.66601445 -0.9598443  -3.89037282 -1.35814917]
 [ 3.95361277 -4.85813004  4.10103167  2.24498758  0.14728901 -0.88400293]
 [ 0.5711535   1.96209488 -2.79241467  2.77224421 -1.81990093  2.53257734]
 [-0.07652048  0.66887401  2.70389308  0.75682277 -2.63960613 -1.02127965]
 [-3.83037282 -1.68750783 -1.80335185 -3.26235898 -2.09472157  0.31333149]
 [-4.79730888  3.09252452  3.13212219 -4.36325341 -0.91686491  2.64404123]
 [-1.98493211  1.81984257  0.14388731  0.92747927 -1.87900883 -4.30363504]]
