[[ 4.28859228  2.94043704  2.9790059  -4.93718172  0.25929032  2.94256226]
 [ 0.47144972  4.51473196  2.81693591  3.9986788  -2.5842961   4.00410457]
 [-2.16394857  1.96663816 -4.27783464 -2.67129313  1.8989267   0.83699915]
 [ 4.02258442  3.72905526 -2.61530248 -1.01904403  1.04590678  1.17301043]
 [-4.72070051 -1.30818427 -0.20701348  4.37669292 -2.46155034  3.38934698]
 [-1.90355401  0.98778304 -2.4649635  -2.53248539 -0.89844465 -2.8137549 ]
 [ 3.67124777 -1.98774655 -2.02821452 -0.84248933  3.29495561  0.60000841]
 [ 1.93369047  3.38073103  3.59050409 -0.36425324 -0.38223473 -1.76393547]
 [-2.55847227 -2.57186143 -1.57181927 -1.95855985  4.0491905   4.54182603]
 [ 4.34733077  0.6310378  -4.83487035 -3.66726804 -1.87082795 -4.9014451 ]
 [ 2.28610503 -4.69908594 -0.76305399  4.90239469 -2.2021678  -1.02151661]
 [-3.5344019  -0.90358671 -3.93548737  3.32387745  2.12407543 -2.81993184]
 [-1.06943745  4.78894875  0.29112288  0.59067585  0.01778111 -2.40820012]
 [ 1.25016703 -0.50864012  4.37126646 -3.12653247 -0.62423448  1.71735623]
 [ 1.09475766 -0.53503689 -0.41779157  3.64960874  1.94836133  0.63607933]
 [ 4.03913134 -3.87729979  3.75959312  2.88717361 -0.05950356  3.67721468]
 [-4.95307102 -3.09819719 -3.85656702  4.41209127  1.76332716  3.52884556]
 [-0.88267297  1.67803159 -0.20691649  3.98252855 -2.386789    2.84166782]
 [ 0.65565123  1.93521681 -3.64034582 -2.37348105 -3.1132084  -1.46395656]
 [-2.62105487  4.36699563  4.46264822  4.25318131  0.70602335 -1.49792859]]
