[[-0.40006195 -3.01520866  2.20508845  1.38002439 -3.06547621  3.44565309]
 [-4.82088606  0.47422995  1.87614381  2.59781308 -1.2130217  -0.04864024]
 [-2.29759355  4.13325821  4.94639591 -3.25808991  0.12022992 -1.55394417]
 [ 2.01793329  0.04160585  2.14620656  3.30631013  4.34777138  4.89126044]
 [-3.11363207  3.59390834 -0.03594046 -0.80883475 -2.04088421  3.46640596]
 [-4.52926703  0.3554918  -3.83896204 -0.33992696  1.0787276   2.85143828]
 [-4.77968916  0.22641078 -1.1666875   1.38012627  0.84328405 -2.59206282]
 [-0.54453993 -3.78542901 -3.52885913 -1.71521787  3.97947748 -0.82057007]
 [ 2.87962     4.36680583 -2.65371717  0.40288786 -4.11155831  3.01414562]
 [-0.05546778 -0.99410094 -3.3893423   0.86646291 -0.22201206  3.09388159]
 [ 2.05389705 -1.40230781 -4.13269056 -2.98463665 -1.3541108  -2.11757563]
 [ 3.17964191 -3.22868734  0.0525335   2.04365093  0.95571079 -4.14917206]
 [ 2.58747366  4.37976694 -0.30345451  1.6181022   1.51662541 -1.2118554 ]
 [-4.25877364 -3.27872463  2.90382091 -0.24254448  4.05800558  3.86845673]
 [-1.5661397   0.06550653 -2.52797841  3.0726982  -4.01797256  1.57609267]
 [-3.60222481  4.76785844  2.78652486 -1.20708264  1.11075144  2.55574733]
 [ 4.32899064  4.03705319  0.14041872  4.951494    3.3052831  -3.7117104 ]
 [ 1.59195455 -2.25523925 -2.24133948  2.66547455  1.05921747 -1.60152856]
 [-2.66185965 -0.70187882 -0.56961156  0.86521698  4.86242998 -0.29726108]
 [-4.270345    4.07934246 -2.44256851 -1.29477413 -1.54559597 -3.22752089]
 [ 4.71383733  1.64774444  4.36918375 -4.52493495 -2.28893144  0.29774316]
 [-3.21604924 -3.90295073 -1.6113135   4.72029165 -2.62182875 -0.3876912 ]
 [ 2.56080671  0.23423826 -0.92399345  2.17061261  3.9968763   4.83731905]
 [ 2.56766489  3.99983146  1.04518499  0.52490171 -4.11053056 -1.95345257]
 [-3.19835699  2.02848726 -0.19483685  4.73625445  2.69103317  3.30785175]
 [ 2.70325815 -3.09489434  1.24707827 -2.35431764 -1.50640058 -0.64351971]
 [ 3.64004201 -0.14195313  3.82791535  1.25396014  3.11129946  2.31662535]
 [ 4.88302198 -3.82338079 -0.64969253 -2.31015828  2.1634396  -0.17111137]
 [ 3.46969434 -3.02592137 -2.58785065  3.57510797  4.59514128 -1.76041449]
 [ 3.80630177 -0.54926392  2.32149617 -1.67672336 -1.17625775  2.29271079]
 [ 1.39707247 -0.28638863  2.48515891  3.169524   -3.62657371 -1.50155037]
 [ 4.40805793  2.65721138 -1.37843048  0.47087288 -1.8244796   1.01000919]
 [ 4.01257674 -1.89732681 -3.62662908  1.85730989 -1.8129325   1.45234115]
 [-1.98724664 -3.88126499 -3.25557487  4.5452731   2.60918465  0.33545477]
 [-0.19023467 -2.13553922  3.13886623 -0.61732056 -3.97235842  3.61937883]
 [-2.8716437   0.13899859  0.08621497  1.98256144  3.37682895 -3.58054752]
 [ 4.65077906 -2.58901303 -0.48495734 -3.70673062 -0.30609055  4.28080597]
 [ 2.23912795  4.83965064 -1.78657834  0.65391416 -1.20435295 -0.25577546]
 [ 2.27722419 -3.24907335  0.2846384  -2.65028145  1.97229811 -1.20110779]
 [-3.91202008 -2.83294564  4.33963668  0.6593202  -4.88662563  1.37884506]
 [-0.76074345  2.29093821 -0.65235355 -2.03779703  0.01090943  0.41762472]
 [ 3.17324305  3.92848497 -2.78053375 -3.26012681 -4.99205653 -0.34852853]
 [ 0.15796184 -2.18467012  1.75149602  4.67872462 -1.7625875  -1.59014554]
 [ 1.00167887  4.50193339  2.09053405 -4.5996967   3.45913926 -3.47930832]
 [-3.44655576  0.24493307 -2.7253938   0.42101199  4.84477554 -1.47935836]
 [ 1.17232589  1.26319948  3.60283982  0.21047065 -0.19075458 -3.07867026]
 [ 0.30877683 -0.98810019 -4.18313978 -1.73654233  4.47392287 -2.12006351]
 [-3.57974243  0.02822211 -2.7649836   4.05906253  4.85986985 -1.66265242]
 [ 4.44262307  1.99326869  2.40040965 -1.65493511  2.73513735  2.45229021]
 [ 1.56220131  0.4208724  -1.02929257 -2.275763    1.27521236  1.06960347]
 [-0.40927222 -4.87183637 -4.13015035 -2.66997255  1.1240344   1.92039718]
 [-4.36997825 -3.92015073  1.99082583 -3.04172128 -1.87193315 -2.018302  ]
 [-4.61255694  0.59524295  2.74760533 -4.26664542  3.27292497  0.87226231]
 [ 4.55304211 -4.1856619   3.81878487 -2.30108561 -2.90465125  4.20926322]
 [ 1.69577317  4.20694386  2.38662764  3.04601106 -0.35883183  2.55141908]
 [ 1.5344792   1.60769854 -2.63294884  1.08668155  3.45445562 -4.15702395]
 [-0.91061372 -3.50331432 -4.43655589 -3.48098302 -0.70474127 -3.69993606]
 [ 2.3529986  -4.39031085 -1.89515605 -2.23092601  3.70320899  3.56502671]
 [ 0.19988811 -3.92211342 -2.19539902  1.9385524   0.12899152  2.375001  ]
 [-0.23148256 -4.19578827 -1.37267022 -2.75897095  0.67946995 -3.82894589]
 [ 0.01638515  1.0891476   4.35651276  2.75226013 -3.23638612  2.49519622]
 [-2.35996461 -1.93320913  4.30122455 -4.5490552  -1.50280379 -0.19649747]
 [ 4.4839166   2.84680092 -0.21520924 -2.96951763 -0.02047166  3.42902341]
 [-1.82410984  3.50977893 -1.74019368  4.91299006  2.65683184 -0.08697463]
 [-0.29472009 -1.88874559 -0.15281953  3.18874113 -0.22862269 -3.23751644]
 [ 3.1115425  -1.66722287 -4.39430304 -1.40983013 -4.23978926 -2.32349183]]
