[[ 0.6974436  -2.98804179  4.11468941  0.42807039  2.73438619  2.68839062]
 [-4.69460042 -2.21912773  0.82991306  2.8575543  -4.26985991  1.7610685 ]
 [ 4.87763451  0.76345985  3.46958587 -0.34240601  3.79307641 -0.27790965]
 [ 2.07476485 -0.54686567  2.57559519  2.71764888  3.1033793  -0.10348315]
 [-3.1132928   0.72356449 -3.96535969 -1.47570614  1.63278746 -0.02690798]
 [ 0.05848501 -0.81744045  0.26899755  3.86318762  3.96824687 -0.71807035]
 [ 4.12986075  1.90740987 -4.66728999 -4.70392366  3.82364963 -2.83479634]
 [ 2.76531825  0.01490735 -0.50999001  3.6745978  -2.50683245  4.38569553]
 [ 0.57921609  2.6146199  -2.64253907 -4.1656897   2.35726689  4.32677987]
 [ 1.59693842  2.31103489  1.53911723 -3.08862799 -1.79870731 -2.11725169]
 [-3.47454038  2.5718212  -2.74957179 -4.77799921 -1.47053824 -3.02113467]
 [-1.06843813 -4.95654671  3.22193831  2.14174193  3.18125206 -2.13926456]
 [-3.48548122 -1.55200415  0.29131848  4.24030739  4.26819498  3.643946  ]
 [-1.94538376 -1.33535582  2.71059819  1.88381399  1.97320709 -4.6084988 ]
 [ 4.25678607 -4.77737965 -1.92213237 -0.66721672 -0.20806945 -3.37249145]
 [-0.91161815  4.73010216 -1.20176278 -0.74219919 -0.3718466   0.19872804]
 [ 0.88596382  2.0639227  -2.29887599 -2.11460331 -4.06804119 -0.74062723]
 [ 1.91348898  4.55837795 -2.88243396 -3.45833357 -3.6850884   1.71939691]
 [-4.0927429  -3.15465188 -1.87277251 -2.732819    1.34173644  3.60490475]
 [ 1.41321529  3.6996144   3.81514419 -4.31914556  4.7924344  -1.63488605]]
