[[-9.55637332e+03]
 [ 6.55907126e+04]
 [-1.82853997e+04]
 [-3.14137514e+04]
 [-2.00925046e+04]
 [ 2.36180489e+04]
 [ 5.69720104e+03]
 [-2.05472612e+03]
 [-6.46859477e+03]
 [-3.46567973e+04]
 [-3.07635861e+04]
 [-3.96089076e+04]
 [-6.83380674e+02]
 [-4.49927173e+03]
 [ 8.31113944e+03]
 [ 4.43154949e+04]
 [-2.33754124e+04]
 [-3.05144818e+04]
 [-2.50239658e+04]
 [ 1.93105140e+04]
 [-3.28846829e+04]
 [ 2.11303412e+04]
 [ 4.87480484e+03]
 [ 3.47603688e+03]
 [-9.30635484e+03]
 [ 6.16997018e+01]
 [ 3.03209889e+04]
 [ 3.63461379e+04]
 [ 9.36102454e+03]
 [-1.27235005e+04]
 [ 1.48163306e+04]
 [ 2.98744206e+04]
 [-3.81192830e+04]
 [-2.76245374e+03]
 [ 4.47296661e+04]
 [ 1.42552999e+04]
 [ 2.35477977e+04]
 [-3.50474915e+04]
 [ 8.20325990e+03]
 [ 4.06736374e+04]]
