[[-1.59409110e-02  4.31335842e+00 -2.30751326e-01 -4.42488963e+00
  -2.53393895e+00 -2.79173522e+00]
 [-4.26110915e+00  1.72850739e+00  3.91687332e+00  9.07723941e-02
   2.52410225e+00 -3.94295447e+00]
 [ 3.52168337e+00  7.39001494e-01  2.74142735e+00 -3.02555475e+00
   4.11048496e+00 -2.29031621e+00]
 [-3.24068459e+00 -2.48445366e+00  2.34614685e+00  3.61538351e+00
  -2.14325728e+00 -2.22836653e+00]
 [-4.68051417e+00 -3.82173499e+00  1.47402736e+00 -3.32078912e+00
  -1.07680838e+00 -2.02335782e+00]
 [-3.79887314e+00  2.12067033e-01 -1.29447819e+00 -4.19809199e+00
  -3.80990897e+00  7.69182685e-01]
 [ 9.49841923e-01  4.15777345e+00 -1.58605214e+00  4.84747086e+00
  -8.58007939e-01 -1.24410694e-01]
 [ 2.57349540e+00 -2.59801747e+00 -7.96846204e-02  1.07515968e+00
   4.74223663e+00  2.65516460e-01]
 [ 2.20510841e-01 -3.49071652e+00  4.87087228e+00  2.19567968e-01
  -3.61024557e+00  6.06860052e-02]
 [ 2.36403749e+00  6.38462655e-01  3.82627658e+00 -3.92059514e+00
  -1.97680754e+00 -3.80209469e+00]
 [-4.79212423e-01 -2.13688941e+00  3.37263112e-01 -3.73216236e-01
   2.42926994e-01 -4.98661759e+00]
 [-1.54151567e+00  3.71637766e+00 -5.43078905e-01 -3.49069866e+00
   3.83691889e+00 -3.21046872e+00]
 [ 3.73916643e+00  1.56773680e+00  8.80848872e-01 -4.61297572e+00
  -3.60296873e-01  1.33305178e+00]
 [ 3.64236280e+00  2.06277428e+00 -3.20323524e+00  2.60863539e+00
   3.24153743e+00 -3.47305849e+00]
 [-3.00712868e+00  1.31693237e+00  3.51742590e+00 -4.02171822e+00
   9.42087250e-01  1.08358828e+00]
 [ 2.90084884e+00 -8.59586748e-01  4.46338136e+00 -6.42530945e-01
   2.90492900e+00  3.44305352e+00]
 [ 3.38063870e+00 -3.87111894e+00 -2.40456012e+00 -3.74219775e+00
  -3.00710979e+00  2.52313558e+00]
 [ 1.57992458e+00  4.67389251e+00  4.63929587e+00 -1.41840739e+00
  -1.34024265e+00  4.89685795e-01]
 [-4.82807823e+00 -2.09765058e+00 -2.98792665e+00  8.23769594e-01
  -4.51979360e+00 -1.26901075e+00]
 [-2.23681157e+00  3.38465441e+00  3.98991300e+00  4.03862943e+00
  -1.69462244e+00  1.45748140e-01]
 [ 4.62043712e+00  2.42391883e+00 -3.97054696e+00 -2.74226237e+00
   6.17654242e-02 -1.16032323e+00]
 [-2.40783448e+00 -1.50616027e+00 -2.76088230e+00  4.64361620e+00
  -2.76693670e+00  2.31404058e+00]
 [ 3.81303891e-01 -3.14385633e+00  1.34058286e+00 -4.95618369e+00
   6.22986028e-01  1.92784943e+00]
 [-3.62440969e+00 -4.89560515e+00 -1.09130145e+00  2.43656085e+00
   1.17024804e+00 -7.43466058e-01]
 [-2.55787542e-01  3.07993157e+00  2.15622090e+00  3.35526150e+00
   4.97144395e+00 -1.81600062e+00]
 [-3.53589356e+00 -1.14762914e+00 -1.69556048e+00 -1.64689055e+00
   1.34131626e+00  4.34906032e+00]
 [ 4.86688028e+00  2.89523782e+00  1.61187237e+00  1.35627737e+00
   9.11294092e-01  8.85801620e-01]
 [ 4.45100872e+00 -2.50408981e-01  3.00319553e+00  2.11298929e+00
   1.66286987e+00 -4.22963542e+00]
 [ 1.50209847e+00 -6.89081967e-01  2.47717563e+00  4.94692562e+00
  -7.87487705e-01  2.92088947e+00]
 [ 4.23057132e+00 -4.58288153e+00  3.23836371e+00  3.19397690e+00
  -4.69087425e-01 -3.28353321e-01]
 [-2.93189451e+00  9.26505610e-01  4.19447888e+00  7.18085819e-03
  -4.39567675e+00  2.97425079e+00]
 [ 1.29692118e-01 -4.21433223e+00 -4.79756993e+00  2.77053407e+00
   2.26970601e+00  3.84437950e+00]
 [-2.80945711e+00 -4.29063672e+00  6.54425112e-01 -2.44588984e+00
   4.70426584e+00  1.79765825e+00]
 [-1.28003137e-01 -4.53650703e+00 -4.13653775e+00 -2.37142960e+00
  -1.44062073e+00 -2.60477419e+00]
 [ 2.15111433e+00 -1.80889170e+00 -2.09734689e+00 -3.23690519e+00
   4.28361296e+00 -4.29302283e+00]
 [ 3.98462508e+00 -4.00947454e+00 -3.61244672e+00  1.58409381e+00
   9.20404577e-02 -1.64908066e+00]
 [ 2.99196312e+00  2.11133469e+00  3.27518020e+00  3.04628287e+00
  -3.85382674e+00 -2.40153084e+00]
 [ 1.14153338e+00 -4.80499120e+00  4.12280674e-01  4.98566302e-01
  -6.14447087e-01  3.78791368e+00]
 [ 4.71482943e+00 -9.66814362e-01 -2.36632746e+00  4.42429073e+00
   2.24388654e+00  2.69593728e+00]
 [ 6.29671659e-01  4.81295467e+00  2.56419750e+00 -2.59171813e+00
   4.50629456e+00  1.43634947e+00]
 [-4.29327693e+00 -7.98527071e-02 -7.00111175e-01  3.77413904e+00
   3.36282855e+00  2.56640499e+00]
 [ 4.00875292e+00 -6.21713912e-01  3.66617227e+00 -7.98751282e-01
  -3.27486929e+00  3.69427127e+00]
 [-4.03094189e+00  1.85075482e+00 -2.90897229e+00  1.78226649e+00
   1.79420265e+00 -4.75576529e+00]
 [-5.60910506e-01  3.60076775e+00 -3.45008693e+00  7.38185711e-01
   3.66416658e+00  1.17798206e+00]
 [ 3.16295108e+00  3.41080742e+00 -2.13711939e+00 -1.77782982e+00
   2.03896493e+00  4.68173346e+00]
 [ 2.71710631e+00 -2.84117591e+00 -8.96034433e-01  2.32891223e+00
  -4.79431964e+00 -4.97686798e-01]
 [-3.94486319e+00 -2.24676480e+00  1.71642699e+00  2.91620380e+00
  -1.65798294e+00  4.74885102e+00]
 [-2.09856810e+00  1.22808457e+00  2.84821328e+00 -1.08426432e+00
  -4.17509027e+00 -4.46488078e+00]
 [-1.20356094e+00 -1.23662662e+00 -4.70617571e+00  3.86020694e+00
   2.71502408e+00 -1.01647172e+00]
 [-8.54155150e-01 -2.68847982e+00  2.03174082e+00  4.21472136e+00
   3.89213118e+00 -3.06537705e+00]
 [-1.36638054e+00  1.42357696e+00 -1.48902763e+00  4.34159063e+00
  -3.98712158e+00 -3.59423792e+00]
 [-1.73028548e+00  3.91972041e+00 -2.68074343e+00 -4.77698308e+00
   1.43218880e+00  2.02401592e+00]
 [-1.51528234e+00  3.24245252e+00 -4.99998342e+00 -1.36716929e-01
  -2.63381958e+00 -5.35542817e-01]
 [ 1.27327192e+00  4.53602960e+00  5.73895691e-01  5.86427075e-01
  -8.46947319e-02 -4.02200498e+00]
 [ 1.90764055e+00 -1.83448828e+00 -3.83777290e+00 -2.83118260e+00
   2.64182401e+00  1.61997114e+00]
 [-1.87640261e+00 -3.01072493e+00 -4.40796461e+00 -1.10915525e+00
  -3.54348501e+00  3.25359507e+00]
 [ 2.03949109e+00 -4.14570887e-01 -4.44916745e+00  1.93549246e+00
  -2.25614559e+00  4.54258557e+00]
 [-4.54487146e+00 -2.03033810e-03 -1.93852561e+00 -1.34734881e+00
   4.27387706e+00 -8.86936062e-01]
 [ 2.44132928e+00  3.54778291e-01 -3.26889931e+00 -2.27250425e-01
  -2.87486355e+00 -4.62917539e+00]
 [-9.97107867e-01  4.09357061e+00  1.51174613e-02 -3.67438716e+00
  -3.12644803e+00  4.95605804e+00]
 [ 1.69544491e+00  1.00292662e+00 -1.06423313e+00 -2.06576651e+00
  -4.97873103e+00  5.48654906e-01]
 [-2.29117436e+00 -1.55838817e+00  4.77753645e+00  1.44215564e+00
   1.88807459e+00  2.12776998e+00]
 [-7.17253881e-01 -3.33117549e+00  4.38408296e+00 -2.11260514e+00
   3.08482551e+00 -1.75538252e+00]
 [ 8.42789102e-01  2.80459013e+00  1.84816909e+00  3.51184472e+00
   3.44343455e+00  4.08589532e+00]
 [-4.93956203e+00  2.37318285e+00 -4.31207202e-01 -7.58707310e-01
  -1.19712351e+00 -1.51991942e+00]
 [-2.55023485e+00  4.79636332e-01 -4.12778431e+00 -4.41462974e+00
   4.46668722e-01 -3.38587323e+00]
 [-3.30959498e+00  4.91719113e+00  1.04044476e+00  1.20707910e+00
   7.15025558e-01  3.34931026e+00]
 [ 7.23225148e-01  2.55230309e+00  9.76747343e-02  2.06824405e+00
  -4.64966597e+00  4.15998641e+00]
 [ 4.31126564e+00 -3.68791847e+00  1.17459654e+00 -1.91606034e+00
  -1.87162909e+00 -2.88091366e+00]]
