[[ 4.33561177  3.1906133   1.23685584  0.81208829 -3.5306326   0.09040935]
 [ 3.78799337  3.83502034 -2.30862821 -1.31263104 -0.37301756 -3.67349601]
 [-4.8379191   0.85143527  1.96475211 -4.126462    0.26530634 -1.15844043]
 [ 3.03890602 -4.06173558 -2.88595167 -0.2795758   4.10622092 -2.72696444]
 [ 4.66975903 -3.87519247 -2.2036036  -3.9453404   3.73171727 -3.32043846]
 [ 4.9788841  -0.83298314  4.6952066   3.26605496  0.72664275 -2.44509621]
 [-0.7502246  -3.45781258 -2.06883138  3.7344718   0.21168156 -0.64067804]
 [ 3.8896842  -3.22463622 -0.56646338 -1.00960561 -3.18933456 -1.43657376]
 [-2.49897183 -4.04455116  4.90597295 -4.51032757  1.89015967  4.40877566]
 [-1.89422744 -0.80491486  1.05196336  4.0443919   0.89546213  4.25753345]
 [-2.36821465  3.46160387 -2.9163185  -4.2908604  -1.97422983  3.06267031]
 [-3.64468188 -3.49844349 -2.87914    -2.83141285 -3.49588788  0.06493764]
 [-4.74689383  0.88940646  4.92725978 -4.0232823  -1.69900011 -3.32693488]
 [-0.26059156 -2.16799737  1.89112875  0.11478856 -4.7466306  -3.82443176]
 [ 1.81440668  1.90751815 -2.10155268 -1.88458193 -2.86646383  0.11017758]
 [ 3.7229202   1.79231773 -1.93504023  4.73210466  3.10144661 -0.82190757]
 [ 2.9523796   4.91960876  4.41391243  3.21172858  3.64074666 -2.63665534]
 [-2.23377345 -4.43798036  0.75726903  3.15747801  4.73255893  2.37170541]
 [-4.96572381 -3.65493374 -3.36911413 -0.05422718 -4.4324901  -0.18476401]
 [-0.08668143 -2.34645691  3.99009165 -4.96631686 -1.48946368  1.93453647]]
