[[-0.85255011 -3.32215454 -4.52514401  1.64352438 -4.11900623 -1.17480228]
 [ 3.07932885 -0.32565658 -1.24326244 -1.46678379  1.64295213  0.87165838]
 [-2.92184886 -3.35307897 -0.67026275  3.11170221 -2.53017454 -0.0082318 ]
 [ 1.86974389  1.21937125 -2.61385184  0.77232589  0.1754831  -2.7552353 ]
 [ 3.4790244   1.52937202  3.90664012 -4.88965822 -1.61518372 -1.03112667]
 [-2.50304516  2.39231804  1.14022852 -2.16914245 -1.89923132  2.87603079]
 [ 1.81195463 -1.52887656  1.41569338 -1.28813664  3.18054996 -2.33834122]
 [-0.27765054 -4.32240889 -4.38801751  3.3055276   2.07001396 -3.82412216]
 [ 1.61028571 -2.40183083 -3.19936217  0.1818108   4.85368429 -1.91985624]
 [-1.87667572 -1.10948792  0.99323764 -2.63917634 -3.80498681  4.89853915]
 [-1.83511754  3.05461887 -4.14699278 -3.54590504 -3.09826079 -1.93983208]
 [ 3.78870414  1.14364044  4.514807    2.97378192 -3.72552098 -3.64906226]
 [-0.28693006 -4.79416794 -2.91056913  2.97035276  0.45346029 -0.33680924]
 [-1.85928542  0.43750653 -0.04429581 -2.01988005 -3.59392342 -0.49994301]
 [ 1.32362626  0.15831407 -0.55169256  0.29621337  4.51485517 -3.00855399]
 [-2.22387078  0.94844377 -2.62352362  0.85406816  3.46514985 -1.64465773]
 [ 3.50666847 -1.07195585 -1.29945812  0.78087359 -1.90330899 -4.4308627 ]
 [-1.42462683 -4.00497417 -4.04457778  4.51818742  4.20375713  3.34835868]
 [ 1.20978711  3.10900615  0.00646174 -3.22384313  1.13829057  4.53388907]
 [ 3.42590836 -3.21492748 -2.01718196  4.27881017 -2.97213213 -1.85865993]]
