[[ 0.8626449  -2.04450549  0.86295937 -0.36626351 -0.65788048 -1.38563473]
 [-0.31616782 -0.7365798  -0.32538483  4.61603769 -3.46426216 -1.33401273]
 [-4.94127113  1.42424444  3.14781896 -1.4672217   3.11263176 -1.01627089]
 [-1.79806725 -2.95779752  2.49193068 -3.16573828 -3.44999845  1.87474441]
 [ 1.57103541  0.22584723  0.77282745  1.50495575 -0.11671848 -3.66115295]
 [-0.42747839  1.94644489  1.24201581  4.97207962  0.06989026  0.92570881]
 [-4.57799765  1.97155694  0.81464658 -3.33691433 -1.49075389 -2.03111511]
 [-0.23635869  4.36999809 -0.68319766 -2.77915968  1.76958075 -0.95076784]
 [ 2.68361445  0.35750204 -2.65245311  1.09996129  3.02334583  4.35284745]
 [ 3.39598713 -4.20364088 -2.22000431 -1.66482862 -4.14198213 -1.38450674]
 [ 0.8997361   0.39123018  0.09575328 -2.70048957 -2.96710104  4.52244519]
 [ 4.14080888  1.11136879 -4.12273429 -0.42519802 -4.67612229  2.60297961]
 [-2.63025137  4.51347316  2.38225383  0.73293526 -4.98149201  3.18026579]
 [-1.79419334 -1.83582469 -3.86029429 -4.42829713  3.38853127 -3.75660226]
 [ 0.56933937  3.33771052  0.94082512 -0.78627557  1.03318582 -1.12122661]
 [-0.03475984  0.84636087  4.59032071 -3.75197911  4.94082592 -2.14671628]
 [ 4.91194545  2.0965605   1.51527158  2.55683232  0.5937562   0.59359494]
 [ 1.18923315  4.27861346 -4.23272288 -1.6704228  -0.08594263 -4.77893875]
 [ 3.36464515  1.33309892  2.33683664  4.10080125 -2.34910642  2.91112394]
 [ 2.2183003   1.11530467 -1.10914006 -4.49013086 -1.74491889 -1.7648213 ]]
