[[ 3.10006638  1.92993947 -0.35652795 -2.25913658 -0.77843546 -3.04405209]
 [ 3.44258231 -1.02802211 -3.48096724 -4.92302507 -2.6967872   2.87526856]
 [-4.09586204 -0.43304909  0.50580224 -1.72998202 -4.52168434  4.83171171]
 [ 1.30236445 -2.2276577   1.53911725  4.06030055  1.76929253  1.00826242]
 [ 2.09472856  2.44027064  3.31027484  3.86827927  0.63273786 -4.54327856]
 [ 2.41856096  2.84788244  3.66831685 -0.68735215 -3.36766665  3.22439513]
 [-1.76457446  4.38665172 -4.57206547 -2.07376413  3.43361772  0.67081508]
 [-3.91557891 -3.22528913 -0.04586001 -3.97722562 -0.05577218 -3.51097018]
 [ 2.57733692  3.00079683  4.49830288  0.35631241  2.59909552 -0.57444154]
 [ 1.09295101  3.73914716  0.67341355  3.66124778  3.75251776 -0.7748738 ]
 [ 1.93128947 -2.16763348  4.13753971  2.35399532 -0.21597584  4.46459156]
 [-0.10377489 -3.65070077 -1.95203084 -0.47599179  4.23694307 -4.20221401]
 [-0.38995824  2.81732455 -4.07365534 -1.0143814   0.33452122 -1.05512505]
 [ 1.63637861  1.0768737   3.83242843  0.15434277  3.19874777 -2.13821655]
 [-0.32378875 -1.21334288  1.05463962 -4.49010614 -4.5663803   1.33696911]
 [-0.88618033  2.43967155  1.05029939  0.70707157  4.96089638 -1.81017521]
 [ 2.22342283 -0.93998673  0.22910582 -3.80871006  2.51959618 -2.51339394]
 [ 1.84839185 -3.67684218  4.48413671 -4.25829812  3.91509718  4.45804281]
 [ 1.27095249 -2.0427595  -1.63805222  1.58526068 -2.63651771 -1.63369658]
 [-2.23403577 -2.85137841 -4.70479056 -3.0467888  -4.12452812  2.75299723]]
