[[ 1.72752247e+00  8.40224436e-01  2.12328571e+00 -1.11989027e+00
  -4.43868116e+00  3.98173903e+00]
 [-3.51267257e+00 -4.80015963e+00  3.23380595e+00  3.74608136e+00
   2.78854208e+00  4.62670773e+00]
 [ 1.90712798e+00  3.72712075e+00  2.73855947e+00 -4.04483732e+00
   3.99740594e+00 -4.62435116e+00]
 [ 3.38370140e+00  9.47560584e-01  1.45064262e+00 -3.89038140e+00
   3.45857297e+00  4.62584596e+00]
 [-4.43061527e+00 -3.84088286e+00 -4.53706916e+00 -4.64819481e+00
  -2.72853168e+00  1.71876139e+00]
 [ 4.09209929e+00  1.48526655e+00  2.27359051e+00  4.68232325e+00
   3.62639948e+00  3.69415789e+00]
 [-1.17215954e+00 -3.88266891e+00 -1.46837255e+00 -3.82188539e+00
  -1.85816366e+00 -2.12009850e+00]
 [-4.00338656e+00 -1.61751710e+00  9.25277282e-01  4.04883691e+00
  -1.07536443e+00 -1.92528801e-01]
 [ 1.03909085e+00  6.34841162e-01 -1.40269071e+00  7.27945243e-01
   1.51421943e+00  3.64893947e+00]
 [-3.25329747e+00  1.78635181e+00 -1.54139527e+00 -5.45967354e-01
  -4.50474819e+00 -4.86897695e+00]
 [ 2.11693535e+00 -4.71831188e+00 -2.30081042e+00  1.85396249e+00
   1.54332012e+00 -2.20436496e+00]
 [-1.66718334e+00 -4.63683919e+00  3.70314206e+00  4.62196387e+00
   2.84608125e+00 -2.67240706e+00]
 [ 5.90396242e-02  3.42981477e+00 -4.02359441e+00 -4.44779665e+00
   4.11909536e+00  1.39057644e+00]
 [-4.26353243e+00 -3.80179012e+00  2.80306261e+00 -9.10944055e-01
   4.35962160e+00  2.79198271e+00]
 [-4.17888298e+00  1.65439228e+00  4.49461902e-01  2.01758256e+00
  -3.48068572e+00 -5.59803642e-01]
 [-2.23233531e+00 -2.70377250e+00  2.39802981e+00 -2.04792169e+00
  -1.44928147e+00  1.43749652e+00]
 [-1.89059650e+00  1.89341455e+00 -1.33473147e+00 -6.85717201e-01
  -2.49397908e+00  3.81191876e+00]
 [-2.24144755e+00 -9.06077220e-01  7.57695557e-01 -4.92488089e+00
  -2.33517067e+00 -3.98456984e+00]
 [-3.36418883e+00 -1.88057660e+00  3.24020295e+00  4.81768296e+00
   2.49308071e+00  1.58073197e-01]
 [-3.30251557e-03  4.48458555e+00 -4.39556360e+00  3.73447747e+00
   4.09865546e+00 -3.30422800e+00]]
