[[1.00000000e+00 6.84156710e-12 2.38488998e-21 4.08803419e-34
  9.22494856e-16 2.80007764e-29 1.28820998e-47 1.33716741e-58
  8.43674855e-38 1.28564516e-49 3.79939496e-15 3.40841583e-19
  4.49819679e-36 9.87097960e-05 1.54345167e-46 7.83567903e-21
  6.67076424e-24 4.26041365e-35 9.66347148e-24 4.33617606e-37
  1.00000000e+00]
 [6.84156710e-12 1.00000000e+00 2.87873252e-24 2.24575226e-56
  7.59217418e-17 5.18345900e-51 2.34310329e-39 6.11509404e-41
  1.28227312e-47 8.81378132e-27 1.10852536e-25 7.84365526e-24
  3.45066649e-49 2.10325735e-15 7.13641242e-41 1.32914952e-36
  2.55116441e-29 3.49299980e-40 1.32337783e-22 1.02251204e-49
  1.00000000e+00]
 [2.38488998e-21 2.87873252e-24 1.00000000e+00 3.78669423e-33
  6.37453466e-29 9.66614548e-27 8.47181304e-43 4.14847070e-29
  1.10009450e-25 7.41868566e-28 2.19154580e-37 8.40536445e-28
  1.04391598e-30 2.30316819e-33 1.34064412e-17 8.06300501e-30
  2.87247918e-26 8.98885840e-15 8.57313002e-37 6.40028479e-66
  1.00000000e+00]
 [4.08803419e-34 2.24575226e-56 3.78669423e-33 1.00000000e+00
  6.38075680e-31 2.80167517e-22 4.04196778e-73 2.40946775e-47
  3.01896446e-65 1.20112147e-67 4.49112520e-20 2.72086422e-24
  2.00738758e-25 1.64546664e-46 2.09746349e-40 5.53918804e-60
  2.20384850e-43 1.02775004e-25 9.22353518e-29 2.49266081e-27
  1.00000000e+00]
 [9.22494856e-16 7.59217418e-17 6.37453466e-29 6.38075680e-31
  1.00000000e+00 2.29171371e-50 3.71416196e-28 3.29784142e-41
  8.33855503e-36 5.20766402e-40 1.64551607e-25 1.39654621e-08
  9.18982685e-55 2.22056537e-14 5.07039129e-26 7.27452989e-59
  4.36934093e-41 9.35565060e-19 4.10778614e-28 9.05116491e-34
  1.00000000e+00]
 [2.80007764e-29 5.18345900e-51 9.66614548e-27 2.80167517e-22
  2.29171371e-50 1.00000000e+00 1.30147827e-81 1.13918112e-70
  5.16780411e-50 6.87811832e-63 3.72837919e-21 3.64145941e-46
  8.41184995e-36 3.49678366e-40 2.16814028e-45 2.53034408e-17
  1.05525012e-39 4.54494102e-49 4.80131016e-47 2.21246492e-50
  1.00000000e+00]
 [1.28820998e-47 2.34310329e-39 8.47181304e-43 4.04196778e-73
  3.71416196e-28 1.30147827e-81 1.00000000e+00 1.30441568e-43
  1.07655746e-32 1.35270386e-23 1.22719374e-75 1.95735787e-20
  1.26653627e-81 6.23414892e-49 3.88295638e-31 3.86173285e-81
  8.88278510e-39 2.59663610e-43 1.21995589e-71 8.26549657e-61
  1.00000000e+00]
 [1.33716741e-58 6.11509404e-41 4.14847070e-29 2.40946775e-47
  3.29784142e-41 1.13918112e-70 1.30441568e-43 1.00000000e+00
  8.97255290e-79 1.14521128e-15 1.27595302e-57 2.31139047e-28
  4.46897051e-35 3.94004449e-78 2.94523488e-30 1.36627287e-92
  6.39866473e-35 1.71364002e-30 1.93086412e-31 3.17041961e-57
  1.00000000e+00]
 [8.43674855e-38 1.28227312e-47 1.10009450e-25 3.01896446e-65
  8.33855503e-36 5.16780411e-50 1.07655746e-32 8.97255290e-79
  1.00000000e+00 1.28296839e-54 1.65100492e-72 8.68943615e-45
  3.36785470e-93 1.34727628e-33 2.04842987e-22 3.50952558e-45
  2.39425944e-62 3.13103242e-31 5.27510620e-93 5.10434187e-98
  1.00000000e+00]
 [1.28564516e-49 8.81378132e-27 7.41868566e-28 1.20112147e-67
  5.20766402e-40 6.87811832e-63 1.35270386e-23 1.14521128e-15
  1.28296839e-54 1.00000000e+00 2.54321294e-58 5.04714092e-31
  6.86119101e-55 2.11460872e-61 6.24477990e-26 2.71040171e-65
  3.19581857e-29 1.81772143e-45 3.26779967e-46 4.39782079e-63
  1.00000000e+00]
 [3.79939496e-15 1.10852536e-25 2.19154580e-37 4.49112520e-20
  1.64551607e-25 3.72837919e-21 1.22719374e-75 1.27595302e-57
  1.65100492e-72 2.54321294e-58 1.00000000e+00 4.92279840e-27
  1.81399316e-30 1.57770506e-22 1.03196813e-55 3.96843996e-34
  1.52221116e-35 5.20834478e-48 5.23377992e-13 6.28901555e-21
  1.00000000e+00]
 [3.40841583e-19 7.84365526e-24 8.40536445e-28 2.72086422e-24
  1.39654621e-08 3.64145941e-46 1.95735787e-20 2.31139047e-28
  8.68943615e-45 5.04714092e-31 4.92279840e-27 1.00000000e+00
  3.08684018e-33 2.82187252e-26 2.39256586e-31 2.06886605e-59
  1.01028691e-19 1.65477181e-23 1.13593687e-22 5.97347735e-18
  1.00000000e+00]
 [4.49819679e-36 3.45066649e-49 1.04391598e-30 2.00738758e-25
  9.18982685e-55 8.41184995e-36 1.26653627e-81 4.46897051e-35
  3.36785470e-93 6.86119101e-55 1.81399316e-30 3.08684018e-33
  1.00000000e+00 1.99527075e-62 5.24730146e-68 7.39460220e-53
  3.24032213e-16 1.03809948e-48 9.05561357e-18 8.39270337e-36
  1.00000000e+00]
 [9.87097960e-05 2.10325735e-15 2.30316819e-33 1.64546664e-46
  2.22056537e-14 3.49678366e-40 6.23414892e-49 3.94004449e-78
  1.34727628e-33 2.11460872e-61 1.57770506e-22 2.82187252e-26
  1.99527075e-62 1.00000000e+00 6.33712863e-50 2.95911263e-28
  1.53892314e-42 6.31631703e-42 4.79968011e-39 1.30747697e-47
  1.00000000e+00]
 [1.54345167e-46 7.13641242e-41 1.34064412e-17 2.09746349e-40
  5.07039129e-26 2.16814028e-45 3.88295638e-31 2.94523488e-30
  2.04842987e-22 6.24477990e-26 1.03196813e-55 2.39256586e-31
  5.24730146e-68 6.33712863e-50 1.00000000e+00 1.74705154e-65
  1.84429013e-56 1.08835643e-12 8.83568557e-61 5.96604249e-75
  1.00000000e+00]
 [7.83567903e-21 1.32914952e-36 8.06300501e-30 5.53918804e-60
  7.27452989e-59 2.53034408e-17 3.86173285e-81 1.36627287e-92
  3.50952558e-45 2.71040171e-65 3.96843996e-34 2.06886605e-59
  7.39460220e-53 2.95911263e-28 1.74705154e-65 1.00000000e+00
  2.09476538e-37 2.61016707e-70 4.90711737e-59 4.06765555e-75
  1.00000000e+00]
 [6.67076424e-24 2.55116441e-29 2.87247918e-26 2.20384850e-43
  4.36934093e-41 1.05525012e-39 8.88278510e-39 6.39866473e-35
  2.39425944e-62 3.19581857e-29 1.52221116e-35 1.01028691e-19
  3.24032213e-16 1.53892314e-42 1.84429013e-56 2.09476538e-37
  1.00000000e+00 5.57225611e-52 3.35678737e-27 1.00560464e-31
  1.00000000e+00]
 [4.26041365e-35 3.49299980e-40 8.98885840e-15 1.02775004e-25
  9.35565060e-19 4.54494102e-49 2.59663610e-43 1.71364002e-30
  3.13103242e-31 1.81772143e-45 5.20834478e-48 1.65477181e-23
  1.03809948e-48 6.31631703e-42 1.08835643e-12 2.61016707e-70
  5.57225611e-52 1.00000000e+00 3.63011048e-44 3.30422172e-66
  1.00000000e+00]
 [9.66347148e-24 1.32337783e-22 8.57313002e-37 9.22353518e-29
  4.10778614e-28 4.80131016e-47 1.21995589e-71 1.93086412e-31
  5.27510620e-93 3.26779967e-46 5.23377992e-13 1.13593687e-22
  9.05561357e-18 4.79968011e-39 8.83568557e-61 4.90711737e-59
  3.35678737e-27 3.63011048e-44 1.00000000e+00 1.76298171e-23
  1.00000000e+00]
 [4.33617606e-37 1.02251204e-49 6.40028479e-66 2.49266081e-27
  9.05116491e-34 2.21246492e-50 8.26549657e-61 3.17041961e-57
  5.10434187e-98 4.39782079e-63 6.28901555e-21 5.97347735e-18
  8.39270337e-36 1.30747697e-47 5.96604249e-75 4.06765555e-75
  1.00560464e-31 3.30422172e-66 1.76298171e-23 1.00000000e+00
  1.00000000e+00]
 [1.00000000e+00 1.00000000e+00 1.00000000e+00 1.00000000e+00
  1.00000000e+00 1.00000000e+00 1.00000000e+00 1.00000000e+00
  1.00000000e+00 1.00000000e+00 1.00000000e+00 1.00000000e+00
  1.00000000e+00 1.00000000e+00 1.00000000e+00 1.00000000e+00
  1.00000000e+00 1.00000000e+00 1.00000000e+00 1.00000000e+00
  0.00000000e+00]]
