[[-1.29261479e+00  4.48611851e+00 -3.22701526e+00 -2.11511303e+00
  -1.40768933e-01 -3.64933071e+00]
 [ 2.84751487e+00 -4.86660658e+00  3.75043828e+00  2.02594583e+00
   2.92545411e-01  3.09223282e+00]
 [ 3.30823693e+00 -2.04639088e+00  4.55416886e+00  4.03164517e+00
   1.95963226e+00 -2.29227857e+00]
 [-3.46522679e+00 -1.34158092e+00 -6.37733290e-01 -3.97533976e+00
  -4.97282298e+00  2.52074651e+00]
 [ 1.67065274e+00  5.08395265e-01 -4.24351033e+00 -2.85434166e+00
   4.25607724e+00 -1.67973385e+00]
 [-1.00873667e+00 -1.78569079e+00 -2.42901739e+00  4.72214522e+00
  -1.49396380e+00 -3.46934321e+00]
 [ 1.22532933e+00  4.65016506e+00  1.09403997e+00 -3.74997328e+00
   2.55332023e+00  7.52955758e-01]
 [ 4.67724413e+00  2.90528044e-01 -1.68360460e+00  3.23164332e+00
  -4.51904263e-01  4.10770608e+00]
 [-4.41844686e+00  3.59753722e+00  8.37901909e-01 -1.31055101e+00
  -1.34971764e+00  3.45885202e+00]
 [ 7.76561904e-01 -3.49443915e+00  2.22509875e+00 -2.74715663e+00
  -2.45352918e+00  4.34571852e+00]
 [-4.59176810e+00  2.33316858e+00 -2.65166581e-01  2.44148337e+00
  -2.60601693e+00 -3.20374845e+00]
 [-1.48994541e-01 -4.40775898e+00  1.28706965e+00 -1.25070165e+00
   3.10279300e+00 -7.18269730e-01]
 [ 1.87611053e+00 -2.45814852e+00  2.43956002e-01  2.93126774e+00
   4.76455290e+00  3.22422432e+00]
 [ 4.72397818e-01  1.28685487e+00 -4.62455785e+00  1.09851335e+00
   3.51366705e+00  3.85225205e+00]
 [ 4.86074696e+00  2.20470228e+00 -3.88550217e+00 -1.73641479e+00
  -1.00263717e+00 -2.32624842e-01]
 [ 2.60257579e+00 -4.09359136e+00 -2.03650549e+00  2.76270403e+00
  -3.13889751e+00  1.57512262e+00]
 [ 6.72169909e-01  1.84221671e+00  2.51441800e+00  1.21419503e+00
   7.89499402e-01  4.83369764e+00]
 [-2.35742076e+00 -2.24150255e+00  4.14406003e+00  1.50487584e+00
   1.28066784e+00 -4.68792231e+00]
 [-1.86974453e+00  1.38629457e+00 -5.13757530e-01 -3.62076046e+00
  -4.55235096e+00 -4.01564525e+00]
 [ 3.82642959e+00  4.42128919e+00  1.91569197e+00 -2.83650368e-02
  -7.29644872e-01 -3.04890807e+00]
 [-1.68778850e+00 -2.86761313e+00  3.98500215e+00 -4.25202689e+00
  -2.14664133e+00 -2.17832834e+00]
 [ 3.01584746e+00 -3.32345138e+00 -2.78803801e+00  4.19429548e-01
   3.82654599e-01 -4.31623655e+00]
 [ 4.13753498e+00 -1.91245124e-01  3.58210116e+00 -8.82782542e-01
   3.80142864e+00  9.69326312e-01]
 [-2.84003803e+00 -7.75261246e-02  1.81983620e+00 -2.22873332e+00
   4.61413066e+00  3.97513146e+00]
 [ 1.55460659e+00  3.20790389e+00 -2.13890516e+00 -1.64127116e+00
  -2.28454787e+00  4.66818416e+00]
 [-2.75198586e+00  4.02465602e+00 -4.74133936e+00  2.33212619e+00
  -1.84892199e+00  1.72815992e+00]
 [ 2.46578607e+00  4.08670543e+00  2.12220005e+00  4.36472119e+00
   3.21890792e+00  1.46643212e+00]
 [ 4.50836519e+00  5.94476669e-01  2.88976224e+00  5.67877126e-01
  -3.94594868e+00  2.89408818e+00]
 [-4.78032218e+00 -6.02384881e-01 -3.89668712e+00  3.66622941e+00
   2.18492659e+00  2.01459852e+00]
 [ 3.55529072e+00 -9.22472724e-01  1.51369549e+00 -3.39280823e+00
   1.46781138e+00 -4.09664028e+00]
 [ 2.97468419e-01  3.39210814e+00 -3.51493204e+00  4.50227219e+00
   1.69929560e+00 -1.93943368e+00]
 [-5.80825582e-01 -5.35649235e-01 -4.99997882e+00 -1.05941043e+00
  -3.70576647e+00  9.00639094e-02]
 [-4.92277370e+00 -3.07147111e+00 -1.08811605e+00 -7.15471255e-01
  -1.13703186e+00 -1.19651277e+00]
 [-3.12919733e+00 -9.55179464e-01 -1.29105435e+00 -2.47709774e+00
   2.88420583e+00 -4.98290026e+00]
 [-8.22031441e-01 -3.55754087e+00 -3.68458778e+00 -4.94401249e+00
   1.29670637e-02 -8.54099881e-01]
 [-3.57041800e-01  1.65986343e+00  4.89182384e+00  3.41300875e+00
  -2.79566631e+00  2.55581699e-01]
 [ 3.40768140e+00  1.06892186e+00  4.94302388e-01  4.92901575e+00
  -1.97654724e+00 -1.53762627e+00]
 [ 1.14806615e-01  4.97253183e+00  6.94954732e-01  3.68262251e-01
  -4.73718620e+00  7.04584178e-01]
 [-1.53872279e+00  8.59159422e-01  4.66536347e+00 -3.30616138e+00
   4.28906878e+00 -2.71337669e+00]
 [ 2.31300991e+00  3.07163580e+00 -2.32813126e+00  1.66944796e+00
  -4.38640293e+00 -4.52616855e+00]
 [ 1.36851995e+00  2.57275717e+00  3.10185588e+00 -4.50546898e+00
  -3.53544528e+00 -9.37463492e-02]
 [-3.76175909e+00  2.67040624e+00  2.71834608e+00  4.08881964e+00
   2.30253266e+00  1.22991967e+00]
 [-1.46925923e+00 -3.73432858e+00 -2.70413392e+00 -3.32723475e-01
   6.03762055e-01  4.61289547e+00]
 [-3.65176963e+00 -1.48197725e+00 -5.55185387e-03  3.12190997e+00
  -4.22780918e+00  2.37173343e+00]
 [-2.20097297e+00  2.00175754e+00 -3.01955553e+00 -4.71503394e+00
   9.28509551e-01  2.08994794e+00]
 [-5.47305208e-01 -4.46701529e+00 -4.29615841e+00  1.39806443e+00
   3.68148116e+00 -9.31556343e-01]
 [-4.09696497e+00  2.95810806e+00 -1.34187478e+00  3.44003744e-03
   3.99423296e+00 -1.45846834e+00]
 [-4.05586170e+00 -1.93080010e+00  4.38674319e+00 -4.23520559e-01
  -3.23643381e-01  2.77347392e+00]
 [ 2.19346934e+00 -3.99609118e+00  3.44850359e+00  9.12001476e-01
  -3.22420268e+00 -2.52798179e+00]
 [-2.45355331e+00 -4.75082209e+00  1.40820564e+00  3.86201814e+00
   1.50649614e+00  4.38904481e-01]
 [ 4.40960346e+00 -2.62826087e+00 -7.77660616e-01 -4.26513675e+00
  -3.47932813e+00 -5.53230374e-01]
 [ 1.06204925e+00  1.53514981e-01  2.90354435e-02  2.13821237e+00
   4.85808632e+00 -3.75033969e+00]
 [-3.24230127e+00  3.75374227e+00  3.27236829e+00 -1.92275094e+00
  -7.76462001e-01 -2.93750468e+00]
 [ 3.99490528e+00 -1.29144241e+00 -1.63475176e+00 -3.07144828e+00
   2.59266704e+00  3.68589666e+00]]
