[[ 2.05547227e+00  2.20894434e+00  1.84496842e+00  4.06738028e+00
  -2.01521196e+00 -1.70003744e+00]
 [ 1.06108556e+00 -3.71667476e+00  1.14635821e+00 -2.40410856e-02
  -2.26228363e+00  3.26503475e+00]
 [-3.67116059e+00  4.40148859e+00 -2.48900483e+00 -4.21853806e+00
   1.50122497e+00 -3.31598340e-01]
 [ 7.35459006e-01 -4.69963915e+00 -2.20663514e-03 -2.63431212e+00
  -4.81583481e+00 -1.00186422e+00]
 [ 3.71786055e+00 -2.82015016e+00  3.70973679e+00 -4.40165200e+00
  -3.29505120e+00  1.23665850e+00]
 [-8.49711445e-01 -3.12491282e+00  1.05931697e+00 -4.12029463e+00
   8.20486067e-01  3.11329068e-01]
 [-4.41528516e+00 -3.97131477e+00 -9.51115889e-01 -1.78673841e-02
   4.50279708e+00 -3.32968013e+00]
 [ 1.23340089e+00  3.57179021e+00 -7.08733248e-01 -1.14338197e+00
  -1.95371383e+00 -1.49608747e+00]
 [ 4.94295922e+00 -3.27821035e+00  3.65490829e-02 -1.65161116e+00
  -4.64335649e+00  4.90243492e-01]
 [-8.50897601e-01  3.24885003e+00 -4.23064298e+00 -3.52960468e+00
  -5.48042846e-01 -6.38900961e-01]
 [ 9.45512584e-01  4.39867471e+00  4.53036230e+00 -1.36976059e+00
   3.97221529e+00 -1.32693651e+00]
 [-1.78126892e+00  3.99670918e+00 -2.60463010e+00 -2.16308583e-01
   1.65347609e+00 -5.45290743e-01]
 [ 2.16799453e+00 -2.02702684e+00 -3.11897439e-01  4.73063933e+00
   2.97801857e+00 -3.87310353e+00]
 [-2.04870428e+00  2.89707639e+00  3.70632998e+00  3.61336644e+00
  -1.64928423e+00 -2.95697752e+00]
 [ 1.01695570e-01 -3.62371977e+00  3.43070238e+00 -1.04235125e+00
  -1.10505725e+00  1.91954264e+00]
 [ 6.18582037e-01 -3.97906735e+00 -2.10283401e+00  1.10685773e-01
   3.09420840e+00 -2.80431236e-01]
 [-4.84091616e+00 -4.63263612e+00  9.12591896e-01 -2.82510112e+00
   9.34847485e-01  6.23125292e-01]
 [-2.62709237e+00 -4.42430026e+00  3.84642762e+00  3.56750427e+00
   3.41973083e+00  5.47785039e-01]
 [ 3.87594685e+00 -4.89940852e+00 -9.31163518e-01 -3.81404148e+00
  -2.37924304e+00 -3.61115718e-02]
 [ 2.66852943e+00 -5.96200524e-01 -1.43323656e+00  3.76217627e+00
  -4.36744181e+00 -4.76080514e+00]]
