[[1.00000000e+00 7.58551866e-61 4.51012536e-49 4.46485446e-45
  8.07014257e-49 8.57552285e-45 2.79980728e-46 1.22101423e-40
  2.63453417e-47 8.42927833e-50 1.00000000e+00]
 [7.58551866e-61 1.00000000e+00 8.50945627e-49 7.02891196e-48
  3.53819165e-78 1.72355860e-43 9.72023282e-46 2.44430576e-42
  4.70254139e-40 2.35201517e-47 1.00000000e+00]
 [4.51012536e-49 8.50945627e-49 1.00000000e+00 8.75353965e-46
  4.11120461e-43 7.29457585e-93 5.19986156e-43 1.30830674e-48
  1.33752620e-48 2.47106049e-52 1.00000000e+00]
 [4.46485446e-45 7.02891196e-48 8.75353965e-46 1.00000000e+00
  2.07604731e-41 2.98999748e-46 6.65121041e-46 2.11770985e-45
  5.96216097e-89 1.75722062e-44 1.00000000e+00]
 [8.07014257e-49 3.53819165e-78 4.11120461e-43 2.07604731e-41
  1.00000000e+00 5.33887355e-43 6.85811225e-43 2.67929809e-41
  5.02099445e-44 7.56459589e-50 1.00000000e+00]
 [8.57552285e-45 1.72355860e-43 7.29457585e-93 2.98999748e-46
  5.33887355e-43 1.00000000e+00 4.37955661e-42 2.37306908e-46
  4.51037949e-43 2.34988832e-46 1.00000000e+00]
 [2.79980728e-46 9.72023282e-46 5.19986156e-43 6.65121041e-46
  6.85811225e-43 4.37955661e-42 1.00000000e+00 4.01534771e-84
  1.97595001e-41 1.30032531e-43 1.00000000e+00]
 [1.22101423e-40 2.44430576e-42 1.30830674e-48 2.11770985e-45
  2.67929809e-41 2.37306908e-46 4.01534771e-84 1.00000000e+00
  3.77138495e-44 8.98270088e-41 1.00000000e+00]
 [2.63453417e-47 4.70254139e-40 1.33752620e-48 5.96216097e-89
  5.02099445e-44 4.51037949e-43 1.97595001e-41 3.77138495e-44
  1.00000000e+00 1.12824729e-55 1.00000000e+00]
 [8.42927833e-50 2.35201517e-47 2.47106049e-52 1.75722062e-44
  7.56459589e-50 2.34988832e-46 1.30032531e-43 8.98270088e-41
  1.12824729e-55 1.00000000e+00 1.00000000e+00]
 [1.00000000e+00 1.00000000e+00 1.00000000e+00 1.00000000e+00
  1.00000000e+00 1.00000000e+00 1.00000000e+00 1.00000000e+00
  1.00000000e+00 1.00000000e+00 0.00000000e+00]]
