[[-0.12361085 -4.27967551 -0.91495579  4.14672857  2.9085955   1.74816565]
 [ 1.68650093  2.78927933 -4.99988563 -0.96094522 -3.58080549  2.29361415]
 [-1.85961306 -3.65443927 -3.60323253 -4.69766743  0.69187711 -2.44131017]
 [-3.81373979  3.13002857 -2.97261241  2.44789353  1.98886109 -3.3147805 ]
 [-2.79554775  0.42110763  4.57411761 -2.32953249  3.21162812 -1.30767738]
 [ 0.09834683  4.05336255  3.01936696  3.67883553 -0.83016958  3.26554666]
 [-4.582978   -1.80189851  0.95788953  0.53316528 -4.85324411  0.31551563]
 [ 4.49157316  1.83462567 -1.19925543 -1.03173842  4.58930554 -0.1218575 ]
 [ 2.28044399 -2.12188256  2.10322601 -3.46118327 -1.68657582  4.69975836]
 [ 3.28777534 -0.10539334  1.01828828  1.75014431 -2.5826952  -4.90766141]]
