[[-2.29549429  4.86077521 -2.5996917   4.70962568 -4.65441302  3.52717858]
 [-3.40885589  4.13851104  0.65908164 -1.43980682  3.97738082  2.12974396]
 [ 4.47042634 -1.82387359 -4.21072377  1.10190904  0.10081966 -3.47134499]
 [ 1.09738375  0.41682201 -1.36419652  3.73227219  3.55758539  4.36443109]
 [ 3.12633901  3.42619931 -4.09437004  0.05233279 -4.82366072  2.56546166]
 [ 2.36936898 -3.64023279  2.28508407 -4.62179907 -1.60455769 -3.52317947]
 [ 1.99183325  4.88862411  0.62408061  3.78895274 -4.01539816 -2.37510149]
 [-3.02915871  1.03313333 -1.51217711  4.96893408  0.51142219 -4.11050496]
 [-4.68952423  0.34347963 -4.98050061  0.62646945 -3.69507678 -1.24702439]
 [-1.698955    3.63036627  0.52176622  0.0713536  -3.01127758  2.65357515]
 [-2.76397813 -4.41114739 -2.17189355 -3.64531221 -1.82350712  0.89866527]
 [-2.7468658  -4.85199999 -1.06039665  2.31585322 -1.43036272 -2.54289122]
 [-4.71118271 -1.41500171  1.70898318 -0.55135601  0.70549865 -3.05196651]
 [-1.99763153 -3.07751955 -3.14052572  1.19207202  4.09193407  2.26912263]
 [ 2.79022856 -1.15164025 -2.96694969  4.67143134 -3.44564984 -2.55717048]
 [ 0.9615861   2.28514155  0.52665326 -2.1518356  -1.360397    1.45832535]
 [ 4.13098925 -2.36103903  1.75504743 -0.32976575 -2.91412166  2.21745823]
 [-3.35697679 -3.7490384   2.17318108 -2.92978499  2.47903942  3.80357408]
 [ 3.39784262 -3.59036504  0.66948867 -3.84877484 -4.1918188  -2.7549384 ]
 [-3.19713037 -2.69618294 -0.89434996  0.16600785  3.82849289  0.31427256]]
