[[ 3.17809944  4.78924766  3.70979263 -2.73747167  4.17086042  4.74934115]
 [ 2.97728463  3.88894024  3.52148249  3.36107396 -2.27775485  3.70432426]
 [ 1.63299322 -2.57303935  4.01442398 -4.86741467 -0.75047984  4.9198523 ]
 [ 1.54608546  3.91891732  1.4828286  -2.09877541 -1.74534743 -0.20811305]
 [-2.3321921  -0.77485722  3.66756274 -1.51177116  3.6341366   0.41055586]
 [-3.03647559  2.22556672  1.21917457 -0.35807677 -1.53736583 -1.32987866]
 [ 0.09137677 -2.17622136  0.54783084 -1.63551848 -1.95501525  3.49292935]
 [-1.53529607 -2.07178069 -4.51641919 -2.30560476 -4.08550632 -0.98738398]
 [ 0.05732342 -2.84084117 -4.8538992  -0.66128644 -0.44492469 -0.66364263]
 [-3.63473985  2.13028434  1.95348143  0.15791698  0.10546991  0.79199416]
 [ 3.63211028  3.90151286 -0.21303098  3.24365765 -3.710154   -2.43607982]
 [-4.93856006  2.81061523  2.04237851 -3.1577699  -3.8119014   0.00856179]
 [-3.04308749 -4.48536559 -1.85361454  4.34724724 -2.61751774 -4.58386171]
 [-3.60571796  3.52641758 -2.83065076 -4.84537199  4.02285238 -0.28352141]
 [-1.23406274 -1.85427707 -1.31315029 -0.85680494  4.74421953  1.86269549]
 [ 3.84641246  0.57667253  2.45435729 -4.00843825  1.24872651 -1.57806692]
 [-3.25977593 -4.82639767  1.47020496 -0.48017698  2.25364541 -1.55174204]
 [-0.8347027   4.19761349 -3.08466094  1.66244868  3.82929984 -0.23758647]
 [ 3.72048092 -2.96085841  2.7010843   2.60118059 -0.52668433 -4.53755567]
 [-2.01553213  4.51490011 -2.35916241 -2.09068448 -1.8330959   4.04670455]
 [-3.39715087  0.84012383  2.51182013  3.92235113  0.55704193  4.34075609]
 [ 1.70391495 -0.63792255 -3.73434962  1.85365543  3.41398902 -3.16164866]
 [-2.35973506  0.92042372  4.60384038  0.42090927  4.34187427  0.78250089]
 [ 4.58409895 -3.93221407 -4.77271319  3.99693982 -1.30022743  3.68162142]
 [-3.94704148  2.20161828  1.26737215 -0.34487021 -2.24548796 -1.0885804 ]
 [-1.34060941 -0.48040835 -4.90786874  4.03463534  4.36305683 -1.59542717]
 [ 2.48680738 -4.56647687  4.59013771  3.15438887  0.77958467 -2.86246578]
 [ 3.6006631  -1.63809251 -2.90892673  3.93033496  0.66088204 -1.31361601]
 [-1.96941388  2.83101758 -3.01029676  2.06381693 -0.8714308   2.0271346 ]
 [ 0.2607249  -2.23859402 -3.84170544  3.68617371  1.23680648  3.87068137]
 [-3.81891104 -1.11564865 -1.30263927  1.00643364  1.72777212 -0.9404411 ]
 [ 2.01093359  4.5981913  -0.94790983 -2.60912691 -4.38483592 -4.47780038]
 [ 0.42485474 -4.98895601  0.62171581  0.34182409 -2.62516664 -2.40657804]
 [-0.51710571 -2.35522349 -0.89009263  2.44492377 -1.69863915 -2.63620732]
 [ 3.50345861  0.13983093  3.36483047  2.0542681  -0.38412688 -0.73750362]
 [-2.97860203  1.99572593 -0.76643717 -3.8523919  -1.74792253  2.4289167 ]
 [-3.71065557  4.89975774  4.4376113  -3.44678532  0.25815653  4.93766836]
 [ 2.11661009  3.18818098 -3.83301626 -1.95095083 -2.6592859   2.60337461]
 [ 2.26164199 -1.09220135 -2.28935783 -1.40508202  1.58004002 -0.81109495]
 [ 4.05810064 -3.12160074 -1.54588362  4.03116511 -2.31992997 -1.34673925]
 [-0.02463662 -0.34975299  0.55245258 -4.19618567  0.61853894 -3.88309987]
 [ 0.06236592 -0.39213894  4.86240937  0.97497555 -3.28493566  4.7406662 ]
 [-0.69516651  4.07564987 -1.09978203 -1.79657489  3.11043996 -0.99214642]
 [-0.620178    3.39111592 -4.88801427  1.15401216  2.94666813 -1.74694211]
 [ 4.93696715 -1.79349883  2.63143987 -4.05506841  0.97409591  1.78808421]
 [ 2.42874075 -3.72883541  1.46675081 -4.16139305  0.75477527  0.49823327]
 [ 2.68819875 -4.43085664  2.39876    -2.48872134  0.86993458  3.77692483]
 [ 1.60823069 -0.02084459 -0.62157068  4.184188    4.78374552 -1.22922103]
 [-3.61985737 -1.69205116 -3.45955803 -1.77386984 -2.61279359 -4.57157467]
 [ 1.87465492 -4.06507123  2.48023751 -4.67298308 -0.92047477  3.14453841]
 [-1.91558911  3.99127078  0.91887566 -3.39328852  0.46580164 -1.69458947]
 [-0.48211811 -2.86691196 -1.48647735  1.69549192 -4.28498386  4.90905323]
 [-4.64079078  3.47781737  0.90649559  3.2078325   2.74982613 -1.35985627]
 [ 3.41745956 -1.72215519  2.74877726 -3.37748299  3.82010147  1.83838855]
 [-3.6905653  -3.94427994  2.79328742 -2.67871658  3.97746383  0.56318926]]
