[[ 4.23129167  0.71355237  2.98644649 -4.09420336  0.42352707  1.7122541 ]
 [-1.49075269  4.96023115 -4.16203407 -1.13546368 -1.85532674  3.06254002]
 [ 3.11774276  1.82304489 -2.45640055 -3.84148481  4.33275577  2.41997321]
 [ 4.4497257   0.8771038   0.75277691 -2.90136328  3.85995018  2.79789934]
 [-0.26095064  1.41617751 -3.16021356  2.66950173  3.81553218  3.41489637]
 [-1.48528329  4.94669578 -3.97429142  1.36637258 -4.82378057 -0.80792195]
 [-3.33930118 -0.58865751  0.97671336  0.87846926  1.77260299 -2.65025577]
 [-3.40248413  0.79649647 -3.95266967 -2.06404169  4.11521443  2.83366678]
 [-2.58184229 -3.30686767  3.67175627  1.35792854  0.71605562  1.42687216]
 [-4.00246571  1.89904629  4.80880461  2.00287897 -2.34273699  4.15325736]
 [ 3.4093571  -0.00695748  4.52396364 -0.24628616  1.15630872  2.21308427]
 [-3.6437955  -1.04391095 -0.20568395  1.18080612  0.84154927 -3.72421777]
 [-3.23613817  2.89518475  3.59703826  4.20253845 -4.13352283 -2.05912632]
 [-0.65585046  3.28811193 -0.8136312  -3.68694033 -4.68605433 -4.60561498]
 [ 2.81442177  0.35204128 -1.90760619  2.26832464 -3.73405927 -1.6025559 ]
 [ 3.37836661  4.01972721 -1.89103005  4.67244448  3.77035265  3.87211595]
 [-2.55159745  2.79988367 -1.89514543 -1.73989407  2.3757109   0.69700711]
 [-2.3717141   1.33467408  0.18998864 -4.17812221  2.72336816 -0.81403886]
 [-2.91942704 -0.26219202 -4.26675204  0.40643179 -4.44918402 -3.44818522]
 [-3.70438399  2.45089771 -1.19047314 -3.22495205 -0.15273377  2.36672676]]
