[[ 0.98252074 -4.86592124 -1.87605769  4.42351786 -1.26793052  4.78301922]
 [ 3.84055649 -0.39684487  0.25585508  4.90654942 -3.78885827  0.13445571]
 [-3.05954354 -2.28290496 -2.35221201 -3.38899267 -2.90353147  3.93828107]
 [ 2.70034337 -0.2342442  -0.36773863  3.12277761 -3.56972112 -1.26583042]
 [ 2.65005134  4.91881512 -0.34745147 -1.37762253  1.28224131 -2.17387618]
 [ 1.15515989 -1.00157523  0.64823477  3.9259888   2.1143442   1.48953753]
 [ 1.68100221 -3.53452666 -2.38060244 -1.50324984 -4.16094971  2.27307703]
 [-1.41652679  4.07587707 -2.87473913 -4.85403206  3.70031464  4.61122628]
 [ 0.20747875 -0.07601006 -0.87212409  4.63401796 -0.85633154 -0.46295262]
 [ 3.17585038 -4.24295471 -4.45131032 -3.10292478  1.20461841  3.07361059]
 [-0.52054588  2.97063993  4.20548942  3.35618158  4.91777357  1.53832168]
 [-1.23142376  4.36062069 -4.40562888 -1.91678497 -2.61579717 -0.50811836]
 [-0.91052374  4.52772881  4.47356587  3.65265005 -2.34893422 -1.24555946]
 [ 0.24199483 -0.68498127 -2.74305638 -0.46728455  3.05659072 -3.75621715]
 [-0.12731167 -3.0949384  -4.56748722 -0.90086612  4.52521778 -2.69038013]
 [-3.43007629 -1.70044942 -3.58154091  0.73479336  4.58502293 -1.02003174]
 [ 2.05223302 -2.3904121  -3.2167616   2.46534191 -1.18712768  0.5872447 ]
 [-2.8977676   4.3582572   3.68209058 -2.43985338  3.80638525  2.36301358]
 [-0.02066726 -3.39719885 -1.82008786  3.10278505  0.3538942   4.17057259]
 [ 1.85232582 -2.72132182  4.51930635 -4.15248578  4.06765219  1.24729   ]
 [ 3.7967971  -3.83938414  3.86974613  0.02301734  0.44166304  4.07486483]
 [-0.84581735  3.78642685 -1.82157118 -0.64683522  1.03904256  0.14449002]
 [-4.32550724  0.92087625  3.63271693 -3.76644879 -2.13239305 -4.63577242]
 [-0.01268579 -4.73141693  0.10915869 -2.07366999  4.83323659 -2.68906099]
 [-3.05151854  2.67869969 -3.47307892  0.62546888 -4.48220632  3.55268184]
 [ 1.41305951 -0.68029048  1.38552459 -4.07159098 -3.54023457 -1.522707  ]
 [-0.70603862 -4.69446637 -0.64699847  1.08182333  1.62915387  2.96078287]
 [ 3.02056225  1.5908203   4.82556137 -2.78563537 -1.04159909  1.74398707]
 [-1.87859166  2.1277668  -0.64063111  4.29239091 -4.74672389 -2.19434071]
 [ 1.56810494 -0.14957902  4.55411908  3.4881464   3.36425243  2.09925999]
 [-1.33042267 -1.22460756  1.66274212  1.05512944 -2.75834181  1.3024211 ]
 [ 4.15672854  3.81005616 -4.89943639 -3.9435654  -4.15125048 -4.51644817]
 [-4.22941409 -2.51678562  2.06062887 -0.35580961 -3.52328471  3.50997017]
 [ 2.56765508 -1.07029413  3.26806014  2.11075391 -3.45614153  3.55604828]
 [-3.91538021 -4.95218403  2.46694514 -0.82844745 -2.58537392  0.03124324]
 [ 2.47970875  2.63602878 -0.19591188 -1.80343935 -3.35306654  1.14413773]
 [ 1.14666516  0.58163839 -0.42955026 -2.58734819  0.70494437  3.19532161]
 [ 1.25865785  1.82062263  2.71807582  2.17451576  4.39511752 -4.56622751]
 [ 4.27306079  4.45229134  2.05109918 -4.62186595 -2.86315766 -1.63970391]
 [ 1.75724521  2.11970073 -3.86272036  2.0530146  -2.4406962   1.55432404]
 [-3.07266715 -3.75921731 -0.37315219  0.39829983 -1.62739973  3.86824884]
 [-1.44442639 -4.37230179 -0.31455629  1.80181855  4.68670401 -0.88670679]
 [ 4.75534563  3.47649542 -3.49816627 -0.15870892  2.20097672  2.50607485]
 [ 2.86784885  1.65956172  2.15074435 -1.30691298 -1.5506812  -0.35085034]
 [ 0.56821525  0.57382939  3.77256795 -3.56933456  3.12863649 -4.0773784 ]
 [-2.24673264 -4.98292309  4.73036169  2.45409576  2.61840844 -0.45804636]
 [ 4.21106229 -1.24583939 -4.68080978  1.86382176 -2.37812592  0.94276188]
 [-3.37148414 -4.12936384  4.38563206 -3.45893772  4.22503941 -0.84008141]
 [-3.82311155 -1.70454212  1.11625713  3.55285954  2.31045066  3.89912692]
 [-2.01017142  3.63228548 -3.71917967 -0.50869141  0.36420172  1.48012568]
 [-4.69893717 -0.36367809  0.15146698 -4.3163455   4.74433409 -2.79247596]
 [-4.882982    0.59926753  0.86145043  4.3827389   2.85628345 -3.34802168]
 [-1.798744    0.0385502   1.02450194  0.73666363  2.18131929 -3.96625714]
 [ 3.17826189  3.94669929 -2.84354861 -4.02930313 -2.18413912  3.72570412]
 [ 4.10522789  2.89077003 -4.99245511  2.91130648 -0.60657509 -3.16963194]
 [-2.91408029 -1.51773134 -2.49942143 -4.48659059  1.0898407   3.18418245]
 [-0.9838307   0.2440186   4.98429258  4.66558993 -1.07020356 -0.09979034]
 [-3.1297997  -3.78015883 -3.62773305  0.1741549   3.03823694 -4.88369307]
 [ 1.19916619 -3.27386398 -2.34742108 -3.27925656 -2.3873453  -1.46329419]
 [-0.77775198  3.06468943  1.32495052 -4.28979435  3.49558249 -4.70348592]
 [-3.76314947  4.01955701 -2.98127362  1.37259073 -3.02158755 -1.93933171]
 [-0.37156747  2.66773754 -3.4867437   0.33711683  0.63805232 -0.19367121]
 [-3.69358656  1.8364473  -2.13283509 -3.08580106  3.5196748   3.34750717]
 [-2.13868521  0.24917801  3.77379482  2.92797493 -2.58431675  3.84389437]
 [-0.43924005 -4.7585742   1.18284377  1.34393903 -2.61734715 -2.56135469]
 [ 4.47471905 -4.57197191 -2.05298628 -0.89427308 -4.9231771   0.7608361 ]
 [-2.63633903 -4.84681875  3.38623491 -2.83975758 -1.12185837  3.29276982]
 [-2.75330378  4.62065154  0.96670672 -3.09131327 -2.79942546  0.61857532]
 [ 2.84539681 -4.52348658 -2.12503375 -0.07236464 -4.79871912 -2.25868968]
 [-1.5951809  -1.35903709  0.41168784  1.48659821 -3.91917954  1.92816586]
 [-1.7509471   0.0559635  -2.74101258  3.89356158  1.92549247 -1.92174844]
 [ 4.08322262  3.02804893 -0.94793441  1.24975459  1.02816447 -2.98097776]
 [ 4.19253947  3.67517098  0.19887782 -3.60142772  2.84409358 -0.66685697]
 [-4.29979758  1.71189952 -1.8832413  -0.41635856  0.49048818  3.90675138]
 [-0.12910862 -1.0055077   4.0517221   3.95169049 -1.55235607 -0.08570404]
 [ 2.92273109 -0.64485188  3.62702199 -3.67204302  0.70064806 -1.41873058]
 [ 2.49953376 -0.52027818  4.45702224  2.92414891  4.87479594  2.50722776]
 [ 4.8330322   1.31164087 -2.53124325 -4.70194385 -0.64632795 -1.30299207]
 [ 1.9285648  -0.23720706 -2.19635873 -4.78984716 -4.86717842  3.90158052]
 [ 4.70170073 -0.94511592  1.71285111  4.31469476 -0.9616915  -0.41204226]
 [-2.73086237  3.35434212  2.61209325 -1.08389061  0.25577473 -4.03575715]
 [-1.01717245  4.95900058  3.37742386  2.47312042  1.683442   -4.39300925]
 [-4.14112223  0.57732567 -4.21738268  0.88973075 -3.66888444  3.58879088]]
