[[-4.8819383   3.47543476  2.79668522  0.89741429 -1.45338834 -4.44065829]
 [ 1.89400776 -0.97352371 -3.03466934 -3.32281208 -4.751408   -4.61806008]
 [ 0.44066182  3.69288729  0.40346433 -4.83929458  4.71674983  2.00545109]
 [ 4.6652475   4.90405631  4.84037754  4.91420083  1.95767435  1.35869126]
 [ 0.11313737 -4.04329564 -4.78575198 -0.94959164  0.2966406  -0.88764805]
 [-1.40631756  1.49351905  0.85026097 -0.9993537   3.35322794 -3.13232559]
 [ 0.16200711 -1.37087905  3.02213808 -1.27844045 -4.48968849  4.36913715]
 [-0.9292278  -3.96439649 -2.41280919  1.20642777 -0.21860342 -1.14189579]
 [-2.77637253 -3.77139424  0.24482151 -2.21751802 -4.22042845  2.50656356]
 [ 3.73377575  0.40755241  1.3153427  -3.37545772  3.2230037  -1.06783273]
 [ 0.61163427  3.40789519  2.40983617  1.93930992 -2.25671621 -1.36628818]
 [ 3.10701362  0.18009984  2.73323223  4.2589702  -4.20294638 -0.18386378]
 [ 2.3305965  -2.73295656 -3.48610908  4.98929779  1.00021566 -2.49799844]
 [-3.60397724 -0.75155176 -1.48239171 -4.72398116 -3.69081904 -0.29139846]
 [-1.09952877 -3.74356941 -4.84042504 -2.09425128 -1.99219888  0.11498864]
 [-3.04457888 -3.60285657  2.10462566 -0.16880558 -3.16625475 -2.64143713]
 [ 1.21030304 -1.90901394  4.54345462  1.23560268  2.03998817 -2.37325956]
 [ 2.63438192  1.80273686 -0.86663278  0.71376404 -1.09931865  0.12115605]
 [ 1.60587089  2.36611449  4.07680788 -1.47197822  0.80994257  3.49228631]
 [-0.04413214  2.81750397  2.5493187  -3.06611962  4.8322754   1.09250928]]
