[[ 2.1369591   2.22270568 -1.60258609  2.63703438 -2.39105148 -2.16580768]
 [-2.39323959 -2.77169625 -4.88603543 -3.87619916 -0.59580979  2.23252764]
 [-1.6414663  -4.5485726   2.9626099   3.1355178  -0.04054543 -2.17215616]
 [-2.29714337  2.07113268 -0.23998576  3.94844648 -2.12077394 -1.88369934]
 [ 2.42378021  1.75356194 -2.01155911 -1.72963889 -1.54462264  3.98587359]
 [-0.7375658   2.70475389  0.13483531 -0.43562213 -1.13754893  3.52776037]
 [ 2.34528119  4.72999185 -0.09131402 -4.110051   -1.80135308  2.67992383]
 [ 2.41901488  2.48099767  3.78767869  4.23734799  4.83558191  3.0030789 ]
 [-3.19701645 -4.4556117  -1.58963097  1.54133775  4.65384972 -3.45209972]
 [-4.72457492 -2.7669848  -3.94151896 -4.97203845 -0.66915193  1.49555741]
 [ 2.62001373  4.71318398  1.81774011 -3.79302545 -1.42848509 -3.86830554]
 [-4.90949789 -3.8181081  -1.36206517 -4.97426366  0.48435807 -1.49942398]
 [ 2.01478898  1.3805237   1.98101786 -0.28316133 -3.49332135 -3.10905597]
 [ 2.54083023 -3.34058546 -3.4956852   3.44468247 -2.18205655  2.17960549]
 [ 3.22628944  2.15366776  3.61597935  2.59881454 -2.33379938 -4.94225219]
 [ 4.5257409  -3.10971784  4.38428896 -0.65460066 -1.25044061  0.79275182]
 [ 1.160249   -2.08071008  4.06013611  1.47530982 -4.99299252 -4.1161379 ]
 [ 2.06657628  3.74733839 -0.5632097   2.32885601 -2.84053195  0.02379929]
 [ 3.07993042  0.13975502 -4.66956681  2.04781144 -4.36285285  1.03894265]
 [ 3.27655358 -4.53518686 -3.05261264  0.99072894 -0.43558095 -2.55050151]
 [ 2.37846754  2.4827585  -3.05552365  1.49117801 -0.3208248  -2.05385436]
 [ 3.88314502 -4.93991114 -2.63527682  1.19333502  1.54970548 -3.3101514 ]
 [-0.77204251  0.69971613 -0.84309418  3.1596949  -1.8892219   3.04582239]
 [ 3.06890642 -2.06195371 -2.21339968  2.49596585  4.87487369 -3.57222191]
 [-1.84750723 -1.04186575  0.02366717  1.23032213 -4.3756233  -0.90133907]
 [-4.53987506  2.83485289  3.18408116 -4.66358414 -3.83188027 -3.49447884]
 [-2.24917425  0.18530874  0.68624423  4.20470536 -2.49720953 -4.62767994]
 [ 2.25242496 -1.0572931  -0.71218733  1.42954877 -1.89572484 -1.8298002 ]
 [ 2.42763053  0.75005492  4.24104971  1.40116054 -3.61221863  0.02721898]
 [-0.5039072  -2.22988363  3.19414923  0.12226216 -4.39521255 -4.46416588]
 [-0.15705412  1.13422325  4.48018724  2.00187636  1.8073166   1.98663944]
 [-2.57492664  1.48429387 -1.07472018 -4.56355462 -2.84858522 -0.62684581]
 [ 2.07660405  0.27331832 -0.27532314  4.52213856  4.79165464  2.01636646]
 [-1.72930887  1.65475857  1.85328452 -2.79850178  1.68641449  0.78279931]
 [ 1.95706504 -1.82236237 -3.33874549 -1.19155247 -3.6117265   0.54541271]
 [ 4.50025222 -3.30514493  0.46766986 -0.96690125 -3.41408306  1.50211307]
 [ 1.43681419 -2.56552144  3.37882625  2.61508325  1.72055518 -1.67058851]
 [-1.34142131  0.91288106  0.97633834 -1.71405494 -3.32687981 -4.55494523]
 [ 2.62870865  4.3631912  -1.87462815  3.73203279 -3.87312884 -1.60107573]
 [ 2.39121522 -2.04907373 -3.97969896 -1.40028612  2.65235088 -2.88935137]
 [ 1.76489396 -2.26613105 -0.77686126 -2.34603842  0.434478   -0.00580448]
 [-3.67013429 -3.98927831  3.32749683  4.25740798 -2.6356833   4.04578083]
 [ 2.60154282 -0.11688577  1.71901283 -3.33725315 -0.30942725  4.37356033]
 [ 2.45543649 -2.84622062 -0.79745506  0.97150518  0.2798803   2.17284855]
 [ 0.22859497  3.52846338 -1.27870663 -1.93602901  0.62699964 -0.26915165]
 [ 1.1828872  -1.22370528  1.04840565  1.87477837  3.55089983 -3.34827056]
 [-3.45325955  2.45913939 -1.62835234  4.95758818 -0.81948582 -2.00882648]
 [-1.10541595  1.48751515  0.11250605  4.52362545 -4.46660312  1.24295672]
 [-0.67478044 -4.19759403 -0.21107631  0.23763821  3.8801049  -3.87769969]
 [ 2.91905054 -3.44274704 -0.31797887 -0.02498958  0.58048768 -2.54096073]
 [ 2.07946783 -4.81333498 -2.88641425  2.41456059  4.34999224  4.09645389]
 [ 1.05363855 -0.2068592  -3.55354376 -3.18413301 -4.05320612  2.8270875 ]
 [ 2.43392955  1.88716159 -3.26026783 -4.42778633  3.48223777  2.91540819]
 [-2.90327316 -3.21040307  0.4365733  -3.72741005  0.84988122  3.73702134]
 [ 4.62988882 -0.93465549 -3.17101846 -4.38809299 -3.27705281  0.13010057]
 [ 0.25462569 -2.99355265  3.63782103  2.2213248   1.77729887 -4.3851601 ]
 [-3.89699998  2.63597456 -4.68310718  2.07466164 -0.7683524  -4.09335666]
 [-2.06836721  3.16112851 -1.47406811  3.70244751  1.34608454 -0.35220281]
 [ 2.66792781  3.07117198 -1.01666474  4.43023854 -2.20551666 -3.10969653]
 [-2.62500866  2.56309866 -2.10172048 -0.14148354  0.63723469  4.82413108]
 [ 0.0316018  -3.06627492 -4.19085482 -4.97982968  1.48755855  3.40861545]
 [ 4.03104332  1.58544522  1.65711298 -0.06850519 -3.33379357  4.4853955 ]
 [ 3.26937903 -4.6789079   2.13489172 -2.46034289  2.44124001  2.43622755]
 [-1.7680502   0.83675002 -4.66158284 -1.39259966 -1.50157163  1.88825446]
 [ 1.32317615 -3.19746478  2.13924548 -2.14155122  0.82310243 -2.69810909]
 [-1.61235434 -4.97794136  2.14263699  0.00974075  3.04107294 -4.64799604]
 [ 3.08480753  2.67755945 -1.07557372 -2.45187321 -4.50710563 -1.41641763]
 [ 3.61556353 -2.84444625 -3.80763872  1.84345737  2.42213595 -4.45786781]
 [ 4.43690004 -2.8751316   0.05564829 -4.70373435 -1.9250536  -4.80985592]
 [-3.45661114  2.47367142  3.64419233 -2.22584151 -0.10222087 -1.35730037]
 [-2.67034821 -1.87081302 -1.79948707 -2.48405438 -1.06742688 -0.34238382]
 [ 4.9276592   2.0912135  -3.9656836  -4.30679891 -0.67910275 -0.24206183]
 [ 1.413371   -4.09717454 -2.39829024  3.84179929 -2.95886046 -2.22484551]
 [-2.69141303 -4.90825891 -2.62771836  1.622421   -2.18696382 -4.93091157]
 [-3.3309656  -2.23893806  3.8197223  -2.69321079 -2.68938194  1.55138713]
 [-0.92211926  0.03936649  4.28567411 -0.5370551  -0.91676193  3.33910166]
 [ 0.84221837  2.89459436  1.39888264  2.41165946  3.11555146 -0.5803737 ]
 [-3.17333476  4.06267789 -2.90509315 -0.76327746 -3.21359426  1.08933882]
 [ 4.95008718 -2.62055654  4.41820486 -4.94878077  0.0209698  -4.67074916]
 [ 2.49315042 -4.88501986  0.5464347   1.34769821  1.16301828 -2.08639359]
 [-3.62489297  4.04674698  0.07907046 -4.63280701  2.40915059  4.46183311]
 [ 0.22019233  2.70384143 -3.3978443  -1.91673687  2.45471934  4.34965004]
 [ 0.16255523 -2.68480505  0.38720285 -4.0066359   3.75544284  4.45306378]
 [-1.8432084   0.83836061  1.35539217 -0.79658033  0.53688399  4.89924573]
 [ 0.48933738  1.4533742   1.39005353 -0.3785994  -3.8483786  -3.19860143]
 [-2.98849103 -0.48116922 -0.69140402  0.98281792 -3.82924856 -0.87259639]
 [ 1.92313027  0.25351118 -2.37443137 -4.90166152 -2.55227292 -0.03008917]
 [ 0.79884533  0.22052632  1.45752011  3.60904577 -4.18378658  1.43260375]
 [-2.71898789  0.41702191 -2.56611792  1.21734202 -2.75538818  2.88696323]]
