[[ 2.34616111 -2.79016576 -2.05986405  1.13973927 -1.01924224 -0.20358381]
 [ 1.00531929 -3.49346424 -0.58089422  4.95531329 -1.35610914 -4.96625446]
 [-4.33882655  0.72302807  1.94660964  0.70427999  3.48103751  1.90476368]
 [-3.65971384  0.03758748  4.95241923 -4.31464732 -0.56890375  3.20402355]
 [-3.57890815 -3.70073887 -1.89085975  1.86925401  3.37022408  0.79547997]
 [-0.44563084 -1.60908396  4.26308413  2.75232433 -0.40471284 -1.91427546]
 [-3.46565556 -0.52085516 -1.20740855  0.36242965  1.83605761  2.74185642]
 [ 0.21697859 -4.04642805  4.35943451 -2.3407037  -3.30213409 -1.42272686]
 [-3.12035313 -1.24704966 -3.45239183 -4.07405255 -1.92613332  1.01844472]
 [-0.85042471  3.26132734  0.15981096  0.50106536  3.14648331  1.52401308]
 [ 1.9064557  -3.06070603  2.14813424  0.8168486   1.18471112  0.80094481]
 [ 0.42084378  1.18035169  0.56403322  4.84817987 -1.21364166 -4.88785392]
 [ 1.68826248  4.41490607 -0.49349194 -0.43980618 -0.6748717   4.54525577]
 [-0.92251307  4.76982959 -3.29692112  0.61912147 -1.36708926  4.76450369]
 [ 0.12856717  4.44424846 -1.74831999  2.12579866  4.16837065 -2.08917271]
 [ 2.54973603  4.97854638  4.03269274  2.35858337  4.86811742  2.37298472]
 [-2.94476762  2.08289986 -3.01355758  1.08843852  2.99050624  0.7020768 ]
 [ 3.64827338 -1.07954099 -3.98366099  4.31784401  0.05273573  0.16647933]
 [-2.42575759  3.05540636 -0.81285438 -3.69038404 -4.5678719  -2.38829433]
 [-1.33663924  2.82131634 -3.34757699 -3.85217593  4.74355973  1.74151831]]
