[[1.00000000e+000 9.64541514e-060 4.33241327e-066 6.05614614e-017
  4.94147784e-010 1.89327221e-050 1.25159614e-008 1.09851312e-032
  1.35917909e-018 2.25829875e-049 1.11466921e-030 7.16121993e-025
  2.99682546e-032 1.72194119e-037 1.18087064e-045 2.08660342e-015
  1.40898228e-018 1.15852640e-049 4.29624113e-027 1.13304230e-033
  1.00000000e+000]
 [9.64541514e-060 1.00000000e+000 7.57019156e-039 1.15184744e-037
  4.40439471e-078 6.65819808e-051 3.69392049e-066 2.44708259e-082
  6.72837037e-073 1.74676176e-066 6.75416422e-073 4.84687220e-058
  1.03024954e-055 1.53674680e-051 4.83503938e-047 5.11212423e-063
  1.40332186e-053 2.06590554e-054 3.38772454e-080 1.83630979e-064
  1.00000000e+000]
 [4.33241327e-066 7.57019156e-039 1.00000000e+000 8.90953812e-030
  1.78889199e-097 2.93692435e-036 1.61417116e-055 2.03406794e-070
  2.35413011e-097 3.71691963e-073 5.67192790e-058 5.84891985e-070
  9.16782478e-035 2.62973061e-035 1.40767962e-047 4.91017626e-051
  3.55558857e-086 5.85582772e-081 5.26611901e-051 4.22153873e-029
  1.00000000e+000]
 [6.05614614e-017 1.15184744e-037 8.90953812e-030 1.00000000e+000
  6.49219132e-033 1.06909034e-017 8.26696481e-018 8.26537355e-060
  3.94134432e-042 1.57143497e-056 1.39893391e-050 2.83749965e-041
  7.08855892e-035 3.45308938e-035 1.18624775e-033 1.84590886e-027
  5.82011801e-041 8.03992251e-052 1.36025916e-037 1.24025901e-030
  1.00000000e+000]
 [4.94147784e-010 4.40439471e-078 1.78889199e-097 6.49219132e-033
  1.00000000e+000 1.04311240e-067 8.52502808e-029 3.35393118e-038
  2.26274437e-005 1.03294553e-049 1.98828806e-040 3.21797541e-029
  3.30827317e-054 1.00519350e-057 2.35814220e-050 3.18777511e-036
  7.16237778e-010 4.54280060e-050 3.05982181e-032 2.01687072e-068
  1.00000000e+000]
 [1.89327221e-050 6.65819808e-051 2.93692435e-036 1.06909034e-017
  1.04311240e-067 1.00000000e+000 9.82980259e-047 2.36838486e-088
  5.13282298e-069 1.38646096e-045 2.90652705e-074 1.28975836e-063
  5.14533562e-084 1.69333839e-055 1.09254046e-076 2.43314524e-068
  1.78147248e-068 1.21683500e-036 4.37567835e-069 2.03711885e-057
  1.00000000e+000]
 [1.25159614e-008 3.69392049e-066 1.61417116e-055 8.26696481e-018
  8.52502808e-029 9.82980259e-047 1.00000000e+000 1.86662541e-043
  3.85580264e-043 5.51245617e-056 5.45673404e-043 1.77148192e-021
  5.96823285e-032 4.01700860e-021 1.16211896e-066 1.23062546e-006
  4.76327476e-039 4.79192558e-063 3.71013460e-025 5.06161541e-015
  1.00000000e+000]
 [1.09851312e-032 2.44708259e-082 2.03406794e-070 8.26537355e-060
  3.35393118e-038 2.36838486e-088 1.86662541e-043 1.00000000e+000
  9.55400305e-029 5.90907263e-032 2.84374451e-003 1.02708490e-029
  1.42668378e-035 2.94756207e-040 4.24072519e-063 1.04062107e-035
  2.44828939e-024 2.10523878e-051 2.62593165e-018 4.79132560e-046
  1.00000000e+000]
 [1.35917909e-018 6.72837037e-073 2.35413011e-097 3.94134432e-042
  2.26274437e-005 5.13282298e-069 3.85580264e-043 9.55400305e-029
  1.00000000e+000 2.09952737e-034 4.08297238e-030 3.71113095e-031
  2.22165803e-061 2.07346677e-063 5.24386900e-051 1.76343170e-049
  3.86787654e-004 1.29454532e-034 1.61608300e-035 7.27272639e-080
  1.00000000e+000]
 [2.25829875e-049 1.74676176e-066 3.71691963e-073 1.57143497e-056
  1.03294553e-049 1.38646096e-045 5.51245617e-056 5.90907263e-032
  2.09952737e-034 1.00000000e+000 1.61526204e-031 1.22858736e-027
  1.52218827e-086 2.91925122e-045 1.16833235e-098 1.24444271e-065
  1.43188499e-028 7.02173587e-008 4.70802136e-045 1.03939869e-069
  1.00000000e+000]
 [1.11466921e-030 6.75416422e-073 5.67192790e-058 1.39893391e-050
  1.98828806e-040 2.90652705e-074 5.45673404e-043 2.84374451e-003
  4.08297238e-030 1.61526204e-031 1.00000000e+000 4.84644685e-038
  1.34014603e-033 1.52486650e-044 7.69533767e-054 1.09608338e-038
  3.89268455e-027 1.41371742e-045 9.42074640e-024 1.40561045e-043
  1.00000000e+000]
 [7.16121993e-025 4.84687220e-058 5.84891985e-070 2.83749965e-041
  3.21797541e-029 1.28975836e-063 1.77148192e-021 1.02708490e-029
  3.71113095e-031 1.22858736e-027 4.84644685e-038 1.00000000e+000
  5.74199629e-046 4.24412199e-013 4.70821152e-079 3.90322472e-019
  6.21233477e-020 4.62104239e-042 5.31308810e-019 8.64655988e-036
  1.00000000e+000]
 [2.99682546e-032 1.03024954e-055 9.16782478e-035 7.08855892e-035
  3.30827317e-054 5.14533562e-084 5.96823285e-032 1.42668378e-035
  2.22165803e-061 1.52218827e-086 1.34014603e-033 5.74199629e-046
  1.00000000e+000 2.18464421e-029 9.86284172e-027 1.04192327e-015
  5.25865935e-052 8.74788808e-102 6.86264600e-023 3.86244316e-020
  1.00000000e+000]
 [1.72194119e-037 1.53674680e-051 2.62973061e-035 3.45308938e-035
  1.00519350e-057 1.69333839e-055 4.01700860e-021 2.94756207e-040
  2.07346677e-063 2.91925122e-045 1.52486650e-044 4.24412199e-013
  2.18464421e-029 1.00000000e+000 1.38848175e-073 1.76717806e-013
  2.30191489e-048 5.32068053e-065 8.21672306e-018 9.67600918e-013
  1.00000000e+000]
 [1.18087064e-045 4.83503938e-047 1.40767962e-047 1.18624775e-033
  2.35814220e-050 1.09254046e-076 1.16211896e-066 4.24072519e-063
  5.24386900e-051 1.16833235e-098 7.69533767e-054 4.70821152e-079
  9.86284172e-027 1.38848175e-073 1.00000000e+000 1.75775890e-057
  1.55727668e-049 1.60201044e-096 4.14495155e-052 5.84470752e-071
  1.00000000e+000]
 [2.08660342e-015 5.11212423e-063 4.91017626e-051 1.84590886e-027
  3.18777511e-036 2.43314524e-068 1.23062546e-006 1.04062107e-035
  1.76343170e-049 1.24444271e-065 1.09608338e-038 3.90322472e-019
  1.04192327e-015 1.76717806e-013 1.75775890e-057 1.00000000e+000
  1.77270821e-040 3.06290135e-080 5.38745781e-017 3.39678773e-010
  1.00000000e+000]
 [1.40898228e-018 1.40332186e-053 3.55558857e-086 5.82011801e-041
  7.16237778e-010 1.78147248e-068 4.76327476e-039 2.44828939e-024
  3.86787654e-004 1.43188499e-028 3.89268455e-027 6.21233477e-020
  5.25865935e-052 2.30191489e-048 1.55727668e-049 1.77270821e-040
  1.00000000e+000 6.94673295e-030 2.13840147e-032 1.48872531e-068
  1.00000000e+000]
 [1.15852640e-049 2.06590554e-054 5.85582772e-081 8.03992251e-052
  4.54280060e-050 1.21683500e-036 4.79192558e-063 2.10523878e-051
  1.29454532e-034 7.02173587e-008 1.41371742e-045 4.62104239e-042
  8.74788808e-102 5.32068053e-065 1.60201044e-096 3.06290135e-080
  6.94673295e-030 1.00000000e+000 1.95588384e-069 1.54620964e-086
  1.00000000e+000]
 [4.29624113e-027 3.38772454e-080 5.26611901e-051 1.36025916e-037
  3.05982181e-032 4.37567835e-069 3.71013460e-025 2.62593165e-018
  1.61608300e-035 4.70802136e-045 9.42074640e-024 5.31308810e-019
  6.86264600e-023 8.21672306e-018 4.14495155e-052 5.38745781e-017
  2.13840147e-032 1.95588384e-069 1.00000000e+000 3.60504508e-027
  1.00000000e+000]
 [1.13304230e-033 1.83630979e-064 4.22153873e-029 1.24025901e-030
  2.01687072e-068 2.03711885e-057 5.06161541e-015 4.79132560e-046
  7.27272639e-080 1.03939869e-069 1.40561045e-043 8.64655988e-036
  3.86244316e-020 9.67600918e-013 5.84470752e-071 3.39678773e-010
  1.48872531e-068 1.54620964e-086 3.60504508e-027 1.00000000e+000
  1.00000000e+000]
 [1.00000000e+000 1.00000000e+000 1.00000000e+000 1.00000000e+000
  1.00000000e+000 1.00000000e+000 1.00000000e+000 1.00000000e+000
  1.00000000e+000 1.00000000e+000 1.00000000e+000 1.00000000e+000
  1.00000000e+000 1.00000000e+000 1.00000000e+000 1.00000000e+000
  1.00000000e+000 1.00000000e+000 1.00000000e+000 1.00000000e+000
  0.00000000e+000]]
