[[ 1.42158552  2.25873315  4.43287971 -0.58946726  1.96091919 -2.82101591]
 [ 1.90935103  1.90234093 -4.97870888 -1.92824898  3.4819516   3.72419733]
 [ 1.06600727  1.31928143 -3.3867095   2.60245234 -4.48187056  3.23304224]
 [ 1.92478488  4.74535165 -0.06996511 -0.16252546 -1.06054373 -1.67242424]
 [-0.76284874  2.08621503  4.9149468  -4.32390717  2.15807845 -4.37323016]
 [-0.50223681  4.86018547 -4.76121932  2.06191553 -1.30790054 -4.15361915]
 [ 4.17812697  0.8728344   3.30059364  1.32773627  0.23161138 -3.67470111]
 [-3.47193112 -4.11674669  4.72716552  0.30683168  0.71591515 -0.26063976]
 [-3.40560898  0.96947517  3.83031757 -4.36306175  2.96351716 -3.57424811]
 [-4.44917814 -3.16419801 -2.17493846  0.2836669   2.3191162  -4.7141826 ]
 [-4.10190936 -2.37300445  4.07263033  1.50357804  0.72428699  0.49064964]
 [ 2.16319805 -3.96609399  0.95764258 -2.27875738  1.55531769 -3.91737266]
 [ 2.75404882 -0.37154101  4.24669439 -0.40817106 -2.28522933  3.94611481]
 [ 4.02725833 -3.86408406 -0.4709575   0.14688291 -1.77576273 -1.4715152 ]
 [-1.00983153  4.70812848  2.43718393 -4.35355779 -1.81569948  4.86824433]
 [ 4.85599992 -1.22461001  4.00418373  0.22267938 -0.52540281 -1.13305932]
 [-2.09193409 -0.54767541  2.59188172 -4.30224988  3.82238503 -2.32722297]
 [-4.58893262 -0.07259366 -3.31920065  0.16344881  4.67536053 -4.57836717]
 [ 0.23441434 -2.95763336  3.7314376  -1.67914673 -3.4834955  -1.94287678]
 [ 4.71813491 -1.37845285  1.86090586  3.80512478 -2.33331922 -0.10144432]]
