[[-3.46234943  0.26451278 -0.17550066  3.54187237  1.92830653 -3.13794726]
 [ 0.69214504 -4.22227209  3.39165972  3.92255057  4.36283982 -3.70797879]
 [ 3.38092566 -0.90812525  0.69862998  3.09678668  3.18816522 -3.63779886]
 [-1.44865478 -2.19238794  1.8067313   0.2300527   2.1526792   2.99478939]
 [ 0.22067472 -0.31096483 -0.21305586  4.98928526 -4.34602453 -0.78945475]
 [ 0.84509492  1.12647703 -0.2958095   0.10686738 -2.3923152   3.54727985]
 [ 0.8781899   0.41403169  2.05620517 -2.4188616   0.84672636 -4.56274062]
 [-3.86580215 -0.47409043 -4.01780736 -0.26933977 -1.24377967 -4.17289764]
 [-4.08051852  0.30694683  2.39394824  1.56559454 -0.57900115  2.21782719]
 [ 0.49015532 -2.16881079 -0.1532719  -4.13801365 -3.5522457  -2.24156078]
 [-1.6203295  -0.34325782 -4.70088901  2.7546988   4.14178294 -2.63651771]
 [ 4.51558842 -3.5925967  -3.24929242  3.15847792  2.5470243   2.12129279]
 [ 3.16111114 -3.00068023 -1.49636251  4.79231652  3.06259998  2.33999578]
 [-0.1795342  -2.03867313 -4.08662934  3.74612825 -0.53858119  3.39229752]
 [-1.44904663 -0.25259552  0.96050781 -4.11199942  2.62700882  0.72851009]
 [ 0.72876459 -3.33364593  1.07239902 -1.17999779 -4.01080937  3.24246841]
 [-4.91705032  3.52639569 -2.8293513   4.70471298  1.00833999  3.30742553]
 [-1.16872242  3.72580852 -2.18623581 -1.50099265  4.10332425 -1.53644989]
 [-3.24149822  3.60927453 -2.11646434 -1.0026527  -1.73705339  3.43803831]
 [ 0.03258048  1.59405464  3.18263603  2.86952503 -3.27018383  0.93803437]
 [ 1.46784798 -4.43827459  1.7136369  -2.86937741 -1.84104846  1.17458629]
 [ 4.49273667 -2.76844286 -3.7137739   2.64064278 -4.88851031 -1.77856572]
 [-2.73904092 -4.9040623   0.90941669 -1.56825058  2.39960872  0.43153964]
 [ 1.16966954 -1.96052377 -4.85471873 -4.88558063  2.104919   -1.26404199]
 [-4.45595382  2.91129431  2.98607469 -0.71824535  0.09165386  0.48406413]
 [ 0.37125055 -4.18922516  2.76090364  3.19756922 -3.02327304  1.02067862]
 [-2.23894522 -1.8723724   0.06465656 -1.89027556 -4.21679187 -1.04402421]
 [ 1.17212627 -4.26791129 -2.46257801  0.96425776  3.95728892  0.8630959 ]
 [ 0.72665038 -1.79455534  1.48436931  3.47720251 -1.19639762 -1.29134364]
 [ 4.26563261  0.0464183  -2.63198685  1.99062506  3.65347251 -0.93329645]
 [-2.3715825  -0.20765657  0.5979976  -1.1224259   0.50907611 -3.98316485]
 [ 2.7527727   3.69054258  4.99979226  1.95282998 -3.89957436 -0.94559363]
 [ 0.17044766  4.15738814  3.92520698  2.30612725 -2.95042734  0.9531268 ]
 [ 4.87563448 -1.85507042 -0.26940484  0.29379793  0.15820569  2.60208304]
 [ 1.02242743 -3.45182237 -1.90116315 -0.56001372 -0.02232321  1.97294245]
 [-2.42682246  2.56333187  1.99335606 -1.13637214  0.06449137  1.99347515]
 [ 4.37729295  4.44678314  4.33866251 -0.15702652  1.31187216 -0.32464281]
 [ 0.10513381 -3.35579076 -1.11060583 -2.86404975  1.84284508  1.26615619]
 [-3.89909913 -0.67511849 -0.42735306 -1.23589451  0.36931258  4.02909892]
 [-3.90143937 -1.10641472  3.80620587 -3.03771055 -4.88220462  3.66473867]
 [ 0.21698757 -4.46757035 -1.75511719 -4.22080246 -0.02199585  2.35859958]
 [ 1.18287704  2.77109393 -2.5255872  -4.36490895 -2.26909196  1.22276302]
 [-1.3656438  -1.57790757  0.45092114 -4.22682252 -2.47722392  1.067535  ]
 [-0.93286865 -1.03765251 -1.55804385 -3.19238517 -0.71883757  4.02730725]
 [ 4.24538921 -3.51358782  4.58313337  0.25580724 -3.93446451  0.37073542]
 [-4.50890445 -0.55270837 -0.99985201 -1.25531338 -1.42551617  4.51204475]
 [ 4.72583151 -2.11537637 -4.6327782  -4.81715963  1.56344524 -0.80514727]
 [-3.71707482 -2.97443146  1.35230372  4.98714327 -2.52829658 -3.91254823]
 [-3.6719176   4.03686345  0.18986446 -2.65529699  0.45636447  4.56448817]
 [-1.08283966 -3.42472699 -0.67316825 -3.05586073  3.22686856  3.57127538]
 [-4.8750287  -0.02645059  2.24627566 -1.06751569 -1.2420303  -1.23616814]
 [-0.02903038  1.12326804  2.47435803  0.24037976 -1.58483583  3.26327311]
 [-3.18344639 -4.77286734  0.89268218  2.2165936   0.35936191  0.75982066]
 [ 0.09290981  2.33929913  1.93501962  3.24140728 -3.41343869  3.24518551]
 [ 4.62807855  1.48462922 -4.79169483 -2.86447074 -2.718118   -0.36521014]
 [ 1.00927729 -2.49238121 -1.56312276  2.16468106  3.7914271   1.98535675]
 [ 4.08395353  1.34443352  4.12932293 -1.39230498 -0.35721749  3.59975443]
 [-4.81047903 -4.99014279 -0.64004618  3.22344059 -3.92954246 -2.19660246]
 [-2.57985654 -0.0716833   4.03788665  3.95827285  3.14950081 -1.4795217 ]
 [-1.830903    4.61930279  1.03013444 -4.35737013  1.3310614   3.58477261]
 [-2.09952729  0.85126405  2.86382009  0.7127009   1.51289678  0.20084095]
 [ 0.39298151 -0.31851438 -2.79079827 -3.26717194 -2.81711786  4.85110179]
 [-0.28488663  4.18740704 -1.35510035 -4.5433952   2.31045823 -4.20006584]
 [-1.0052355   2.98323763 -0.7804841  -1.62692264  0.90963043 -3.07861632]
 [ 1.03762843 -2.68905471  3.58635668  4.39505645 -1.35001903 -0.39566555]
 [ 3.39201232  1.49767457  2.69208187 -0.978164    1.07634121 -1.52789028]
 [-1.50019198 -1.83166885 -4.67715362 -4.62578752  4.18831455  3.54770723]
 [ 1.30853486 -1.2386853   1.2907896   4.90783885  0.75136816 -3.96571031]]
