[[-3.16488022  4.84328364 -2.2776534   3.53399781  2.94237373  2.1995522 ]
 [-3.2588998   4.44480863 -2.49552723  2.31975414  1.91137727 -3.29347228]
 [-4.32916636 -0.0429334   2.82878026  1.37594409 -2.10861482 -2.11560228]
 [-4.08248376  4.18919669  4.71578449  0.17187613 -4.55109843 -4.82073197]
 [ 1.03213317 -2.38311558 -4.07590539 -2.73524458 -0.07996925 -0.68802904]
 [-2.41981691 -2.47186726 -4.63856917 -3.27892568 -2.08784559  1.21259727]
 [ 1.99419212 -2.40067519  0.40149906  3.0535724   2.52843248 -3.24312713]
 [-1.59488474 -2.57276809 -0.72193632 -1.63809716  1.69777623 -1.12311856]
 [-2.85408362  1.73632086 -2.76615407 -1.04909627 -4.1674253  -0.82643508]
 [ 3.23675666 -1.63761667  3.90114075  0.86136018  4.39942125  1.78226814]
 [ 2.46904684 -2.39740342 -3.64783145 -2.24059398  1.32019802 -0.35828632]
 [-3.21721359 -4.14374938  4.19794371 -1.67683625 -1.0358206  -0.31906542]
 [-4.85498322 -1.31725547  2.15791467 -0.38430271  0.6794635  -4.23196746]
 [-4.11180092 -1.15502299 -1.14492213 -3.34302695  2.38419137 -0.12013631]
 [-2.95793609  2.2320007   1.71812844  4.92161277 -3.61232145  0.93849601]
 [ 2.26575214  3.63237092  0.62132541 -1.36732406  3.92084181  4.29286123]
 [-1.09803806 -4.31026543  0.65902733 -0.5258948  -2.32557393  2.29411989]
 [-3.75594797 -2.10834268 -1.50642535 -0.28834561  0.50581104  4.76988707]
 [-4.94419573  4.68043366  4.15987684 -0.84962114  4.46879471  0.39782078]
 [-1.62279347  1.85134953 -4.69192644  2.03325388 -0.62299131  0.24735198]]
