[[ 1.35919386  0.6786824   4.6207605   1.81593445 -0.7261162  -3.96919175]
 [ 1.06187286  4.27806017  2.93913513 -0.1099253  -1.16819796 -1.90767624]
 [ 4.24709396 -4.01020797 -3.7793182   2.67982389  0.9004493   2.0725414 ]
 [-3.60290738 -0.7026604  -1.83319497  2.73341489  0.67158137 -2.79738196]
 [-4.75722614 -3.24129858  2.77531618 -0.84431927  3.99089206  2.90931699]
 [ 4.19831062 -4.23181088 -0.81899963  1.2969035  -1.96965585 -0.10781878]
 [ 2.83479044  2.56750517  1.41206331  2.16118599  2.68318224  4.81408227]
 [-2.54303144  4.16573046 -2.44677341  3.56193107 -0.0570638   0.77988174]
 [-2.65378697 -2.68698132 -2.39253835 -3.53451934 -3.804773    0.40613166]
 [-3.82774393 -4.45745171  0.27877731  0.03112789 -3.24194034 -2.66487913]
 [-0.97117992 -0.50618879 -0.55606724 -1.62484021 -3.38463848  3.33843759]
 [-1.62518778  4.89932535  3.69110179  2.26281558 -4.91300187  4.8527625 ]
 [ 0.0951503  -4.54143584 -3.52071475 -2.86937063 -2.29603211  1.16461499]
 [-3.14266928  1.2879075  -0.04598274 -2.87787165  1.62399976 -0.54041134]
 [-2.01828623  2.40014262 -0.83017054  4.22576143 -3.08358987  3.37676981]
 [-0.87769032  4.40224385  4.38636809  4.50627772 -2.29444984 -3.93818264]
 [-4.77518528 -0.40093587 -1.72927246  3.18129548 -1.33203477 -4.73470087]
 [-2.36200605  3.08577327 -4.3221305   2.84114521  3.42796404  0.94671583]
 [-0.56708147 -1.87032495 -2.39074012  1.38487066  4.93009348 -2.90768141]
 [ 0.56304456  3.07612524 -0.02143305 -3.88710518  2.18201311  2.53158421]
 [-3.07043472 -1.81887353  4.04501432  0.8343367   3.69813172  4.58919208]
 [ 3.96462843 -4.9688307   2.09047725  4.26544222 -2.17076293  2.72707001]
 [-0.77089476 -4.18808215 -1.61174289  1.96581358  2.20464596 -2.94654255]
 [-3.25418064 -1.26007744  2.75332593 -0.06573366  0.29016989 -4.70930421]
 [-3.19816282  4.35974381  0.14253454  4.59658816  2.82815423  2.11479144]
 [-3.34697346  2.64295532 -1.02561461 -3.8887202  -1.48792153  1.63869257]
 [-0.23974727  1.53976784  0.77963416 -1.79843846 -3.64265955  3.13017347]
 [ 2.78259967 -3.39054407 -4.38237892  3.91972362  3.52900866  3.28497843]
 [ 4.89312611 -2.7474316  -4.09643437  4.4203684   0.75243402  3.53288463]
 [ 1.48327416 -1.26699972  3.61969812  1.57479629 -4.83321307  2.73978145]
 [-0.34011873 -4.98474565 -0.55577257 -1.55022665 -2.2494642   4.55073392]
 [-0.99766191 -0.43279228 -2.39818348 -2.0422469   2.78975713  2.04266202]
 [-3.30766477  1.33296812 -0.95657739  4.26377712 -2.93142505 -3.43656392]
 [-3.16863157 -4.02586188 -2.5459088  -2.58958574 -3.16173171 -0.6508031 ]
 [-4.27649038 -3.18203641 -2.1428527  -1.27403294 -4.04785334  1.62702627]
 [ 0.17274709 -2.44198064  1.10987453  0.27785863 -4.97535233 -1.87339908]
 [-3.34776068  4.43929386  0.10600574 -4.89506976 -2.45575914 -0.25791284]
 [ 1.83055208 -4.03046555 -0.92863766 -0.76901115  4.5860844  -4.23364501]
 [ 2.06400631 -0.65008397 -2.73582438 -3.6346418   1.16909629  2.81142082]
 [ 1.469245    3.24541628 -3.73189049  1.73666399  2.51353503 -1.00517823]
 [ 0.84585015  0.77476658 -3.95203982 -1.35778287  4.46567267  3.40681548]
 [-3.13823526 -4.68089116 -2.89702534  3.41790375 -3.38192472  0.29705227]
 [-0.93808376  1.3959639   2.27035723  4.73341408  2.14131321  3.20400366]
 [-0.5047622  -3.21511501  3.56643074  1.61437112  2.05489177 -3.57841588]
 [ 3.68697315  1.28956304  2.26728642  0.38096692 -0.13933864  2.60788357]
 [ 4.64823937 -0.80502805 -4.30204529  0.71836431 -2.73633591  2.61731204]
 [ 2.84730089 -4.28422552  0.8836166   1.65743086  3.30419753 -2.35286787]
 [-3.86153666 -3.70503624  3.63184712  2.41326499  1.54351634 -3.61310127]
 [ 1.90865914 -1.79316445 -2.07029001 -3.54388715  1.88664071 -4.63263089]
 [ 4.13335287 -1.60782709 -1.07592423  1.56263208  0.53966085  1.24309892]
 [-4.65610909 -1.97932563  2.38977832 -1.34335578 -0.39362177 -3.34109229]
 [ 3.52436299  4.39126152  0.28612904  2.16152156 -3.13099233 -2.43207392]
 [-3.68341052  1.9787211   1.82576844 -0.60045188  2.08830965  3.4131129 ]
 [ 0.88581462 -0.3737475   0.29845815  2.98877337  4.35685079 -3.24445086]
 [-3.8916429  -1.4920119  -2.2369622   1.94841834 -0.66037962  2.20856308]
 [ 4.68814439  4.48260094  4.03958866  0.57792661  0.36819807 -2.16618216]
 [-4.48495499  2.17046917  1.07808679  2.47210767 -1.63943977 -2.45729185]
 [-4.26245492 -2.23761684 -2.67033999  2.52777033  0.51829491  3.69812395]
 [-0.97606378  3.94354924 -0.94281033  0.24875388  2.4788341   2.56950946]
 [ 3.49937953  1.78946161  1.47519909  3.69678699  2.6428153  -2.58264562]
 [ 3.11093233 -2.99070486 -2.09760705 -3.6820555  -3.75211646 -0.07310509]
 [ 0.44910516 -1.47279367  1.70562079  3.61255909  0.47481865 -0.51034383]
 [ 2.09731178  2.03007665 -1.29514594  4.33902033 -3.39099349  1.93795992]
 [-2.70989313 -3.39777741 -3.09267093 -4.94628264 -4.52748197  1.65998884]
 [ 1.53148507 -4.99230938  4.4928192  -3.20356746  1.57746942 -3.20472826]
 [-0.95909694  3.36258113  0.41589459 -1.52789664  1.52873346  4.00330779]
 [-3.82877654 -4.19225233 -4.2320137  -0.85188439  3.39905853  1.94874871]
 [ 1.01704386 -0.89750209  2.93988385  1.49636691 -2.5636937  -3.41486545]
 [-3.98531417  2.85769229  0.05078645 -4.00435334 -4.69908115  2.43393105]
 [ 2.57217231  1.24155121  1.98641852 -3.14367325 -4.50277747  2.36558084]
 [-0.68324693  4.394849    0.58261366  2.53182918  0.64653724  3.90309524]
 [-0.69916661  1.405158    3.24954067 -3.71445875  4.11224222 -0.96769815]
 [ 4.86062387 -1.32020374  2.45662162 -3.65112019 -4.97012086 -3.4169575 ]
 [-3.63195182 -1.90808787  0.95360411  3.07368869 -2.23473952  0.13157344]
 [-2.92767529  1.69108462  0.07177378  3.92603838  4.44122446  0.43391814]
 [-3.38603773 -0.7716657   4.17725508  4.85567696  4.74289352  2.65815034]
 [ 1.95421993  2.59538987 -3.10263079 -1.42730842  1.61041558  0.17708319]
 [-0.37658743  1.39250543 -3.67490209  2.46177214  3.47034608 -2.52554041]
 [ 4.90075889 -4.28049771  0.73591507  1.98336447 -4.10164276  1.08882268]
 [-2.86376271  2.88104746 -4.83945477 -0.48242905 -0.46356523 -4.95666115]
 [ 1.55825026  2.19155944 -2.32204592 -4.5104509   4.57918178 -0.42542276]
 [ 3.3899164   0.39898507  1.02173769 -2.37666338 -0.67334001  2.7054746 ]
 [ 0.37755251  1.66724271  2.84976101 -1.71314549 -3.59849071 -0.34372729]
 [ 2.81569769 -3.51478231 -4.94225115  1.99328937 -0.73362268  2.3957628 ]
 [-1.14624414 -0.47572277  1.38672107  4.45327627  2.81255886  3.81306847]
 [ 0.09011396 -2.64444559  2.33261829  3.81723137 -3.54721958  1.48708676]
 [ 0.74094121  0.29519704  4.4357401   4.45190403 -0.54418232  2.67847321]
 [-1.22887903  4.50587429 -3.44774314 -0.17214382 -1.26638351 -2.92275195]
 [ 0.13541904  2.79951013 -0.58473593 -1.105606   -0.74244846 -2.41615281]
 [-3.20597497  0.26499209  1.1540936  -1.95048389  1.81033336 -4.68360496]]
