[[-0.05403035 -1.29413201  4.72169861 -0.61181392  1.81178772 -4.85018558]
 [-2.50800442 -0.26326788 -4.51647608  0.13484894  1.29147991  1.21374704]
 [ 1.87188157 -4.90140024  3.29660707  0.25364201  3.75504428  3.98442134]
 [-4.00682385 -1.06939104 -0.95133992  2.86440107 -0.8764193  -2.38214901]
 [ 0.395356    0.98678964  4.14122653  0.77036308 -4.8609548   2.7361862 ]
 [ 3.44065855 -1.52281692  2.59249011 -4.17564721 -4.23898552 -0.01506365]
 [-3.02093569 -0.37887705 -1.4704916   3.75764215 -4.53196142  3.37421014]
 [ 1.4700757   0.01217874  1.5545487  -3.07682808  0.24007564  0.26209293]
 [-4.33330437  1.65546278 -0.40827256  2.35281771  1.73676239 -4.09221581]
 [-1.25651758 -2.20529721  1.71542922 -3.52545958  3.3905365   4.01333529]
 [-2.15745916  4.33348337  0.8998745   2.4283793   1.76189001  2.58842884]
 [-2.27290076  2.9188967   4.18009497 -1.09135551  3.70285471 -1.7639859 ]
 [-1.40149727  3.96995497  3.42625202  2.48531192 -1.70756262 -4.52490547]
 [-4.89186921 -0.28924249 -0.33017788  0.39688849  3.66395654 -1.40692618]
 [-0.35252245  3.12296592  0.22733216  2.11174811  4.52841526 -4.1477897 ]
 [-0.36179967 -0.56061065 -2.15600166 -3.49027369  3.74431687  1.00486431]
 [-1.48130994 -2.0080765   3.95230463  0.78766199 -0.48801459  3.84757503]
 [-4.51000044 -2.57799658 -2.55444986  2.80793028  0.95857007  2.485596  ]
 [ 4.37981444  0.22947783 -4.70966588 -3.86424889  4.01999606 -1.72315716]
 [-3.89880321 -1.94331476 -1.41877067  0.91482442  1.62320539  4.63835848]]
