[[-0.52951119 -3.743172    2.85690443 -0.37096662  1.21326199  2.76496224]
 [ 0.57676005 -2.27011338 -2.11356096  4.91009333 -4.32500916 -0.74736844]
 [-0.13382368 -4.57841603  3.43617653  4.06876922  4.68894108  4.40958814]
 [ 4.5810426   3.18385184  3.43273876  4.68345495 -2.85826299 -3.24742404]
 [ 0.44108277  0.95334322  0.14867919  3.3497337  -0.19160841 -0.34554746]
 [ 4.2412807  -3.98052067 -3.58755576  0.42155328  1.89172476 -0.85136604]
 [-1.32201686  2.80947223  2.85709829  2.36588614 -3.15158283 -4.36311159]
 [ 4.63071751  1.66280635  0.13597231 -0.77356597  1.97654142  0.85918168]
 [ 4.2763447  -4.07056832  3.84113149 -4.64285903 -3.51339952  4.55077758]
 [-4.81842509 -3.57116125  3.75727913 -3.416601   -4.9902943   3.32425147]
 [-2.39132473  4.31440283  4.75675047  4.27710807 -2.55675993 -3.85363896]
 [ 1.36111986  4.00868565  4.24095535  3.43141292  0.06039648 -3.40329303]
 [ 3.48750148 -2.5021636   1.42886148 -4.33470813 -3.96829433  4.75220934]
 [-3.95817491  4.37449842  1.67925246 -0.13171025  4.54016736 -3.32741241]
 [-0.38275836  4.55710889  1.29607016  2.20618213 -2.51832772 -4.70369605]
 [-0.99971872  3.16163368  4.33911168 -0.75545374  2.56915894 -1.39624519]
 [-0.02296404  2.08931155  4.40180747 -0.93340257 -0.46468236  4.25177203]
 [-3.68273426 -0.21264117  0.03765476  2.45443914 -0.5391015   2.95206828]
 [-4.9048331  -4.42830799  3.49265708 -0.48026777  0.76105417 -1.50051233]
 [-2.95768092 -0.09390004  1.3785611   3.62034052  0.94940114  4.00670445]
 [-0.66554164 -2.02215518  2.15119446 -2.8132009   0.73097821 -3.77217888]
 [ 4.73169702  3.40406221 -2.58255254 -1.04529015 -1.87090986  1.29170694]
 [-3.21568553  3.1439714  -0.46254759 -1.71195924 -0.39514156 -2.86103022]
 [-2.07916935  2.976913   -1.11390743 -2.67420778 -3.66937406  2.91645583]
 [ 4.6439595  -1.61701306  4.9691488   3.99607313  4.11741089  2.38766376]
 [-3.39083201  1.29817041 -0.34471325  1.49041992  3.49483711  0.23973806]
 [-0.6103955  -0.16786128  2.52455406 -3.40548227 -4.88029819 -4.46425793]
 [ 4.91830833 -0.92464915 -4.48646579  4.84280017  3.10427346 -0.40619436]
 [-3.62769843  1.71241497  4.8711382  -4.46861149  4.26050157  4.91791513]
 [ 3.89180762 -4.89515492 -4.81102562  2.26852696 -3.39435109  1.42481832]
 [-0.71844222 -2.85539105  0.65017008 -0.17295182 -0.78118336  3.16264611]
 [-2.56930262  1.52373996  4.78704357  0.6573478  -0.68598117  4.72550539]
 [ 0.49869323 -3.83857286 -3.73227     0.95492994 -1.33022272  2.42021518]
 [ 3.50144719 -0.05124208 -1.53445016 -3.77483735 -2.80562795 -2.47110603]
 [-0.39428582  1.08932151  1.97157364 -3.84588515  4.91917665  1.15038712]
 [-1.20810689  1.24283864 -0.14264137 -4.79083756  3.39020625  2.64288978]
 [-2.81348446 -1.37466186 -0.94683769 -0.36413767  2.05927873 -2.23288799]
 [ 4.25455208  0.04993753  2.07331429  4.10088213 -3.01832598 -4.52999797]
 [ 1.0327112   1.00511103 -4.13980448 -0.15957371  3.40541691  3.51581411]
 [ 1.01844859  3.79957916 -0.61146339  4.79982987  4.22437543 -1.55484498]
 [ 0.48924055 -4.9480561   4.36537517 -0.23607468 -4.69210901  3.39688807]
 [ 3.08238226 -1.3564109  -1.10910612 -2.28933432 -0.33389221 -1.02116983]
 [ 0.68389957  4.91326984 -2.55881178 -2.16000855  1.41905703 -1.82157328]
 [ 2.19888828 -0.6772795  -4.31198328  2.9913159   1.7614497   1.05276114]
 [-2.15792985 -0.1574845   1.65343307  3.57388197 -1.88430014  1.0220369 ]
 [ 0.82081013  0.87690534  0.40911109  3.96295933 -0.76427695 -2.01311304]
 [-1.36106895  3.27842118  1.99923103  3.09185248  2.89679289  3.11229466]
 [-4.42774703 -4.23561568  4.43074105  3.90575491 -2.49220819  4.71884708]
 [-3.94441538 -0.55643155 -4.82241772  1.04647444 -0.56150632  3.50468189]
 [ 0.24859078 -1.9487366  -1.48754915 -1.33075089  4.90981014 -1.40644448]
 [-3.18806331 -4.14045662  4.16774867 -1.2913482  -2.31616566 -3.03076391]
 [ 4.67062023  1.88670246  1.55841034 -1.60230758 -0.67489641  3.867428  ]
 [ 3.28649606 -2.06661997 -0.32171652 -1.82915654  4.32528266 -3.56918004]
 [ 1.98176408  1.54192855  1.68449036 -4.35895596 -2.26431035 -2.810774  ]
 [ 0.35664446  4.80234141 -3.20004694  4.33311645  2.15626862  3.62408607]
 [ 4.11477554 -3.56835602  4.84289646 -0.02278773  1.09070638 -3.95170729]
 [ 0.85217611 -3.75595855  1.02190564 -4.4773328   1.16220443 -0.76101284]
 [ 2.10130864 -3.79873295  3.78219833  4.69911378  3.55720507 -2.65562965]
 [-1.40917166  1.3560009  -1.56803172 -0.52247106  3.29282019  1.80419249]
 [-4.26301758 -2.38848317  2.04114817 -2.4716843  -0.91217842  2.19350214]
 [-4.11900679  1.32948337 -4.76709232  4.35759812 -4.91145754 -4.14417657]
 [ 0.80281103  4.85520599 -4.69535884 -4.91196633  1.69411853 -3.8185916 ]
 [ 4.5287177   0.12268327 -2.82407654 -3.63060772  4.88990988  4.86776854]
 [-3.36232115 -2.84996763 -0.39466862 -3.68334924 -2.92286613 -2.21974695]
 [ 0.47819838  2.05282256  2.32538581  3.48817835  4.97457653  4.01883314]
 [ 4.74818831  3.75157616  3.24562739 -1.64807969 -0.50572322 -4.52867285]
 [-1.18150051 -0.41018364 -1.02026605 -2.51071793 -3.61135726  0.4161    ]
 [ 1.35631736 -4.33933703  1.37799851  2.5482423   1.81578562  2.80951189]
 [-1.32735338 -1.46995082 -1.0512081   0.39672726 -2.81937436 -3.22110033]
 [ 2.23314391  4.84021897  3.16551547  4.1945436  -3.9882468  -4.38908745]
 [ 3.93891525 -0.97300153  1.68679349 -4.04791861  3.56703066  1.38730322]
 [ 3.36429247  4.8874515  -1.6060736  -0.13985105  4.05900591 -4.30529622]
 [ 3.8584945  -3.39678144  1.63178766 -0.19203134  2.31784778 -2.18244635]
 [-3.43949261  2.58028315 -2.91900869  4.44288701 -3.32254633 -2.71830559]
 [ 2.59868077 -4.47580002 -1.93229997 -0.78865027 -0.53446304 -3.46821558]
 [-0.97621742  1.77155945  1.94175744  3.9634683  -2.77178866 -0.27130637]
 [ 2.30523886  4.50872683 -4.18049199  3.79178876  2.62953224  4.44655595]
 [-0.24302137 -2.64407721 -3.62843244  0.02722812 -4.44311926  1.14514805]
 [ 2.03994676  4.34329671 -3.15018255  0.80341539  1.80996486  0.57738117]
 [-0.55715864  2.11436802 -1.08110581  0.22174974 -1.98080303  1.99542732]
 [-0.43422578 -0.93439992  2.10871416 -0.25256185 -2.36267867 -2.34795379]
 [ 1.38152078 -4.24269283 -2.61675512 -2.91313335 -3.7713057   2.63875067]
 [ 1.87904447  0.86207005 -4.83868998 -2.99549484 -4.93650716 -1.22791703]
 [-0.67019031 -0.6516478   3.96421047  3.31885296  3.21709885  0.05029034]
 [ 4.71645368 -2.49829006 -3.58133334  3.49978092  2.22457663  4.53881672]
 [-3.82061805  2.42838048 -0.27131523  3.6731781   1.55643003 -4.46264797]
 [ 4.44768406 -1.43094848 -4.89550316 -4.38815804 -4.56100836 -2.27013677]
 [ 4.6635141  -1.65052296 -4.44932294  0.62844934  2.77366579  4.9890917 ]
 [ 2.00846008  0.83370694 -4.91520189 -0.99775103  0.2588197   3.10475741]
 [-0.29887926 -1.48780183 -1.03814614  0.95988823  3.20893408 -2.95499926]
 [ 0.61941654  3.68417279  3.94996168  0.44377556 -3.13625237 -3.79723243]
 [-3.97647612  4.70935685 -0.3962275  -1.95180914 -3.76736353  4.89455169]
 [ 1.43638343 -1.53523566  2.8509433   2.1455897  -2.90066593  0.49411273]
 [ 3.47515433  1.21099445  0.69062212  4.44218315 -3.66403442 -0.17630011]
 [-1.34801911  4.66299273 -3.16072234 -1.90500847 -0.72292265  3.84966917]
 [-0.84640904  2.14510632 -3.9100631  -3.45744739 -1.0825837   1.46414794]
 [ 1.80007762  1.47512281 -4.57774152 -3.82857525 -4.9326585  -4.23971047]
 [-2.26736051 -3.23494457 -0.33593596 -4.8435256   1.24128836 -1.59393082]
 [ 1.05095351  3.96187499  4.99047384  3.34725093 -4.70268358  4.78689725]
 [ 0.14040555  0.32745583 -3.08867764 -4.2484753  -2.92449178  1.84139423]]
