[[ 0.05746442  4.95199138 -1.07149225 -3.17647133 -3.45605396  1.21065158]
 [-3.13624573 -4.97905101  0.7301888  -2.41417788  0.46570803  4.72218029]
 [-1.4522303  -0.30598844  0.73953392  4.87889679  1.26700689  1.89314187]
 [-1.55619446 -2.75181297 -3.84479918 -3.47640177 -4.8335724   3.0125159 ]
 [ 0.73617182  0.68416154 -0.79730008  2.25938824 -4.38907848 -3.90586732]
 [-4.88071331 -0.42620516 -2.58247554 -3.47155997  2.86565022  1.08630165]
 [ 4.13271895 -1.83436486  3.33796028  1.5558376  -0.82927329 -3.14206509]
 [-3.56920521 -4.24064368  1.50774634  4.05448081  1.53834836  3.41636532]
 [ 3.95150287  4.92804065 -1.20006392 -3.62021117  0.34380958 -0.45221147]
 [-1.43552081  1.45685932  3.20027048  0.86030216  0.43182639  3.15251341]
 [ 1.79482414  4.59451428  3.5995658  -0.2258063   3.62265792 -4.48073969]
 [-0.75497115  2.90193024 -0.70259053 -1.49473225 -1.8980845   4.35248719]
 [ 2.19880334 -2.31684766  1.7572176  -2.94483155  2.82775175 -1.60869068]
 [ 2.41502743 -3.4319415  -2.38839805 -0.95497702 -4.34552704  1.11319122]
 [-3.19556894  1.63622743  3.38998202 -4.19966508  1.67095441 -1.54796505]
 [ 0.9371011  -0.07939181  1.88918778  2.1429425  -3.20522818  2.73360617]
 [ 2.92809013 -1.83875773 -3.95108772 -2.06782843  3.48185037  0.85345308]
 [-0.73482233  4.52533763  3.03297913 -1.19476224  2.58340004 -2.92583826]
 [ 3.51537344  4.22761716  1.48963235 -2.60082032  1.59964034 -3.36937978]
 [ 0.58591817 -1.28249624  1.90111017 -2.68372174  3.80978016  4.23324976]]
