[[-9.34229658e-01  4.70432682e+00 -4.54022010e-01  6.26230191e-01
  -4.46612652e-01 -3.64152976e+00]
 [-2.36780839e+00  4.23388677e+00 -2.29680261e+00 -1.96676763e+00
   2.25728383e+00 -1.81952893e+00]
 [ 2.16514089e+00 -8.10814583e-01 -3.31315317e+00 -2.64729630e+00
   3.51452018e+00  3.37747257e+00]
 [-4.21810822e+00  1.65389822e+00  6.38607418e-01  3.74916081e+00
   2.06462000e-01  4.73119383e+00]
 [ 2.89493831e+00  1.16454975e+00 -3.04704717e+00  3.16695323e+00
  -2.87955593e+00  3.99375514e+00]
 [ 4.03552518e+00  2.53294285e+00  1.10145924e+00 -9.85733323e-01
  -3.82907893e+00  1.00536506e+00]
 [-1.53282258e+00  1.37914582e+00  7.07543369e-01 -1.93401824e+00
  -2.62518582e+00  4.17399323e+00]
 [ 1.64576987e+00 -4.86550547e+00  1.11346374e+00  3.32910010e+00
   5.27677456e-01 -2.29000381e+00]
 [ 2.28294568e+00  3.52769437e+00 -8.44018460e-01 -2.12706195e+00
   2.68265303e+00  1.13768171e+00]
 [ 2.74286690e+00  3.60882690e+00  4.71152241e+00  2.36078969e-01
  -4.82493616e+00  2.53624382e+00]
 [-2.64976621e+00  2.23429860e+00  4.98115863e+00 -1.01182521e+00
  -2.25588284e+00  2.87810958e-01]
 [ 4.79426533e+00  4.04085384e+00 -5.38436307e-01 -1.13615638e+00
   6.08089055e-01  3.16914015e+00]
 [-4.06219517e+00  1.03234225e+00  1.35878930e+00  3.89800093e-01
  -2.83282806e-01  2.65129777e+00]
 [-2.07086592e+00 -9.82178732e-01 -7.68617373e-01 -3.09335040e+00
   4.43743148e+00 -2.05567290e-01]
 [ 4.40724463e+00 -1.26822851e-01  1.20109427e+00 -9.89440240e-01
   4.43282531e+00 -2.86777326e+00]
 [-4.65238817e+00 -1.61337323e+00 -1.90690564e+00  1.74947241e+00
  -1.75440467e+00  2.38683552e+00]
 [-4.71731960e+00 -4.30185664e+00 -2.08347919e+00 -3.31555328e+00
  -4.27036609e+00 -2.89098759e+00]
 [-2.91397459e+00 -8.42228841e-01 -3.65041440e-01 -7.73987263e-01
  -2.29008476e+00 -9.38597044e-01]
 [-2.10631001e+00  3.62954930e+00  4.78469056e+00 -8.15832377e-01
  -1.42768391e+00 -1.05879019e-01]
 [ 4.68365959e+00 -2.42030105e+00 -1.07487041e+00  3.62926781e+00
   3.35275807e+00  3.49546835e+00]
 [ 4.02545339e+00  2.23050188e+00  2.49398634e+00 -3.48526068e+00
   8.50319232e-01 -2.70839092e+00]
 [ 4.00414336e+00  3.29034821e+00  2.17602113e+00  2.82944081e+00
  -4.30854816e+00 -3.77633681e+00]
 [-3.71405918e+00 -6.43001010e-01  4.67910393e+00  4.40302678e+00
   4.56150479e-01  3.70200899e-01]
 [-1.97307470e+00 -1.24130409e+00 -1.46737107e+00 -4.84375233e-01
   2.91071770e+00 -1.13087764e+00]
 [-3.92576015e-02  4.86785834e+00 -1.65672388e+00 -3.39176078e+00
  -3.73637094e+00  2.92261121e+00]
 [ 4.54084740e-01 -4.85282584e+00 -6.27929026e-01 -1.24141477e+00
   2.66085909e+00 -4.87345252e+00]
 [-4.98355675e+00  4.14688051e+00 -4.25364124e+00 -7.52322167e-01
  -1.84974813e+00  1.67990573e+00]
 [-2.45488459e+00 -1.29517198e+00  3.03010464e+00  3.63488855e+00
   8.42072744e-01  2.67983277e-01]
 [ 1.35646954e+00 -8.48619255e-01 -6.90653934e-01  3.47956031e+00
  -4.28385815e+00 -2.33312801e+00]
 [ 3.27595522e+00  4.49108413e+00  1.52787115e+00  1.62798426e-01
  -1.53347616e+00 -2.55689024e+00]
 [ 8.99204302e-01  9.71900705e-02  2.37325299e+00 -3.76028223e+00
  -4.91961290e+00 -2.73904107e+00]
 [-2.22157635e-01  6.05576488e-01  1.13463482e-01  2.08623912e-01
   2.74781876e+00  4.95178669e+00]
 [-2.76075653e+00  4.11804772e+00 -7.88066330e-01  5.44943435e-01
   3.66179547e+00  1.71858322e+00]
 [ 3.30701556e+00  3.55185739e+00 -1.89864038e+00 -2.66580806e+00
  -1.12087001e+00 -3.36208051e+00]
 [ 1.01928009e+00 -2.66997666e+00  1.27622560e-03 -2.07092123e+00
   4.45985001e+00  1.08783939e+00]
 [ 2.97584432e+00 -3.41416185e-01 -4.36913622e+00  3.47795019e+00
   1.06486743e+00 -2.27573855e+00]
 [-9.43961834e-01 -3.96554072e+00 -3.33450824e+00  4.90277254e+00
  -2.36201902e+00 -4.04593311e+00]
 [-7.90233899e-01  4.17345006e-01 -4.12576226e+00  4.30410993e-01
  -3.74030827e+00  4.55905548e+00]
 [-4.64734313e+00 -1.83519606e+00 -1.02859470e+00 -1.04542676e+00
   2.50416574e+00  2.94919941e+00]
 [ 3.94051831e+00  3.04733558e+00 -8.71209086e-01  2.27492425e+00
  -3.97074189e-01  4.79178930e+00]
 [-1.01089089e+00 -1.20544618e+00  4.85209029e+00 -4.84008142e+00
  -2.94257210e+00 -4.93392807e+00]
 [-2.16845637e+00  3.03263773e+00  3.41635175e+00  5.55650345e-01
   3.99982134e+00 -1.86869607e+00]
 [-2.27486513e+00 -2.79719728e+00 -2.87905117e-01 -1.13148656e+00
  -3.19612684e+00  2.68540060e+00]
 [-4.56434712e+00  4.25004977e+00 -2.50555008e+00  3.47707054e+00
  -3.55585456e+00  5.02624569e-01]
 [-3.65592542e+00  2.98765493e+00 -4.26982004e+00 -1.61376774e+00
   3.38142765e+00 -2.51812553e+00]
 [-2.50749373e+00  1.18832846e+00  3.57217788e+00  3.48704553e+00
   4.76556714e+00  4.78706916e+00]
 [ 4.03747456e+00  4.91752710e+00  3.81291146e-01 -3.32353468e+00
  -3.37194039e+00  2.01798364e+00]
 [ 3.67452988e+00 -1.02353665e+00 -2.27046674e+00 -1.35840715e+00
  -4.83699910e+00 -1.62925628e+00]
 [-2.76971811e+00  4.51231379e+00  1.02636218e+00  1.25272252e+00
  -4.87953337e+00  4.82397725e+00]
 [ 1.27120754e+00  8.86163867e-01 -2.96145268e+00 -3.60938178e+00
  -2.47971464e+00 -2.58330050e+00]
 [-2.69437654e+00  2.10869731e+00  4.45246923e+00  6.13125525e-01
  -3.82728377e+00 -3.88728798e+00]
 [ 4.27231839e+00 -2.59598304e-01  3.82878907e+00  4.76592706e+00
   1.91024953e+00  7.56152006e-01]
 [-3.31440169e+00 -1.33972027e+00  1.86609794e+00  4.56111782e+00
   1.80976430e+00 -4.71405816e+00]
 [-4.97023877e+00  4.71546731e+00 -1.97459081e+00  3.65286884e+00
  -3.09894081e+00  4.58959426e+00]
 [-4.58979219e+00  1.08615576e+00 -4.69402365e+00  3.65144752e+00
   2.13938909e-01  3.09971500e+00]
 [-3.90731209e-01 -3.84154300e+00  1.80773476e+00 -4.09976859e+00
   4.39871753e+00 -4.57179583e+00]
 [-4.36638248e-01  1.28492451e+00  3.30115942e+00 -4.50206134e+00
  -3.05441685e+00  2.92680244e+00]
 [ 3.72439598e-01  2.37057783e+00 -1.93287824e+00  1.19167611e+00
  -2.33073048e+00  1.37786023e-01]
 [-4.51970357e+00 -1.51399614e+00 -2.87917803e+00  2.11422195e+00
   1.67932338e+00 -1.25344435e+00]
 [ 2.25147426e+00 -2.00785057e+00 -6.00626872e-01  9.01311793e-01
   4.16514237e+00  2.63609290e+00]
 [ 1.25617650e-01  4.57683810e+00 -4.81467236e-02  1.94414715e+00
   4.41384764e-01  8.62282940e-01]
 [ 8.53094748e-01  2.58043445e+00  1.10241388e+00 -1.32358804e+00
  -1.52665922e+00  3.13319194e+00]
 [-2.05650167e+00 -1.67394315e+00  3.54626442e+00  4.51368970e+00
  -4.35072720e+00 -1.06871673e+00]
 [ 2.16135175e+00 -3.46848843e+00 -7.57087294e-02 -1.54375271e+00
  -3.33456875e+00 -1.29197534e+00]
 [ 1.49620714e+00 -2.63095560e+00 -2.44054300e+00  5.00958352e-02
  -1.99726726e+00  4.07193455e+00]
 [-1.08071422e+00 -3.60143620e+00 -2.03586615e+00 -4.09322288e+00
  -3.78171162e+00 -4.50756573e+00]
 [ 2.17732062e+00 -3.67422789e+00 -3.64515816e+00  4.72249231e+00
  -3.63778105e+00 -1.50811827e+00]
 [-2.08353158e+00  7.28562138e-01  4.89429376e+00  1.90010562e+00
   4.83776181e+00 -1.55720290e+00]
 [-4.68230169e+00 -4.93654853e+00 -4.25552864e+00  6.02494561e-02
   3.77968323e+00  2.93734221e+00]
 [-4.89079329e+00 -2.07167860e+00  8.07411933e-01  2.42475701e+00
  -4.18376084e-01  9.81337285e-02]
 [-3.04127879e+00  1.33194563e+00 -6.29671100e-01 -3.86021563e+00
  -4.05754077e+00 -4.69378217e-01]
 [ 6.95211640e-01 -3.33358869e+00 -6.60139707e-01 -4.19925914e+00
   4.34647405e+00 -4.60420279e+00]
 [ 4.88542333e+00 -2.13447059e+00 -1.18127423e-01  4.28591824e+00
  -3.38794766e+00 -1.37383178e+00]
 [ 3.59955493e+00  1.26229957e+00  4.88181342e+00  1.37284440e+00
   3.57367452e+00 -2.27307181e+00]
 [ 3.74342117e+00  5.08865498e-01  2.57272364e+00 -4.25596324e+00
  -1.59302422e+00 -6.56904912e-01]
 [ 4.19274633e-01 -2.76473958e-01  4.67840819e+00  1.58083711e+00
   2.32920820e-01  2.12981682e+00]
 [ 3.42713849e+00  1.47229027e+00  4.17589751e+00 -2.01559151e+00
  -1.14040405e+00 -2.96020944e+00]
 [-4.68977191e+00  3.97864933e-01 -9.32894341e-01 -3.78969300e+00
   6.26430175e-01  4.50550458e+00]
 [-4.10282078e+00  4.69525698e+00  3.02332898e+00 -1.16962817e+00
  -4.22519217e+00 -4.19734383e+00]
 [ 3.25248969e+00  3.24804347e+00  4.24753326e+00  3.39159271e+00
   4.02819386e+00  4.02079748e+00]
 [-4.86276477e+00 -3.74792705e+00  2.64585319e+00 -2.97977033e+00
  -2.17840015e-01  2.59813662e+00]
 [ 7.34244039e-01 -1.84377937e+00 -4.68469446e+00 -4.45714311e-01
  -2.19075644e-01 -8.58969426e-01]
 [-1.20328640e+00  1.82664987e-01 -2.19489208e-01 -4.74606889e+00
  -4.11744343e+00  2.39105077e+00]
 [ 2.84073365e+00 -3.27365052e+00 -2.04062824e+00  1.80670194e+00
   6.87157767e-01 -4.68907850e+00]
 [-4.34654413e+00  2.89527103e+00  4.60544229e+00  1.40613231e+00
  -4.28276545e+00 -8.32735882e-01]
 [-2.03529614e+00 -2.03198763e+00  4.01555777e+00 -2.06636912e+00
   3.22460775e+00  2.55641585e+00]
 [-2.24722672e+00  2.95058002e+00  1.51409697e+00 -3.18519382e+00
  -4.40552070e+00 -2.03372678e+00]
 [ 4.56717151e+00  1.16338905e+00 -2.92324205e-01  2.11067274e+00
   2.96706099e+00  3.92187707e-01]
 [-4.69389483e+00  2.90866768e+00  1.99861382e-02 -4.83787903e+00
  -2.05352586e+00 -1.17837831e+00]
 [ 3.57683352e-01 -2.64747859e+00 -2.19386520e+00  1.52477087e+00
   2.23464902e+00  1.87245497e+00]
 [-6.91829724e-02 -9.33231076e-01  2.27874366e+00 -1.27410241e-01
   3.70495531e+00 -4.28768518e+00]
 [ 2.55216392e+00 -7.67338025e-02 -2.93376487e+00 -3.53067794e+00
  -3.51207131e+00 -1.46768729e+00]
 [-4.06173633e+00  2.68150008e+00 -3.44589683e+00  4.07230023e+00
  -4.16649563e+00 -6.76093344e-01]
 [-3.17086626e+00 -4.56815578e+00  3.81402125e+00  3.32761901e+00
   5.81146186e-01  1.64062373e+00]
 [ 1.03954532e+00 -2.28219443e+00  3.90401368e+00  1.83525656e+00
  -8.65122365e-01  4.51555973e+00]
 [-4.89947489e+00 -1.07675163e+00 -4.34030836e+00 -3.88911125e+00
  -4.79520523e+00 -2.56198550e+00]
 [-3.83331907e+00 -4.48025573e-01  1.58379149e-02  3.14865330e+00
  -3.41219264e-01  3.63959169e+00]
 [ 3.87335967e+00  2.95309645e+00 -4.47576492e+00  8.01880256e-01
   3.87305067e+00 -4.32638106e+00]
 [-4.02794557e-01 -9.30241391e-03  3.36899222e+00 -4.13730857e+00
  -1.37538498e+00  2.21342367e+00]
 [-2.05736147e+00  1.20881610e+00  2.09302638e+00 -3.73181128e+00
   4.17130774e+00  3.98732304e-01]]
