[[-4.77081755 -2.74657021 -1.62805488  3.18735379  0.70753983 -3.03430093]
 [-3.88750146 -3.75208447 -2.19906597  2.11950875 -3.11812842 -3.24980524]
 [ 2.64180524 -2.44550045 -0.14301526 -4.83593908 -3.54212789  3.30265836]
 [ 0.71356555 -3.0619563   0.34935572  4.72472421 -4.76467716 -2.65613946]
 [ 3.38506035  1.88288567 -0.42550533 -1.88582614 -2.60308332 -1.36050384]
 [-2.30718173 -3.02645463 -0.56522966 -4.31158063  0.8741201  -0.24303369]
 [ 1.1188416  -1.12701767  1.3514642  -2.59009487 -4.98807913  1.19622412]
 [ 0.27465918  2.74197948 -4.31401876 -4.37903324  3.49931259 -3.45966486]
 [ 4.15556663 -1.96928488 -1.37511563  3.9979565   2.5489077   1.78810957]
 [-3.57340338 -2.0835397  -0.34902731  1.88299648 -3.0748195  -2.33442377]
 [ 4.3444727  -4.15942533  3.46515264  4.25519769  2.29480203  3.06219202]
 [-4.12454971  1.20759233  0.36189179 -4.00483604 -0.53693026 -0.63708013]
 [-4.57147002  2.33767435  2.87868163 -0.80759775  1.22709371 -3.98128397]
 [ 2.48508576 -2.09598009 -4.34239915  0.10297721 -3.91420723  0.12579976]
 [ 1.92262472 -2.57912606 -0.19124333 -0.91533266  1.83264119 -3.38030382]
 [-0.93558429 -3.04282615 -3.83956401 -1.88431576  3.5376618  -4.22358359]
 [-2.61926257 -0.76919845 -1.8686837   3.26330503  2.63862319  1.0646494 ]
 [-1.29691831 -4.41363713  1.48290774  2.22982843  0.82435722  2.0783256 ]
 [-1.67557352 -4.44021288 -3.14379201 -4.84064689  1.21652204  2.6696048 ]
 [ 3.9310945   3.69082923 -2.98941214  1.43484561  1.82540838 -0.38140731]
 [-0.16154925  3.59483758 -3.8813126  -4.3992352   3.89668649  4.15401059]
 [-1.45695773 -3.63998687  4.16594756 -2.3725946   0.61228496 -1.87346233]
 [ 1.5974015   0.58562882  3.07170714 -2.25371875  3.38341762 -1.12340334]
 [ 3.15369749 -2.04579326 -0.99123201  4.55885281  2.32122722 -1.55346753]
 [ 3.56229377  1.87981274 -4.69007467  3.9612066   1.52164296 -2.36415433]
 [-3.22006349 -4.070852    0.49281615 -4.44844725  2.79504349  1.76112271]]
