[[ 36961.648349  ]
 [ 22436.7883144 ]
 [ 39696.76476541]
 [ 37329.34175444]
 [-30943.16846697]
 [  2369.37772296]
 [-31232.82752139]
 [ -6178.09140776]
 [ 12348.73214599]
 [-16840.25170542]
 [ 51750.50648549]
 [  7126.39070462]
 [-10310.27460385]
 [-29472.05592628]
 [-36760.53195294]
 [-26777.70279044]
 [-32633.16680191]
 [ -7635.60142314]
 [ 61432.67772962]
 [ -4045.85255887]
 [  7941.42937858]
 [-31370.12996565]
 [-44068.1603729 ]
 [  5672.22247357]
 [ -6955.46355089]
 [ 30157.39922434]
 [ 45498.00555158]]
