[[ 5.82565924e-01  4.04191102e+00  2.98935511e+00 -2.45805966e+00
  -4.43010999e-01  3.78508005e-01]
 [ 6.62886988e-01  4.71279574e-02  8.18273989e-01  3.79902095e+00
   3.76557171e+00  2.55399230e+00]
 [ 2.44481401e+00  4.21108839e+00  3.27495372e+00  2.80953485e+00
  -2.67996722e+00  4.84656466e+00]
 [-4.37712230e+00  3.46137808e+00 -4.99089789e+00  4.06335325e+00
   9.36073508e-01 -3.13321963e+00]
 [-4.00722656e+00 -1.48710226e+00 -8.93382144e-02 -4.01799009e+00
  -4.13684515e+00  7.79460261e-01]
 [-3.76343787e+00  4.34553131e+00  3.33274617e+00  5.74299579e-01
   3.11644465e+00  1.54534571e+00]
 [-3.33429355e+00  1.87895673e+00  2.39511813e+00 -1.50484420e+00
   3.67774384e+00 -1.05944223e+00]
 [-2.98641317e-01 -3.19860096e+00  3.82686731e+00 -4.41003997e-01
  -2.37619152e-01  1.48945476e+00]
 [-4.08230053e+00 -5.12479966e-01  2.23893053e+00  3.71178002e+00
   4.19635320e-01 -8.62214536e-01]
 [ 5.81460942e-01  3.60271462e+00 -2.98728712e+00  4.70897417e+00
   2.12415618e+00 -9.10959612e-01]
 [-4.83775948e+00 -2.91465493e+00  8.26617517e-01  4.03280415e+00
   3.44974617e+00  5.15867951e-01]
 [-3.42694949e+00 -1.82667592e+00  2.74272296e+00  1.51299149e+00
  -4.79049383e+00  5.75228465e-01]
 [-2.89111159e+00 -3.30640220e+00  3.43220184e-01  3.31081784e+00
   2.40396761e+00 -9.71894069e-01]
 [ 4.96262115e+00  4.22973282e+00 -6.08596701e-01 -2.30506346e+00
  -4.66928426e+00 -1.83386683e+00]
 [-4.37662738e+00  2.63622272e+00  9.83616059e-01 -2.45645057e+00
  -4.39411395e+00 -3.97212457e+00]
 [-4.81921216e+00 -4.92757235e+00  2.97965877e+00 -4.34347747e+00
   1.96205631e+00 -1.67105046e+00]
 [ 2.64260924e+00 -4.72711890e+00  1.79658816e+00 -3.15545562e+00
  -2.65857092e+00  1.12904731e+00]
 [-3.47247553e+00 -1.46370388e+00  6.47133590e-01 -2.28799509e+00
   3.57400899e+00 -3.64707382e+00]
 [ 2.34989680e+00 -1.47795486e+00  1.26739810e+00  3.02743864e+00
   4.39771703e-02  2.56252699e+00]
 [ 1.24480324e+00 -3.03962126e+00 -4.73505050e+00 -2.77277768e+00
  -2.29160408e+00  8.02174789e-01]
 [-2.14965101e+00  3.99935047e-02  3.87957037e+00  2.07841526e+00
  -7.83184794e-01 -4.09986299e+00]
 [-1.40298478e+00 -3.03154501e+00 -3.34530905e+00 -3.75619802e+00
   6.84953382e-01  2.03879003e+00]
 [ 3.80218564e+00  3.75500862e+00 -1.13089776e+00  4.01960257e-03
   4.39209771e+00 -2.48178809e-01]
 [ 1.06700117e-01  9.20550190e-01  2.29908321e+00  4.70772032e-02
  -2.27434943e+00  3.49136953e+00]
 [ 2.04897195e+00  8.60685247e-02 -4.23059856e+00  3.21790705e+00
   2.32082119e+00  1.42921333e+00]
 [-2.50249273e+00 -6.63390978e-01  4.31676995e+00 -4.36448572e+00
  -3.61588664e+00  3.99592559e+00]
 [-7.60884393e-01 -1.94007273e+00  1.83859623e+00 -4.48758385e+00
  -1.65976311e+00  3.22809830e+00]
 [-1.77629512e+00  3.13855977e+00 -2.92257925e+00 -4.74345662e+00
  -3.76874574e+00  3.54567598e+00]
 [-2.62789717e-01  2.05767321e+00 -3.54053074e+00 -9.46966171e-01
   3.93620975e+00  4.74999606e+00]
 [-5.71762772e-01  1.42862023e-01  4.51390337e+00  2.83630676e+00
  -1.57171635e+00  6.29208423e-01]
 [-4.33186821e+00 -4.94693118e+00 -8.72095415e-01  1.09971419e+00
  -2.47609187e+00 -4.68812981e+00]
 [-2.45066279e+00  4.67535428e+00 -1.93802168e+00  2.80742416e+00
   4.14100109e+00  2.69776721e+00]
 [ 4.58084315e+00  3.46108184e+00 -3.64411964e+00 -3.02032645e+00
  -4.51554952e+00 -1.35852188e+00]
 [ 4.77756430e+00  1.09905541e+00 -2.16915324e+00 -3.76106119e+00
   3.56656647e+00  4.98292209e+00]
 [-3.23937790e+00 -2.71039491e+00  3.70957623e+00  2.49851471e+00
   4.69104031e+00 -4.98631090e-01]
 [ 3.89480643e-01  3.71487734e+00  2.10662651e-01  4.51683776e+00
  -4.96684956e+00 -1.23981241e+00]
 [-1.51466620e+00  3.51541272e+00  3.82130574e+00  5.32234801e-02
  -1.24773649e+00 -5.53584303e-01]
 [ 2.39225767e+00  3.79223957e+00 -1.25076973e-01  3.87229073e+00
  -4.16631709e+00 -2.81051410e-01]
 [-4.79216135e+00 -3.79427455e+00 -4.71807245e+00  2.29996252e+00
   5.87594934e-01  3.85715571e-01]
 [ 1.86669366e+00  1.99205581e-01 -1.12689028e+00  1.73186804e+00
  -1.11760407e+00 -6.78894020e-01]
 [ 2.45313640e+00  4.75742625e+00  3.38754484e-01 -1.19842525e+00
  -4.31678338e+00 -2.78740959e-01]
 [-6.50625490e-02  2.35457278e+00  4.96699486e+00 -2.48067870e+00
   1.43188590e-01 -2.03179294e+00]
 [ 4.42529228e+00  7.85022664e-01 -4.60687694e+00  4.30330433e+00
   8.66908829e-01  2.63261955e+00]
 [-2.78195195e+00 -3.05917017e+00 -3.04874413e+00 -1.90309854e+00
  -1.74229801e+00 -3.55605400e+00]
 [ 6.07876425e-01  1.66202596e+00  1.38896765e+00  3.79719515e+00
  -1.96572842e-02  4.86674440e+00]
 [-6.19921738e-01  4.21024647e-01 -4.83675744e+00  4.40329411e-01
  -4.47047830e+00 -4.29799417e-01]]
