[[-3.56113504  1.7015701   4.08578173  0.18359086 -3.17742337 -3.78687533]
 [ 4.5580364  -1.75153301  4.0903225  -0.94464367  2.92730786  1.94030975]
 [-1.38457594 -3.28226944 -1.72658427  0.02537128  0.31492208  0.95015562]
 [ 3.23468689 -1.15251149  2.8054528  -2.28028996 -1.97840567  1.00146304]
 [-3.26278307 -4.02335741  0.56524739  2.72280569  1.90907554  2.25935149]
 [-1.90830548  1.08583155 -4.46512616  2.93697128 -0.83356434  2.92687666]
 [-3.78346992 -1.5642603  -2.72427906 -4.58179627  2.22382437 -3.94945699]
 [ 4.1036402  -2.50841653  1.07157734  2.97428247  0.2833973   1.05701362]
 [ 4.70677829  3.01543981 -4.66060062  4.83748537 -0.66707356  2.70404007]
 [ 3.35191161 -3.55150095  0.53809895  2.57240636 -3.29101122 -1.55694519]
 [-2.86576997 -0.89098661 -1.02591882  3.85957016 -2.69920417  1.36752861]
 [-2.33346509  2.86835525 -2.98163349  3.30208232  4.74503122  1.05432801]
 [ 0.85346113 -1.86059074 -2.70742811 -1.97298972 -0.9322097  -4.2680409 ]
 [ 4.31159828 -3.96364448 -2.7135797  -3.84258658  0.05434977  1.43474001]
 [ 4.74210093 -1.66801439  2.59389348 -3.77055748 -4.29228635  0.25290257]
 [ 2.44415963 -4.29530907  1.21635967 -3.59726583 -1.37314597 -1.94537494]
 [ 4.83735857  4.53865582 -1.60144977  1.35074984  4.09144112 -0.34265643]
 [-3.19547986 -4.28965961  0.811013   -0.48055483  4.07547474  3.8377993 ]
 [-4.04308621  4.59735935 -4.73260432  4.16771703  4.99246132 -4.06824321]
 [-3.3450939   0.89380751 -0.53551699  0.37331895 -0.14418892  4.79000783]
 [ 1.19880354  1.48477246  4.73794035 -0.111446    4.02901147 -0.12998007]
 [ 4.64021741 -3.99598894  1.13162816  4.6390093  -2.36674522  0.0346322 ]
 [ 1.23868933 -1.92211968 -4.6797475   1.29277639 -4.61503932  0.57289218]
 [ 4.9871154   3.61232248  3.19540252 -4.65912235 -0.30191441  4.46374601]
 [ 1.55827195  0.35559162  1.62468848 -2.33835977  0.27228761 -1.09164617]
 [-4.46513028 -4.77512935  4.75863367 -3.11967956 -3.93758297  1.75177327]
 [ 3.79806588 -1.67660436  2.84895567 -0.09942897  2.41545061 -1.23340439]
 [ 0.06618677 -0.3666265  -1.92099817  4.94831254 -2.27750155 -2.28960114]
 [-2.40311217  2.61964866  0.96015453  0.10821032 -0.66929678 -2.91102156]
 [ 1.21539553  4.75572086 -0.13252325  3.3416544  -0.11865394 -3.40526514]
 [-1.46765194 -3.80575058  1.24719966  4.0918891  -3.07172564  3.10223943]
 [-2.07963734 -3.49038821  2.89065534  1.56125643 -2.95722561 -4.32763581]
 [-4.21787855 -1.6539201  -4.03424574  2.86570995  2.20460706  1.67099671]
 [ 1.7633901  -4.68990987 -0.74603169 -3.18118172 -2.72649972 -3.75263943]
 [ 4.41518464  3.06270477  1.09941611  4.33303917 -1.98767023  0.0116444 ]]
