[[1.00000000e+000 2.25828641e-050 9.14744337e-033 1.07675531e-039
  1.84389051e-022 1.63626549e-039 4.08556050e-028 2.74960273e-045
  3.08783027e-053 8.17037099e-037 1.51611562e-033 5.56425388e-010
  2.99267760e-057 1.58520910e-027 8.75121351e-054 2.25996941e-028
  8.89585768e-017 6.30226443e-021 1.52060123e-038 1.02678244e-031
  1.00000000e+000]
 [2.25828641e-050 1.00000000e+000 3.54352185e-066 5.25095088e-042
  3.47721152e-038 2.07546694e-048 1.18560345e-064 3.00957473e-019
  1.96697672e-047 1.32811411e-043 3.33616937e-004 3.91052976e-041
  2.81522867e-018 1.54758278e-066 2.23030882e-037 1.51822677e-075
  3.07189915e-070 9.34176166e-032 3.13081864e-089 2.48056639e-047
  1.00000000e+000]
 [9.14744337e-033 3.54352185e-066 1.00000000e+000 2.13620890e-012
  8.21403732e-035 3.47449410e-051 3.27729180e-077 3.48715324e-059
  1.21825898e-051 1.26786292e-036 1.33226270e-044 8.64975913e-019
  9.41787069e-041 4.03673464e-064 6.57062596e-064 5.95718367e-041
  2.04401082e-036 3.05807594e-055 1.05448846e-014 1.64261449e-035
  1.00000000e+000]
 [1.07675531e-039 5.25095088e-042 2.13620890e-012 1.00000000e+000
  7.25403945e-024 2.25165272e-035 5.91813154e-083 6.62051972e-040
  3.42045775e-036 6.30573259e-026 7.82005116e-028 5.99354136e-022
  3.37851202e-015 1.97242420e-059 2.89884768e-043 1.16941322e-055
  5.88417515e-047 6.05888369e-044 7.36325660e-030 1.75847196e-032
  1.00000000e+000]
 [1.84389051e-022 3.47721152e-038 8.21403732e-035 7.25403945e-024
  1.00000000e+000 2.05378583e-029 3.46488888e-047 7.20529000e-039
  1.54038962e-073 1.25664788e-013 1.16177580e-030 7.22561113e-010
  1.30760735e-028 1.30462771e-051 4.20077476e-044 6.12856694e-021
  5.48497905e-040 1.28101661e-047 1.40357047e-038 3.57000156e-029
  1.00000000e+000]
 [1.63626549e-039 2.07546694e-048 3.47449410e-051 2.25165272e-035
  2.05378583e-029 1.00000000e+000 3.67345233e-098 5.73328838e-014
  6.40436968e-079 4.24310741e-010 2.67221743e-037 3.29541785e-022
  3.79459882e-039 3.62534059e-034 1.58374001e-054 1.91864859e-041
  6.97595073e-044 5.47088227e-038 8.04319624e-086 7.77778009e-085
  1.00000000e+000]
 [4.08556050e-028 1.18560345e-064 3.27729180e-077 5.91813154e-083
  3.46488888e-047 3.67345233e-098 1.00000000e+000 1.44776939e-096
  1.19879571e-071 3.30628913e-075 1.62257495e-051 4.33109950e-050
  1.03281605e-076 5.54463043e-048 1.33547507e-044 1.05520410e-064
  4.50104143e-032 1.51778047e-061 4.62717423e-052 2.29529348e-051
  1.00000000e+000]
 [2.74960273e-045 3.00957473e-019 3.48715324e-059 6.62051972e-040
  7.20529000e-039 5.73328838e-014 1.44776939e-096 1.00000000e+000
  7.69203013e-066 8.07945564e-025 8.57139584e-017 5.94868521e-029
  5.26242181e-031 4.09606590e-051 3.08777328e-056 6.49489443e-057
  5.11103467e-062 2.28806710e-025 3.29006793e-102 9.15270841e-073
  1.00000000e+000]
 [3.08783027e-053 1.96697672e-047 1.21825898e-051 3.42045775e-036
  1.54038962e-073 6.40436968e-079 1.19879571e-071 7.69203013e-066
  1.00000000e+000 1.20606375e-081 2.13971547e-030 2.71102886e-064
  3.98986404e-039 1.28770900e-050 4.38842121e-037 5.99471322e-126
  2.23655953e-052 4.85572224e-030 3.48952825e-063 5.64223342e-055
  1.00000000e+000]
 [8.17037099e-037 1.32811411e-043 1.26786292e-036 6.30573259e-026
  1.25664788e-013 4.24310741e-010 3.30628913e-075 8.07945564e-025
  1.20606375e-081 1.00000000e+000 2.52804074e-033 7.05303347e-015
  1.15053183e-025 2.04418187e-040 1.33228791e-039 1.05012498e-023
  4.84782831e-036 1.37724869e-054 2.11681883e-055 3.66056163e-067
  1.00000000e+000]
 [1.51611562e-033 3.33616937e-004 1.33226270e-044 7.82005116e-028
  1.16177580e-030 2.67221743e-037 1.62257495e-051 8.57139584e-017
  2.13971547e-030 2.52804074e-033 1.00000000e+000 6.04346956e-028
  1.14520414e-013 7.73044096e-045 5.99218490e-026 1.01903118e-062
  1.71171647e-045 1.20232132e-020 6.59698037e-065 2.37699327e-039
  1.00000000e+000]
 [5.56425388e-010 3.91052976e-041 8.64975913e-019 5.99354136e-022
  7.22561113e-010 3.29541785e-022 4.33109950e-050 5.94868521e-029
  2.71102886e-064 7.05303347e-015 6.04346956e-028 1.00000000e+000
  9.65462520e-038 2.30098535e-040 8.58958051e-054 1.05306881e-012
  4.11356994e-026 2.16243203e-031 3.25885038e-034 7.57212204e-031
  1.00000000e+000]
 [2.99267760e-057 2.81522867e-018 9.41787069e-041 3.37851202e-015
  1.30760735e-028 3.79459882e-039 1.03281605e-076 5.26242181e-031
  3.98986404e-039 1.15053183e-025 1.14520414e-013 9.65462520e-038
  1.00000000e+000 2.42122823e-060 1.19891715e-020 2.95114113e-072
  6.25960739e-058 1.27307423e-050 2.31204618e-056 7.08890831e-050
  1.00000000e+000]
 [1.58520910e-027 1.54758278e-066 4.03673464e-064 1.97242420e-059
  1.30462771e-051 3.62534059e-034 5.54463043e-048 4.09606590e-051
  1.28770900e-050 2.04418187e-040 7.73044096e-045 2.30098535e-040
  2.42122823e-060 1.00000000e+000 1.12099435e-029 1.28807572e-067
  1.86711073e-010 2.36627363e-033 5.79185045e-072 6.90114490e-094
  1.00000000e+000]
 [8.75121351e-054 2.23030882e-037 6.57062596e-064 2.89884768e-043
  4.20077476e-044 1.58374001e-054 1.33547507e-044 3.08777328e-056
  4.38842121e-037 1.33228791e-039 5.99218490e-026 8.58958051e-054
  1.19891715e-020 1.12099435e-029 1.00000000e+000 8.74122729e-087
  6.84331942e-033 4.07404333e-056 3.59887826e-060 8.68797914e-077
  1.00000000e+000]
 [2.25996941e-028 1.51822677e-075 5.95718367e-041 1.16941322e-055
  6.12856694e-021 1.91864859e-041 1.05520410e-064 6.49489443e-057
  5.99471322e-126 1.05012498e-023 1.01903118e-062 1.05306881e-012
  2.95114113e-072 1.28807572e-067 8.74122729e-087 1.00000000e+000
  3.24944790e-043 1.06538440e-074 1.17284928e-050 5.00908263e-060
  1.00000000e+000]
 [8.89585768e-017 3.07189915e-070 2.04401082e-036 5.88417515e-047
  5.48497905e-040 6.97595073e-044 4.50104143e-032 5.11103467e-062
  2.23655953e-052 4.84782831e-036 1.71171647e-045 4.11356994e-026
  6.25960739e-058 1.86711073e-010 6.84331942e-033 3.24944790e-043
  1.00000000e+000 8.87827067e-043 3.71325451e-035 3.54943545e-069
  1.00000000e+000]
 [6.30226443e-021 9.34176166e-032 3.05807594e-055 6.05888369e-044
  1.28101661e-047 5.47088227e-038 1.51778047e-061 2.28806710e-025
  4.85572224e-030 1.37724869e-054 1.20232132e-020 2.16243203e-031
  1.27307423e-050 2.36627363e-033 4.07404333e-056 1.06538440e-074
  8.87827067e-043 1.00000000e+000 1.04282860e-082 3.73593770e-048
  1.00000000e+000]
 [1.52060123e-038 3.13081864e-089 1.05448846e-014 7.36325660e-030
  1.40357047e-038 8.04319624e-086 4.62717423e-052 3.29006793e-102
  3.48952825e-063 2.11681883e-055 6.59698037e-065 3.25885038e-034
  2.31204618e-056 5.79185045e-072 3.59887826e-060 1.17284928e-050
  3.71325451e-035 1.04282860e-082 1.00000000e+000 4.36751394e-035
  1.00000000e+000]
 [1.02678244e-031 2.48056639e-047 1.64261449e-035 1.75847196e-032
  3.57000156e-029 7.77778009e-085 2.29529348e-051 9.15270841e-073
  5.64223342e-055 3.66056163e-067 2.37699327e-039 7.57212204e-031
  7.08890831e-050 6.90114490e-094 8.68797914e-077 5.00908263e-060
  3.54943545e-069 3.73593770e-048 4.36751394e-035 1.00000000e+000
  1.00000000e+000]
 [1.00000000e+000 1.00000000e+000 1.00000000e+000 1.00000000e+000
  1.00000000e+000 1.00000000e+000 1.00000000e+000 1.00000000e+000
  1.00000000e+000 1.00000000e+000 1.00000000e+000 1.00000000e+000
  1.00000000e+000 1.00000000e+000 1.00000000e+000 1.00000000e+000
  1.00000000e+000 1.00000000e+000 1.00000000e+000 1.00000000e+000
  0.00000000e+000]]
