[[ 2.14776218 -2.4404362   2.61127998 -2.02760139 -0.556091   -0.30803774]
 [ 4.94904765  3.83435002 -2.92053161  2.06205614  1.32976538  3.71835189]
 [-3.93842009  0.07084421  4.53057866  1.52370299  0.04699484  3.4020171 ]
 [-2.03784391  0.09053017  2.0593618   3.29666629  3.73910088  4.0163887 ]
 [ 0.96677207 -4.35583515 -1.33492953  1.4848566   0.65044408  3.64365126]
 [-1.09719671 -0.99241764 -2.71128133 -3.99461277  4.95461794  3.44897977]
 [ 4.02354062 -2.39099808 -0.33102485  2.23338645 -4.47392104 -4.47713445]
 [ 2.22743487  2.86551483 -2.62965549 -3.14262233  3.69980207  4.94763602]
 [ 1.80113682  4.6844236   3.68249856  3.99328563  4.74285521 -2.44072248]
 [-2.40923821 -2.03267131 -3.57882723 -0.99062424  1.96879981  3.74100991]
 [ 3.16980796  3.48338745 -1.43196242  1.52811509  1.43910292  2.23384438]
 [-0.02353151 -2.25112862  1.11753896 -1.50816063 -0.13300665  3.41742237]
 [-0.23723886  2.22715034 -2.75472354  4.65404983  3.35451538  3.42630138]
 [-0.43106888 -0.31459429 -1.40283741 -3.06774949  2.95809914 -4.89006009]
 [-0.3189746   1.66140725 -4.27849689  4.03358042  2.21912904 -3.01943887]
 [-1.48678306 -4.77845261 -0.67345333 -3.10192002 -3.59274756  4.57211339]
 [-2.15884564 -1.07636677  0.56749918 -1.61691095 -0.45672199 -3.80020378]
 [ 4.8439531   2.04521937  2.47474096 -2.48632269  3.7630946   0.18021854]
 [-3.86838402 -2.72276406  4.3148924   4.66391328 -2.203095    0.33548195]
 [ 4.10496489 -2.06996204  4.84669448  4.62024179 -0.8642102   3.94636937]]
