[[-4.93022872  4.36435856 -3.95520063  1.80303243 -4.43093474 -1.21119508]
 [-2.20488257 -0.23577301 -0.45202464  0.1288382   0.48774641  2.98325672]
 [-4.21568571 -3.00147293 -2.94830241 -3.31467746  0.27346788 -1.51794027]
 [-2.0072499  -4.73776939 -1.51583498 -3.64855933  0.28970804 -2.95068995]
 [ 4.10946865  2.46656709 -1.38432222  1.88668123 -0.63156167 -3.19380699]
 [ 4.4648786   4.46833707 -2.17948739 -4.19596675  2.88501212  2.98222276]
 [-4.76549975 -2.45355203 -3.9127577  -0.66216068 -3.55939434  4.22816674]
 [-1.7870068   4.57904264 -0.79814334  1.28652877  2.34225633 -1.65839249]
 [-1.11990449 -2.15756278  4.17616128 -0.21548023 -4.14962364  3.6109171 ]
 [ 4.18379721  1.54407707  3.27444739 -1.32905076 -2.53433583  2.48080181]
 [-0.64095403  0.4675382   2.3309247  -0.75056135 -4.64515909 -2.60400364]
 [-0.63104725 -4.09953501 -4.01013049 -3.90567111  3.08942237 -2.67412834]
 [-2.30451747 -4.08780848 -3.66021493  0.27477145 -3.83312031 -0.37839372]
 [-0.62437368  4.06501274  2.76768596  0.47672574  1.26792866  4.04962497]
 [ 2.64090861  3.37973439  1.27168343  3.66840669  3.2680446   4.05226561]
 [-4.19450547 -0.52299381 -3.26133647  2.43151099 -2.07476759 -1.90161835]
 [-2.31042546 -3.99794417  4.17617427  1.71966725 -1.96048692  1.65775449]
 [ 3.09540562  0.28990755 -2.34318197  1.28759725 -0.54354855  3.63828594]
 [-1.17770935 -2.24271487  1.96303269  1.61624692 -0.38581119  3.14102482]
 [-3.06532976 -1.60230404  2.80512119  0.44841744 -3.99106438  0.1375882 ]]
