[[-2.22963526 -0.6376723  -3.25723248  2.89947818 -3.77850879 -0.86443454]
 [-0.23445905 -0.05861995  3.49118597  4.46037606  4.43016845  0.78477676]
 [ 2.64475737  3.15016258 -3.07031832 -3.13510128  4.05667668  2.87333828]
 [ 2.37503414  1.38124721 -4.65752682  3.80248814 -3.65246405  3.85603043]
 [-1.83199198  1.71045019 -4.94539465  2.32652846  2.14530463  3.05551793]
 [ 2.16780452  3.56533526 -0.86327904  0.64813225  4.79284061  1.15901558]
 [ 0.17400988  2.78946819  0.84250635 -0.2822829  -2.99313965 -2.39849244]
 [ 1.77185073 -4.8167468  -1.62011809 -3.3522742  -0.78396059  4.07140816]
 [-3.18872661  0.77037601 -0.16429282  0.92128107 -3.08226869  1.00874335]
 [-3.85607967  0.29315662 -3.54841558  0.22487629 -2.03812666 -2.4247088 ]
 [-0.32477437  4.59769403 -1.52681814  3.28908572  0.41032353 -2.12291168]
 [-3.1764486   1.92525291  0.41854382  3.40380345 -0.23498094 -0.35872482]
 [ 0.74588802 -1.37434315  2.50443435  1.9107232  -4.9687656  -3.74213813]
 [-1.84972913  3.59835699  4.78346503  0.60667413 -0.79595436  2.9090771 ]
 [-1.05904418  1.44399659  4.65437093 -3.53117175  0.32468785  3.25406535]
 [-3.91949535  4.18701514 -4.75678801 -4.70430886  4.20088034  2.09236001]
 [-1.06639579  1.5567508   0.78522403  0.84074639 -2.27954993 -1.83913367]
 [ 4.94011522  0.53466945  1.51311973  0.81268795  3.15711473 -1.76598593]
 [-3.77072206  2.52114246  1.23268573 -2.14073664 -2.47181447  3.21348019]
 [-4.55414307  1.09331091  2.2478143  -0.50559543  4.03554437  2.16368928]]
