[[ 1.15945948  2.29086526 -0.34445212  4.94889117  0.17287415  2.00895651]
 [ 3.77261263 -4.80210076  0.71186671 -4.9532814   3.45222296 -4.73259483]
 [-2.08210848  3.57309998 -4.33945693  2.88230558  2.04481898  0.46250188]
 [ 0.01787493  2.27492046  3.36960944  1.78182336  4.09513798  3.46299128]
 [-0.77596366  2.51095949 -0.65498442  1.73404705 -4.69685714  1.85848273]
 [ 4.28542748 -2.46941915 -3.15489841  1.38927152 -3.28715783 -2.82700159]
 [-3.35283227  0.06641379 -0.36547707  1.41024106 -0.78739621  3.7910923 ]
 [-4.91505628 -3.64316678 -4.17265263 -3.60012714 -3.61131173 -4.66685899]
 [ 4.91584334 -3.3747646  -0.65317307  3.16816183 -4.57900908 -4.17448083]
 [ 1.43217472 -3.90170518 -1.19090448 -2.60812185 -3.40851897 -1.6002409 ]
 [ 3.04698061  4.98161869  2.76354288  1.60203157 -3.61567669 -1.32210699]
 [-4.7873407   2.46008796  4.17317217  0.40247424 -2.78629919  2.14043934]
 [ 2.73216032  0.82837319  3.06436348 -4.79838566  0.79321061 -1.38471134]
 [ 3.45240513  0.93315055 -3.08601792 -4.3093485  -3.83368149 -1.79794274]
 [-2.03317914  0.02194302 -2.14520682 -0.10108831 -4.65431977  2.28920079]
 [-4.32110487  0.63165429  0.54898715  0.57119304 -3.65795254 -1.67188236]
 [-0.36397627 -1.700821    1.97981836 -0.49397591  3.74005468  1.36658524]
 [-3.02338779  3.70808131 -1.35948204  2.82717533 -3.18353301 -4.08551922]
 [-4.09003731 -1.56961908  3.80989273  1.39657564 -3.90109023  4.54659913]
 [-3.22902579  4.55009336 -2.59405858 -0.09212264 -2.71881598 -4.4239596 ]]
