[[-4.62088909  1.21329607 -3.15692037 -4.72515221 -1.20924507  1.13469605]
 [-3.92158163 -3.77676298 -1.54477766  2.88985048  1.35351008  2.51413333]
 [-2.9959525  -0.07172034  4.72218196 -1.32813202  2.46511647 -2.67391834]
 [ 1.61858545 -4.34515955  1.45747819 -3.6010757  -3.70982317 -0.16771306]
 [ 1.07863721 -2.3835296  -3.73021139 -1.39248948  2.18963228 -4.91605582]
 [ 4.18394039 -2.09263501  2.2903336   4.4674357   0.17443374 -1.64334308]
 [ 2.53434122 -0.55035758  0.47117116 -2.57230226  4.13632133  3.81796215]
 [-2.14510278  2.39093507  0.41626321  1.7708123  -4.86658555 -3.46798227]
 [ 3.62870287  2.08116303 -4.99989602  0.03015026 -2.80245018  1.63055832]
 [-0.56691895  4.46732363 -1.28632344  3.3152078   3.71755049 -0.565325  ]
 [-0.36513924  3.23032959  3.70374328  1.13649483 -1.9877962   4.57808764]]
