[[-30881.8533161 ]
 [ 14518.34658426]
 [ 16899.59222857]
 [-27819.47047927]
 [-28896.54531218]
 [-27942.1481973 ]
 [-34056.53863403]
 [ 65586.72788556]
 [-25877.02706579]
 [ -5241.75783992]
 [-31711.50087761]
 [ -2297.96785174]
 [  9874.09733631]
 [ -3569.20730045]
 [ 65328.04793733]
 [  2469.86210805]
 [ 51784.46097159]
 [ 37968.79969584]
 [-10509.9420372 ]
 [  5786.50529258]
 [ 34665.62125356]
 [-31030.65512834]
 [ -9015.46864724]
 [ -9227.17702782]
 [ -7231.39217323]
 [-19573.40940544]
 [ 34875.03362707]]
