[[ 4.82061097 -4.39178442  4.44293023 -0.64645219  1.47520104  1.23269223]
 [-1.50338993  1.75900718  4.27378123 -4.29864212 -1.98989673 -4.90006295]
 [-0.07141917 -3.10624997 -1.10838307 -0.83722196  1.15799678  3.96459799]
 [-1.29147832  2.13051586 -1.57390202 -1.01391766  3.07605569  3.9358913 ]
 [ 1.49118211  3.36144538  4.96682894 -0.92821362 -1.08226777 -3.33677818]
 [-0.73897237 -4.2575226  -3.07903651 -0.70031932  1.19386823 -4.14558668]
 [ 1.3705607  -1.65242481  1.57119984 -2.84947443  3.88104568 -0.93017476]
 [ 0.60213557  0.38076299 -1.3311104   3.16264017 -2.15883654  0.84816139]
 [ 3.70753324  4.14320786 -1.03839521 -3.664618    4.0406095   0.70662891]
 [ 0.66168392 -4.95800252 -2.51513844 -0.0162972   1.21033958  1.21512021]
 [ 1.39261052  0.150531    3.24467037  2.64581117 -3.87543147  0.25978672]
 [ 4.75848091 -2.60450115  4.31100398 -4.92218658 -1.745435   -0.70199538]
 [-4.95542815  0.69849638 -2.78190834  3.3774672  -0.08168409 -1.41393475]
 [-0.88284631 -2.40613926  4.99573575  2.17962243 -2.43564802  3.84104522]
 [-2.44628862 -2.47227615  4.18580181  0.35496694 -4.68481649  2.04666265]
 [ 1.99621826 -0.22969149 -0.5459803   4.38680002  1.33314508  1.89622522]
 [-4.3694108  -3.92045287 -2.93003407 -0.76057687  1.86123763  2.31716615]
 [-0.06250259 -1.67022203 -4.06851068  3.19450812  0.63513239  3.12633396]
 [ 4.06275419 -0.32806092  2.4431772  -1.14223261  3.03984931  2.96846429]
 [-4.87154995  2.56637543  3.85096753 -0.87254885 -2.1891304  -2.52540817]]
