[[ 4.2069286   4.7530145  -0.10686974 -1.30962665  2.6586696   4.97047728]
 [-3.13351071 -0.47213882 -3.11053097  1.13512522 -0.92166802  4.14657095]
 [-3.77283362  3.79523729 -0.43583059 -4.54994772 -1.76839116 -4.71490306]
 [ 4.1426422  -0.02435588 -0.45312054  3.0708246  -4.86271664 -2.23565246]
 [-1.97701748  1.79197138  3.4365      1.31481886  0.35699155 -0.85714167]
 [-3.79522821  1.695706    2.99973215  2.17321601  3.29076689 -3.50019912]
 [-1.2888246   0.94611959 -2.64713929  0.51064367 -3.21289442  0.52543284]
 [ 0.84728401  1.23353915 -0.74126486  1.32114709  0.17146244  1.49046403]
 [ 4.70665854 -4.24101755 -4.72713518 -3.57470182 -3.78488311  2.97972493]
 [ 0.15500533  2.56345799 -4.46085947  3.31241817  2.82864728  3.13098934]
 [ 0.74811307  4.10581005 -4.66609379 -1.64694258  2.43974359  0.31556227]
 [ 1.96166271  2.22945458  0.19839936 -1.13870452  4.46078175  3.56442006]
 [-4.49192654  1.5867037  -1.2754124  -1.31537027  3.44459565 -0.23327301]
 [ 0.12479124  0.39548873  2.87187446  3.80039398 -2.2049412  -0.32842377]
 [-2.19394509 -1.15793975  0.32316048 -3.23512518  0.66276386 -4.02851602]
 [-0.56392764 -0.33985758 -1.90907798  3.409362   -3.94953966 -0.32979609]
 [ 0.0387255   4.20461644 -0.06676348 -0.199704    3.28759971 -4.81602099]
 [-3.44890122  3.07132945 -4.04984816  2.49267845  4.4136842  -1.70623025]
 [-4.48055973 -2.6091993  -4.69088929 -0.6477923  -3.695264    2.0284558 ]
 [-0.11745176 -1.88531635  3.12141637 -0.04367615 -2.69781808 -0.24336339]]
