[[ 3.55878353  1.60738866  1.99835803  1.98626259 -1.09321805 -4.70535087]
 [-0.51291123 -1.6340769   3.58659364 -0.83492649  3.04633267 -3.74094442]
 [ 4.41104769  3.55785739 -0.4885542   2.20831016 -2.95346534 -2.15668571]
 [-3.60344026 -4.92641188 -3.13303015  2.09087774 -3.89415404  1.59709253]
 [ 0.54184009  3.82891181  4.42309398  3.23094219  0.80238803  4.8682363 ]
 [ 3.61827025  0.75184044  3.52515817  4.05381077 -1.65910267 -3.02899191]
 [ 3.5912399  -1.87993502 -4.7841727   2.4099021   2.61697455  1.68885411]
 [-2.58099601  4.20581446  3.90497235 -0.44962403 -2.51707056  3.51035387]
 [-2.78829214 -1.31632917 -2.04932486 -2.67611112  4.80227668  3.28180201]
 [-3.04734608  2.09765491 -4.50147829  2.92071452 -2.69428496 -4.12998297]
 [ 4.61319233  4.43255676 -1.54361254 -3.46707473  0.56508969  0.60175229]
 [-2.27501539  2.38913647  3.71738641 -1.48303259  2.06249161  4.17588949]
 [ 4.18845411 -1.39452817 -3.23495227 -0.98415575 -2.54050117  2.18314862]
 [ 2.3758006  -0.32867789 -2.68689348  1.21789083  1.8358257  -2.73963506]
 [ 4.56013728 -2.38168186 -0.95850479  3.54643739  0.45673829  2.71335467]
 [-2.53906203  3.16201908  3.79114078 -0.07374139  0.85134443  1.64839484]
 [-1.98892443 -1.02148563  4.349052    3.8198626  -3.3560138  -2.46312444]
 [ 4.42393471  3.40052187  1.91254725 -1.17090105  2.13848951  0.39405623]
 [ 4.31740069 -1.33024895 -1.23884228  0.37587739  1.30808209  0.29813843]
 [-2.601391    2.00706419  2.19941458 -3.34875174  0.06005172 -4.50615931]
 [ 4.15743246  2.57792548 -0.92257167  2.02079426 -3.21289832 -0.01278055]
 [-2.85109308 -2.93828388 -1.1917526   1.57388266 -3.30757938  4.22164923]
 [-4.93165547 -2.27639598 -1.750806    0.96597118  4.42247172  2.84314904]
 [-0.94646788  3.51090629  2.22419741 -0.07439892  0.46913546  4.30511182]]
