[[1.00000000e+000 2.72977779e-025 5.49828851e-030 9.65343182e-024
  4.45957646e-039 5.39428690e-048 7.88683994e-027 4.43585213e-038
  1.84122819e-046 6.74603670e-026 4.83439555e-039 3.20725978e-045
  1.05955757e-041 8.51072294e-049 2.54752358e-043 1.29240748e-019
  1.07374793e-043 2.72991679e-038 2.36235876e-043 9.37635889e-035
  1.00000000e+000]
 [2.72977779e-025 1.00000000e+000 4.07673418e-046 3.27132857e-045
  4.29188560e-019 8.19863143e-069 5.94030369e-029 6.36283535e-028
  1.54692406e-066 4.34221468e-076 5.47766534e-024 2.42558887e-034
  1.13426797e-026 1.59609668e-053 2.20666064e-080 5.47987051e-019
  1.38553438e-040 8.22983514e-034 6.17150151e-037 3.02621366e-059
  1.00000000e+000]
 [5.49828851e-030 4.07673418e-046 1.00000000e+000 2.15953839e-033
  2.70283234e-033 1.22509183e-037 2.36272502e-032 4.92157412e-058
  2.94196718e-018 7.51642715e-018 5.08087809e-057 3.53050577e-035
  6.25854333e-017 2.40741075e-021 9.55614247e-053 1.07691446e-022
  1.30730206e-022 3.66123418e-030 1.82100760e-035 1.36481124e-018
  1.00000000e+000]
 [9.65343182e-024 3.27132857e-045 2.15953839e-033 1.00000000e+000
  2.73259244e-031 4.33593605e-032 4.76400839e-047 1.59721904e-056
  3.39516706e-015 7.06427852e-038 1.67273962e-023 1.61267013e-051
  1.04378640e-066 5.56873555e-026 9.77411734e-016 2.02537543e-015
  3.89730517e-037 2.89170913e-015 4.51704908e-036 2.52831715e-026
  1.00000000e+000]
 [4.45957646e-039 4.29188560e-019 2.70283234e-033 2.73259244e-031
  1.00000000e+000 2.26900139e-048 2.25213137e-022 2.02165559e-017
  1.42591237e-031 6.77873893e-068 6.49927585e-024 5.74278493e-016
  2.28804764e-029 1.50927697e-041 3.47881896e-070 7.70169998e-009
  2.80660135e-024 3.29785589e-012 1.17100425e-016 7.61965868e-054
  1.00000000e+000]
 [5.39428690e-048 8.19863143e-069 1.22509183e-037 4.33593605e-032
  2.26900139e-048 1.00000000e+000 2.04296521e-029 5.04674197e-060
  2.40471900e-036 1.87712838e-063 1.59530582e-042 1.09387231e-066
  3.24338488e-067 1.03572543e-038 4.69609293e-028 1.56820415e-035
  7.50996578e-023 1.22128042e-017 1.15479853e-014 1.45504624e-027
  1.00000000e+000]
 [7.88683994e-027 5.94030369e-029 2.36272502e-032 4.76400839e-047
  2.25213137e-022 2.04296521e-029 1.00000000e+000 3.72332681e-011
  4.98697101e-054 4.12945324e-059 3.77156491e-045 2.29646699e-032
  1.45180896e-028 6.05981854e-063 5.75256491e-073 6.05735714e-019
  1.08044832e-026 3.73216262e-025 2.76611839e-010 7.84899798e-053
  1.00000000e+000]
 [4.43585213e-038 6.36283535e-028 4.92157412e-058 1.59721904e-056
  2.02165559e-017 5.04674197e-060 3.72332681e-011 1.00000000e+000
  1.67444955e-069 4.21158647e-084 2.61625596e-048 3.57969960e-030
  2.33427749e-045 6.41948995e-090 4.46435867e-100 3.97242056e-022
  1.36173980e-047 1.06039047e-034 2.15438875e-022 2.40477446e-087
  1.00000000e+000]
 [1.84122819e-046 1.54692406e-066 2.94196718e-018 3.39516706e-015
  1.42591237e-031 2.40471900e-036 4.98697101e-054 1.67444955e-069
  1.00000000e+000 1.31312624e-030 3.68488912e-045 7.90359545e-040
  1.06670561e-054 4.34679937e-017 5.66379424e-032 1.08282036e-024
  1.14771835e-027 9.34773335e-020 6.30778027e-039 6.08359771e-023
  1.00000000e+000]
 [6.74603670e-026 4.34221468e-076 7.51642715e-018 7.06427852e-038
  6.77873893e-068 1.87712838e-063 4.12945324e-059 4.21158647e-084
  1.31312624e-030 1.00000000e+000 3.03614681e-084 2.93412822e-057
  1.09507874e-052 5.24451459e-044 4.74675861e-051 3.82173672e-045
  5.49054593e-054 9.16971145e-063 2.32803258e-074 2.62799977e-028
  1.00000000e+000]
 [4.83439555e-039 5.47766534e-024 5.08087809e-057 1.67273962e-023
  6.49927585e-024 1.59530582e-042 3.77156491e-045 2.61625596e-048
  3.68488912e-045 3.03614681e-084 1.00000000e+000 4.30191281e-039
  3.69637557e-064 7.07008500e-031 1.07761873e-034 1.49242775e-026
  1.04634761e-025 1.31770242e-016 4.66298080e-030 9.47120459e-039
  1.00000000e+000]
 [3.20725978e-045 2.42558887e-034 3.53050577e-035 1.61267013e-051
  5.74278493e-016 1.09387231e-066 2.29646699e-032 3.57969960e-030
  7.90359545e-040 2.93412822e-057 4.30191281e-039 1.00000000e+000
  5.99801515e-032 1.59441577e-044 1.92456430e-080 2.26835692e-032
  3.85448247e-020 9.63622805e-036 3.77472424e-036 2.64757299e-050
  1.00000000e+000]
 [1.05955757e-041 1.13426797e-026 6.25854333e-017 1.04378640e-066
  2.28804764e-029 3.24338488e-067 1.45180896e-028 2.33427749e-045
  1.06670561e-054 1.09507874e-052 3.69637557e-064 5.99801515e-032
  1.00000000e+000 1.08534216e-046 6.63479803e-102 1.36601972e-029
  5.11721974e-033 1.64901042e-045 1.04743080e-040 6.18834328e-050
  1.00000000e+000]
 [8.51072294e-049 1.59609668e-053 2.40741075e-021 5.56873555e-026
  1.50927697e-041 1.03572543e-038 6.05981854e-063 6.41948995e-090
  4.34679937e-017 5.24451459e-044 7.07008500e-031 1.59441577e-044
  1.08534216e-046 1.00000000e+000 6.07206590e-027 3.87104327e-037
  2.46221883e-017 6.96718311e-026 1.00881533e-045 8.09558045e-008
  1.00000000e+000]
 [2.54752358e-043 2.20666064e-080 9.55614247e-053 9.77411734e-016
  3.47881896e-070 4.69609293e-028 5.75256491e-073 4.46435867e-100
  5.66379424e-032 4.74675861e-051 1.07761873e-034 1.92456430e-080
  6.63479803e-102 6.07206590e-027 1.00000000e+000 3.48183048e-050
  1.55056444e-041 1.13754044e-034 1.70078501e-055 1.36755598e-017
  1.00000000e+000]
 [1.29240748e-019 5.47987051e-019 1.07691446e-022 2.02537543e-015
  7.70169998e-009 1.56820415e-035 6.05735714e-019 3.97242056e-022
  1.08282036e-024 3.82173672e-045 1.49242775e-026 2.26835692e-032
  1.36601972e-029 3.87104327e-037 3.48183048e-050 1.00000000e+000
  1.38368851e-030 4.13221237e-010 1.64281620e-017 3.80722153e-041
  1.00000000e+000]
 [1.07374793e-043 1.38553438e-040 1.30730206e-022 3.89730517e-037
  2.80660135e-024 7.50996578e-023 1.08044832e-026 1.36173980e-047
  1.14771835e-027 5.49054593e-054 1.04634761e-025 3.85448247e-020
  5.11721974e-033 2.46221883e-017 1.55056444e-041 1.38368851e-030
  1.00000000e+000 4.30612322e-017 7.08521733e-017 8.62269601e-018
  1.00000000e+000]
 [2.72991679e-038 8.22983514e-034 3.66123418e-030 2.89170913e-015
  3.29785589e-012 1.22128042e-017 3.73216262e-025 1.06039047e-034
  9.34773335e-020 9.16971145e-063 1.31770242e-016 9.63622805e-036
  1.64901042e-045 6.96718311e-026 1.13754044e-034 4.13221237e-010
  4.30612322e-017 1.00000000e+000 2.78649459e-008 1.94744306e-032
  1.00000000e+000]
 [2.36235876e-043 6.17150151e-037 1.82100760e-035 4.51704908e-036
  1.17100425e-016 1.15479853e-014 2.76611839e-010 2.15438875e-022
  6.30778027e-039 2.32803258e-074 4.66298080e-030 3.77472424e-036
  1.04743080e-040 1.00881533e-045 1.70078501e-055 1.64281620e-017
  7.08521733e-017 2.78649459e-008 1.00000000e+000 4.47361573e-045
  1.00000000e+000]
 [9.37635889e-035 3.02621366e-059 1.36481124e-018 2.52831715e-026
  7.61965868e-054 1.45504624e-027 7.84899798e-053 2.40477446e-087
  6.08359771e-023 2.62799977e-028 9.47120459e-039 2.64757299e-050
  6.18834328e-050 8.09558045e-008 1.36755598e-017 3.80722153e-041
  8.62269601e-018 1.94744306e-032 4.47361573e-045 1.00000000e+000
  1.00000000e+000]
 [1.00000000e+000 1.00000000e+000 1.00000000e+000 1.00000000e+000
  1.00000000e+000 1.00000000e+000 1.00000000e+000 1.00000000e+000
  1.00000000e+000 1.00000000e+000 1.00000000e+000 1.00000000e+000
  1.00000000e+000 1.00000000e+000 1.00000000e+000 1.00000000e+000
  1.00000000e+000 1.00000000e+000 1.00000000e+000 1.00000000e+000
  0.00000000e+000]]
