[[-0.46479727  1.25070431 -4.7125945  -2.72576911  2.52250652  4.1276962 ]
 [ 1.83546516 -4.82808392 -1.18276014 -1.27351011  3.08245933  1.62463478]
 [ 4.40995377  0.72666357  1.20383615  1.98690594 -0.45411452 -0.17405627]
 [ 2.18791709 -1.42957588 -4.68717553 -3.50196402  4.29516921 -4.46906721]
 [-0.80263189 -4.70521492  4.18663566  0.9953684  -0.62514826  1.07638283]
 [ 1.69691759 -4.17364823 -0.09992732 -1.19344457  2.75306952 -1.86927186]
 [ 1.74409835  2.32762016 -1.48321547  3.686488   -4.65312034 -3.70013994]
 [ 0.75213157  2.73331395  3.04479427 -1.01485823  4.13214825 -4.80993776]
 [-3.29149612  0.88635855 -0.09596564  1.37741135 -3.73346473  2.30610144]
 [ 0.35582375 -2.63783172  0.32770315  2.52068278  3.50613218  2.06301474]
 [-3.36197503 -1.44278162  0.39052949 -0.04073971  0.04008523 -2.84879691]
 [-2.81179815  1.90120374  4.75771834  0.78576652 -0.66390353  1.21987892]
 [ 2.04894443  3.7450501   2.18023676 -4.14865542 -4.86951885 -1.98004487]
 [ 2.28233129 -2.15311066 -3.82534453 -1.584669    3.99952043 -0.8516473 ]
 [ 4.46078204  2.86233764  3.49214026 -1.09033522  1.71795149  4.40885895]
 [ 1.05873809 -3.38812428  1.28891751 -3.78525813 -3.99051066 -0.60200166]
 [-1.05678588 -0.46775157  4.22012046 -2.65711617  4.41786245  2.91850994]
 [-2.94160992 -4.74848137  4.28079351 -2.85799693 -2.74024376 -4.47127457]
 [ 0.13793311 -2.44666979  2.25943996  3.7550445  -2.45309795  2.93656534]
 [ 0.26817716 -0.28723485 -3.51267148  4.29887192 -0.57357545 -2.30558876]
 [-3.61070018  4.81453665 -4.37552545  3.48989163 -4.12585822  4.91865655]
 [ 4.66173831 -0.90372545 -3.46563824 -3.88087123  0.30937555 -3.84103195]
 [ 2.38496193 -2.05594559 -3.23932158 -0.72534896 -1.23353325 -1.90241683]
 [-1.96947387  2.69766372  3.08809618 -2.09575485  1.21738212  2.24156619]
 [-1.1461789  -3.58169225 -3.36378072 -2.70421615  0.26254806  3.65715306]
 [-1.8041082   3.38859921  4.78695372  4.44926574  4.14107228 -0.11002609]
 [-1.81950139 -1.81920424  0.43489991  2.10257174  4.70271367  2.79976875]
 [-1.40096713 -3.31272954 -4.07244338 -1.1929506   3.61076395  1.4427132 ]
 [-4.51984717 -0.72501773 -2.92272238 -3.49113598 -4.7964366  -0.0518843 ]
 [ 1.50052371  2.77547358  3.17595132  0.42089704  1.15909119 -3.60843488]
 [-3.42905037 -4.75363792 -1.08821091 -0.5278438  -4.55358613  2.46900752]
 [-1.09252338  2.26621278 -1.70157521  2.46456436  2.7982205  -0.02326745]
 [-4.60549555  4.63986023  3.09715775 -2.15043391  3.1925569   0.45073016]
 [-4.28329406 -3.84530677  1.27081462 -0.51445164  3.12830052  1.12030597]
 [-1.33457224  1.85998315  1.80938664 -1.16028687  3.66753    -0.83251992]
 [-0.41021802 -4.61443194  2.67730662 -3.12668798 -0.49015601 -1.34630922]
 [-4.61824446 -3.87670663  2.54199043  2.90551974 -3.44483694  4.96353808]
 [-0.99586792  1.17201758  2.11297256  1.44772653 -2.94424904 -0.43445424]
 [ 0.55142427  1.75389941 -2.73747123 -0.52343584  3.19429496 -4.16668438]
 [-0.19068464  3.47045512 -0.70568062  4.74622237 -2.29656999  1.28645185]
 [ 2.53777871 -3.25814998  3.47914124 -4.3366869  -2.27746735 -3.34706215]
 [ 0.05673635  3.82859681 -3.18874793  4.36467252 -2.57389586  3.40473831]
 [ 1.17155901  4.73510302 -0.61375159  0.36217685 -3.84953925 -4.81045952]
 [-4.80928232 -2.16007598 -2.57104561  3.36622021  2.46289875 -0.58064936]
 [-0.77799636  2.26720091  1.61351428  0.78131039 -3.23080568  3.34522026]
 [ 2.20817282 -3.43861874 -0.62145587 -0.7931685  -1.37522426 -3.28543648]
 [ 1.94402198  0.50785504 -4.71299388  0.47011305  4.18973692  2.40271705]
 [ 1.20900743  1.09797741 -3.73096951  4.78673525  1.16934822 -1.99495483]
 [ 0.8576411   2.43864459  2.97916719 -1.40340503  3.25613584  3.54872886]
 [ 4.10905038 -0.8343453   1.64577351 -0.56869361 -2.39946901  4.70489247]
 [ 2.2980466   2.10295459 -4.99256294 -2.72767141 -1.28050173 -4.91218188]
 [-1.34139241  1.47585976 -3.13708811  2.11131993 -1.57708619 -2.61203888]
 [ 3.460835    0.62807392  0.03027699 -4.88247537 -1.6682249  -4.4239573 ]
 [ 4.4365423   2.2760841   3.52903459  2.92721154  1.16725169 -3.73420548]
 [-0.93488265 -1.33576907 -0.49304422 -2.55748241  1.73770268  3.4232737 ]
 [ 3.06515507  1.54082769  0.60252995  3.33390907  4.98379914  3.29651163]
 [ 1.35924549  0.64781606 -2.58665242 -4.96231711  4.73394908 -4.65145054]
 [ 0.26732872  1.05650405  3.36226281 -0.32381944  3.46749529 -1.38053361]
 [-1.44684235  2.68894967 -3.14958651 -2.80717339 -4.22867908  1.32757795]
 [ 0.75493325  3.14337373  2.11648938  0.05729057  3.0704117   1.49653888]
 [ 4.05736568 -4.82276775  4.76064804  3.77820577  4.00723953 -2.19906968]
 [-0.60592387  2.16725284 -0.09039874  2.75150556 -1.10407866 -4.63001193]
 [-3.27727605 -1.26970198 -0.99628805 -2.93505825  0.43796712  1.44614501]
 [ 2.03352966  0.77941909  4.55838398  2.87291086 -0.99184041  3.44296102]
 [-2.5226224  -1.97081559 -3.26657957 -2.96573441 -4.35657755 -3.77622253]
 [ 4.19122719 -4.05541817 -3.59323387 -2.04163012 -2.53386402  1.3714477 ]
 [-0.05389028 -1.71271287  0.80693836 -1.87063138 -1.09391109 -4.32136964]
 [ 1.89491342  3.58362781  0.81401598  1.80860058 -0.46224444 -0.39309301]
 [ 3.80788621 -1.15005121  0.59531653 -1.10840774  3.9307761   4.55113985]
 [ 3.4683297   4.36453727 -1.78259064 -3.94038041 -0.83694453 -0.06275758]
 [-4.1195436  -1.12084356  0.05852853 -2.39836861 -0.82871424 -1.38034738]]
