[[ 2.03455325e+00 -1.79646226e-01  1.18829914e+00  1.90090757e-03
   1.33414339e+00  9.17238368e-01]
 [-7.22857131e-01 -4.31680861e-01 -3.06341947e+00  3.29535521e+00
  -4.01710087e+00 -4.33613937e+00]
 [ 6.38026016e-01 -3.43566420e+00  4.37465242e+00  7.17774103e-01
   2.07625975e+00  2.54752181e+00]
 [ 1.01527492e+00  7.15006373e-01 -2.28918821e+00 -2.80364820e+00
   3.39437761e+00  2.07254821e-01]
 [ 1.34496911e+00  3.89319028e+00 -2.24948801e+00 -3.47377997e-01
   3.13038837e+00  2.19898670e+00]
 [ 5.16669081e-01  3.35101228e+00 -1.23616765e+00 -6.21784356e-01
   3.35804631e+00  3.99711850e+00]
 [ 6.96546164e-01 -2.17175447e+00 -1.71663205e+00 -6.84609630e-01
  -7.34905356e-01 -2.66724560e+00]
 [-1.36123082e+00 -2.68310549e+00  1.73592230e+00  2.33270537e+00
   3.68868799e+00 -1.77061531e-01]
 [-5.62131442e-01  4.39088472e+00  1.31249795e+00 -1.97035241e+00
   3.67596689e+00 -3.69110071e+00]
 [-3.65240907e+00 -6.84099414e-01 -3.30023850e-01  2.37499689e+00
  -4.44914215e-01 -4.84635054e+00]
 [ 8.42396046e-01  2.22171886e+00 -3.82051163e+00  4.41229323e+00
  -4.33644524e+00  3.30833833e+00]
 [ 7.61370849e-01  3.08466949e+00 -2.76094131e+00  2.79676243e+00
  -4.93707603e+00  1.11716598e+00]
 [ 4.32598069e+00 -1.94745424e+00 -4.08891172e+00  1.17875406e-01
   3.74191146e-01 -1.05183191e+00]
 [-3.28163337e+00 -5.70318038e-01 -7.10897373e-01 -3.06788797e+00
   2.18953000e+00 -2.76675139e+00]
 [ 8.39792802e-01 -1.65017822e+00 -9.57903891e-01 -8.64022215e-01
   3.97050054e+00  4.41074024e-01]
 [-2.52438549e+00  2.21869013e+00 -2.67627476e+00  3.33166760e+00
   3.40687928e+00  2.59742087e+00]
 [ 2.71011950e+00 -4.78988467e+00 -3.97132870e+00  8.06410457e-01
  -2.75024781e+00  4.67717333e+00]
 [-5.50445492e-01 -3.82167660e+00  3.17650232e+00  1.39638342e+00
   2.18376765e+00  1.83175992e+00]
 [-9.05539374e-01  4.77738193e+00 -1.41633014e+00 -4.95908841e-01
   1.91046867e+00 -2.10796563e+00]
 [ 4.41218088e+00 -4.42892219e+00 -5.26352817e-01  4.23831714e+00
  -9.80542187e-01  4.01608115e+00]]
