[[-4.79976555 -1.22167121  2.06369077 -3.86625781 -2.80964973  2.30036492]
 [-2.39336099  3.00151239 -2.18350864  3.80827579  2.90532628  1.72925655]
 [-2.59224982  3.29414456 -0.83110559 -1.45409151  0.18213951 -2.7964469 ]
 [ 2.30438981 -2.07538988  3.07650764 -4.09651014 -2.72915478 -0.96193076]
 [ 0.31045257 -0.88718066  3.92795484 -2.13988443 -1.08818831 -0.41039386]
 [-1.5643938  -3.84750617  1.72595174 -1.08815718  3.97245355  3.64554261]
 [ 1.17498041 -0.73429332  3.58800393  0.893925    4.77383412  2.73003843]
 [ 2.68759966 -4.59635913 -4.24177504 -4.73001259 -2.9382282  -1.33339786]
 [-3.87475141 -4.53827143 -0.55980151 -4.48710106 -2.12767782  4.65494852]
 [ 1.4204799  -0.0836505   2.6880976  -4.05254866  1.92056597 -3.11841023]
 [ 0.66008066  0.47602558 -3.74133328 -0.1967003  -2.25721404  3.12513488]
 [ 1.73711381  4.21279762 -2.86589996  2.1241326  -2.81508392  3.20267728]
 [ 3.73148215 -4.36066582  3.41248331  1.12870623 -2.26103344 -0.94217428]
 [-2.26863873 -2.15478021 -4.66129107  2.30338723 -4.8656355   0.97618762]
 [ 2.7790695   3.65921661  3.2713642   3.36132855 -1.31402753  3.57172186]
 [-0.15121949  0.76979937 -4.02220345 -1.8041745   4.14653683 -0.06685186]
 [ 4.56304904  4.89196053  2.02260891  3.83440333  3.46841509  4.86772258]
 [-0.31054363 -3.7099686   2.86109034 -2.91868459 -4.82636143  2.24320292]
 [ 2.18942197  3.91412196  4.42647265  4.71820058 -2.18604652 -0.87329644]
 [-2.62026242 -3.3546038   2.80489708  0.04828997 -0.21201383 -1.23739401]]
