[[-2.68904362 -3.54723547  2.22091035  2.30858457 -2.70630571 -3.14314107]
 [-3.44115505 -4.12511086 -3.02460425  1.05441015  1.54162543 -2.92813924]
 [ 4.58900123 -2.4881252   1.0186232  -4.5060199   2.61645812  2.72350994]
 [ 2.95139927 -1.9744187  -0.37656644 -3.40592272  0.43755493 -2.75680013]
 [ 2.44918645  4.05926609  3.72849986  4.55185319 -3.13236731  1.98379978]
 [ 1.07349175 -1.61271325  3.8586967   2.66072193 -2.44442637 -3.7491366 ]
 [ 2.08898972  2.26977689  4.46559148 -2.92737707 -4.27487087  1.26044354]
 [ 3.87240746 -4.77009303  2.1646133   3.52017254 -3.92238791  0.78953271]
 [ 3.94255845  2.26461715  4.30257504 -2.73043719  1.49043471  1.92245679]
 [ 1.61350033  3.53772661 -3.10096719 -0.52408626 -0.79779695 -0.78419492]
 [-1.94991695 -0.47761917 -3.08593876 -0.21584303  0.63656941 -3.5810801 ]
 [-4.64818671  3.37051919  1.05044751  0.61838242  2.14198881  3.87287377]
 [-4.406309   -1.64511737  1.17076491 -4.36074833  1.77385027 -3.49265921]
 [ 3.30151382 -2.35373031 -0.37135483 -0.8853424   2.26292396  3.48979816]
 [ 1.71095564 -3.87647962 -2.42685516 -4.27539585 -3.64559131  0.31766736]
 [-1.35094763 -4.66405105  4.39353622 -1.52357661 -0.33260841 -0.170594  ]
 [ 0.19035627 -1.79872681  0.25362672  1.55372972 -4.65107983 -4.8639372 ]
 [ 4.79775222 -4.60495646 -4.86063889  3.40994788 -3.3462133  -4.54453632]
 [ 4.56500899 -3.58718731 -0.21838863 -4.13439651 -0.63403879 -3.93386573]
 [-0.0839302   0.0542875   1.95836811 -3.92827983  1.87947985  3.0724734 ]]
