[[ 6.98327465e-02  2.28270567e+00  1.74819440e+00 -3.63148080e+00
  -4.89013683e+00 -1.27561888e+00]
 [ 3.86021283e+00  3.09274337e-01  4.92466188e+00 -1.03145453e+00
   3.24919892e+00 -3.42635881e+00]
 [ 5.06863064e-01  4.05042711e+00  4.57100850e+00 -6.80012700e-01
  -1.95782132e+00  3.87927730e+00]
 [-2.84916313e+00 -2.44972265e-01 -2.12975906e-02  4.25890733e+00
  -2.72116730e+00  2.59552636e-04]
 [ 3.57994700e+00  1.89435951e+00 -2.10951966e+00  4.11739078e+00
   3.36251676e+00  3.39671514e+00]
 [ 4.10203220e+00  1.64566617e+00 -8.89822849e-01 -4.47530977e+00
   3.00607417e+00  4.60391017e+00]
 [-3.31382146e+00 -3.90423450e+00 -3.66837840e+00 -3.53750893e+00
   4.35148401e+00 -4.15248116e+00]
 [-1.02871053e+00 -7.04423110e-01 -1.26754570e+00 -2.60520078e+00
   9.80979528e-01 -2.49269407e+00]
 [-4.95888576e+00  4.81614870e+00 -2.91527597e+00  4.60041322e+00
  -4.64795820e+00  2.16756149e+00]
 [ 4.56806424e+00 -2.77149214e+00 -2.95611095e+00 -7.91851111e-01
   4.33222830e+00  2.96903688e+00]
 [ 2.75856401e+00 -4.09986985e+00  6.80650925e-02  1.18950732e+00
  -1.16563341e-01 -3.25455089e-02]
 [ 2.32937056e+00 -3.87193399e+00  2.39620549e+00 -4.61135477e+00
  -3.62677412e+00 -3.57608846e+00]
 [ 4.07736469e+00  4.67101339e+00 -2.60152090e+00 -3.11332548e+00
  -4.78368346e+00  1.53321063e-01]
 [-2.89878238e+00 -3.99273418e+00  2.16586746e+00  2.05955548e+00
   2.26450288e+00 -1.85453129e+00]
 [-2.70631087e+00  2.92829012e+00  1.36357825e+00  2.20977081e+00
  -1.34101292e+00 -3.73920158e+00]
 [ 3.46931040e+00 -1.50912133e+00 -4.10515009e+00 -3.32463551e+00
   2.00846647e+00 -6.34961912e-01]
 [ 4.58384503e+00 -1.29774809e+00 -1.64193584e+00 -7.82714227e-01
  -2.71078230e+00 -7.09537913e-01]
 [ 3.46419760e+00  4.46487767e+00  3.18465468e+00 -3.97261564e+00
  -1.49648033e+00 -4.03710344e+00]
 [ 3.83116964e+00 -1.23468531e+00  5.74938785e-01 -2.97491773e+00
  -2.57619293e+00 -2.89283318e+00]
 [-4.24630538e+00 -3.73473114e+00  4.64295322e+00  2.12630671e-01
  -8.34722822e-01 -4.44363474e+00]
 [-3.98992031e+00 -2.11973059e+00 -4.89697309e+00  3.53645203e+00
  -3.21239041e-01 -1.86059955e+00]
 [ 4.18003166e+00  4.12738133e+00  4.72159616e+00 -1.00502665e+00
  -9.84397656e-01 -3.98098487e+00]
 [ 4.62615977e+00 -1.73866491e+00 -2.60460763e-01 -2.53360248e+00
  -2.88633347e+00  4.80977028e+00]
 [-2.95422350e+00 -2.10169352e+00  3.76092700e+00  3.45957686e+00
  -1.62428883e+00  3.95947079e+00]
 [-8.75466481e-01  4.34114282e+00  8.87908905e-01  2.43197064e+00
  -1.67516601e+00 -2.95494782e+00]
 [-2.43040597e+00  4.77700420e+00  4.41214650e+00  3.36322931e+00
  -1.96113967e+00  7.05688669e-02]
 [ 1.68823487e+00 -4.82814961e+00 -4.58973016e+00  1.67478348e+00
  -4.88878682e+00 -4.31008620e+00]
 [-2.07376589e+00 -4.43886422e+00 -4.50688615e+00  4.48782263e+00
   9.13864612e-01  2.15119657e+00]
 [ 8.69200443e-01  3.36582807e+00  1.63558788e+00 -5.06769824e-01
  -3.23791302e+00 -2.65326999e+00]
 [ 1.05198260e+00  2.77268964e+00 -4.87856247e+00 -1.89978505e+00
   3.61661340e+00  1.69344948e-01]
 [-3.63049160e+00  1.57065059e+00 -2.49631400e+00  2.95599869e+00
  -1.33773136e+00  4.24384789e+00]
 [-2.88623862e+00 -5.90654166e-01  2.90288797e+00  4.16581089e+00
   1.32137448e+00  4.86168359e+00]
 [ 1.72318008e+00 -1.18231990e+00 -2.68898684e+00  3.19216537e+00
   4.79485587e+00  2.96444186e+00]
 [-2.69393435e+00  3.99946232e+00  3.54933584e+00  4.17035236e-01
  -3.02667595e+00  2.41055273e+00]
 [ 4.38660190e+00 -2.24459675e+00  4.73134643e+00 -3.05298108e+00
  -3.10506874e+00 -2.07161627e+00]
 [-1.37970328e+00 -6.48856767e-01  4.41622594e+00 -1.90505719e+00
   2.54046271e+00 -3.51774589e+00]
 [-2.70742287e+00 -1.62261248e+00  4.68387360e-01  5.31648727e-01
   1.93897852e+00  2.31560513e-01]
 [ 3.47594200e+00  3.00923807e+00 -4.79834354e+00 -1.46989477e+00
  -2.24525905e+00 -1.30422906e+00]
 [ 8.44920408e-01  4.04197227e+00  4.84261841e+00  7.88164792e-01
   7.03880859e-01  2.16166823e+00]
 [-7.13437115e-01  3.32700486e-01 -1.20373527e+00 -1.62605509e+00
   3.20437067e+00  4.39816569e+00]
 [ 2.46809471e+00  4.05426696e+00  3.25896411e+00 -1.38076514e+00
   3.68910572e+00 -3.96084789e+00]
 [ 1.16508234e+00 -1.46191652e+00 -1.38817952e+00 -2.89837913e+00
  -4.61919741e+00 -3.48610709e+00]
 [ 4.97671386e+00  3.19088443e+00  4.87266720e-01 -3.04671843e+00
   8.05367591e-02 -4.42108759e+00]
 [-1.94812342e+00 -4.57787503e+00  1.71188584e+00 -3.07462780e+00
   4.37058847e-01  2.12711080e+00]
 [-4.38949678e+00  1.85495131e+00 -4.83240216e+00 -2.46740648e+00
  -3.36056451e+00  1.87144669e+00]
 [-3.36052320e+00  4.60598219e+00  2.69155059e+00  2.60208542e+00
  -3.23630915e-01  3.07059451e+00]
 [ 4.05411096e+00 -2.48749967e+00 -7.87028488e-01 -3.58342612e+00
  -3.09269468e+00  6.29350183e-02]
 [-4.23967320e+00 -6.58806087e-01  3.88363796e+00  2.17954681e+00
  -4.94457662e+00 -4.57602762e+00]
 [-3.08171436e+00  4.63764508e+00  2.44725989e+00  1.77665379e-01
   4.67471633e+00 -1.77666215e-02]
 [ 9.66995766e-01 -3.44026347e+00  4.93645985e+00  2.24809063e+00
   2.01403344e+00  3.05539716e+00]
 [-1.02501829e+00 -4.18229591e+00 -5.83812042e-01 -4.84186312e+00
   3.62940959e+00  3.64766277e+00]
 [-4.56029001e+00 -1.96881223e+00  4.60970153e+00  1.18216813e+00
  -6.51690405e-01  3.25685896e-01]
 [ 6.91152139e-01 -3.53364690e+00  9.93526210e-01  3.47017057e+00
  -2.31899680e-01  2.97222767e+00]
 [ 3.83186510e-01  2.50670032e+00  3.72658461e-01  1.81885643e+00
   9.09415246e-01 -2.13590895e+00]
 [ 2.40497467e+00 -2.39020157e+00  3.14749918e+00 -4.80788391e+00
   1.90423345e+00  2.22860348e+00]
 [-8.47037550e-01  1.55524355e+00  2.79842092e+00 -1.57105920e+00
   3.75109334e+00  9.14012666e-01]
 [ 1.15706205e+00 -2.70577441e+00 -1.15687643e+00  4.42986300e+00
   3.67560527e+00  3.74078032e+00]
 [ 4.79478213e+00  3.34298369e+00 -2.36011456e+00 -1.19366847e+00
   2.85328148e+00 -1.08820531e+00]
 [ 2.97356412e+00  4.73457312e+00  5.85038503e-01  1.99000256e+00
   1.08079793e-01 -4.43731083e+00]
 [-2.56777666e+00  2.34474846e+00 -1.09124782e-01  3.61883813e+00
  -2.14819928e+00 -4.81964385e+00]
 [-4.59203471e+00  1.90103161e+00 -2.85860730e+00  4.56202750e+00
   8.41887697e-01 -1.93648980e+00]
 [ 4.69178237e+00  9.96251933e-01  3.47205805e-01 -2.32886135e+00
   7.59922932e-01 -3.56613449e+00]
 [-1.10842131e+00 -2.90848962e+00 -3.56472435e+00 -3.36323956e+00
   2.88297560e+00  2.31290124e+00]
 [ 3.75816711e+00 -3.80276645e+00 -2.47963179e+00 -1.31711865e+00
   2.85189451e+00  4.25666912e+00]
 [-1.56400918e+00  3.94421457e+00 -1.62376274e+00 -2.82730852e+00
  -3.20519484e+00 -2.29821751e+00]
 [ 4.57118812e+00  3.73073979e+00 -5.12960701e-01  3.12453338e+00
  -1.42568286e+00 -4.42568455e+00]
 [-1.11219855e-01 -2.87719350e+00 -2.57373233e+00 -2.64951111e+00
  -2.07474362e+00  3.26043347e+00]
 [ 4.66647912e+00  2.64036721e+00 -9.05759074e-01  2.79101941e+00
   4.60551777e+00  4.17045527e+00]
 [ 3.61985397e+00  5.50074807e-01 -1.26823487e+00  3.04488783e-01
   7.63337592e-01 -3.90252440e+00]
 [ 2.97469338e+00 -4.98898220e+00 -3.56462429e+00  4.71762758e+00
  -9.77308397e-01  4.10198553e+00]
 [ 4.66643509e+00  2.47507961e+00 -3.52392538e+00  2.65954463e-01
  -3.20810692e-03  2.90753415e-01]
 [ 4.33570249e+00  3.96819181e+00 -3.25939655e+00 -1.54752284e+00
   3.14626232e+00  1.59050211e+00]
 [-2.61732655e+00  1.21615420e+00  9.46490747e-01  2.97203412e+00
  -3.37580037e+00 -9.72222865e-01]
 [ 1.54771673e+00  2.12874915e+00  3.19492183e+00  3.92279941e+00
  -4.40891429e+00  1.46470921e+00]
 [-4.79729905e+00 -4.88893552e+00  2.32415017e+00 -7.17289202e-01
  -8.39632415e-01 -2.32465726e-01]
 [ 4.21033679e+00 -1.04242846e+00  4.03497616e+00 -8.24412154e-01
   2.08574854e+00 -1.12079599e+00]
 [-2.22073327e+00  2.70419834e+00 -2.31659147e+00 -2.12067841e+00
   4.58300858e+00 -6.21291019e-01]
 [ 4.81770376e+00 -4.29495700e+00  2.67634343e+00  3.82469862e+00
  -1.70493255e+00 -6.41104913e-01]
 [ 3.52420488e+00  4.21228453e+00 -3.82990153e+00  3.59262150e+00
   4.12595004e+00 -4.34710223e+00]
 [ 1.38837043e+00 -4.49560658e+00 -2.37799240e+00  1.11371068e+00
   1.95034364e+00  3.44707262e-01]
 [ 4.13567637e+00  6.26290742e-01 -4.40683032e+00  6.82689827e-01
   4.49166034e+00  3.98638533e+00]
 [ 3.13269286e+00 -3.13416951e+00  3.12349813e+00 -4.61112714e+00
   3.39232278e+00  2.44576681e-01]
 [-3.39519431e+00 -1.81472435e+00  6.75894904e-01 -2.55464293e+00
   6.55982699e-01  2.92363405e+00]
 [-1.55972403e+00  9.14344998e-01 -2.66233992e+00  3.77133328e+00
   1.40776780e+00 -4.32571907e+00]
 [-2.59072536e+00 -3.98663132e-01 -1.22754629e+00  3.65537766e+00
   4.45694996e+00  2.05024316e-02]
 [ 2.97258718e+00  3.02675304e+00 -1.54574802e+00  4.58780823e+00
  -1.78495521e+00 -3.35718170e+00]
 [ 3.07081502e+00 -3.18426373e+00  2.40371981e+00 -3.11264909e+00
   9.92415193e-01 -4.06701019e+00]
 [ 4.28954450e+00  1.18439900e+00 -1.85625217e+00  7.19614615e-01
   2.63540261e+00 -1.15841581e+00]
 [-3.26905571e+00  8.64131549e-01  3.33177786e+00  1.27846596e+00
  -4.13652214e+00  2.18411433e+00]
 [ 9.58242670e-01 -3.48207583e+00 -1.68762154e-01  1.93666985e+00
   6.00176401e-01  4.46616881e+00]]
