[[-0.69029761 -0.54451081 -3.92499357 -3.63388633 -2.04907536 -0.77370821]
 [ 0.61284776  1.47284295  1.65359383  3.84371344 -2.83806235  2.08519865]
 [ 2.58929818  0.32868907  4.56699097  2.53058055 -0.23871917 -1.55968089]
 [-1.61441793 -2.21401327  3.16603001  2.30276542  4.57376861  4.46346442]
 [-4.91277324  1.94185849  0.19465176  3.41823029  4.50093002 -1.75846547]
 [ 4.42043766  1.33099059  0.1395054  -1.98029194  4.2960785   1.16448787]
 [-3.18499401 -0.86909496 -4.68932966  2.37131378 -2.63335658  2.50244429]
 [ 4.3368271  -2.95800097 -2.1761164  -1.7496163   4.59909875  1.8669469 ]
 [-1.61192178  1.39986561 -0.89817949 -1.41973579  3.17417112 -4.06355421]
 [-2.1452518  -1.67640132  3.70242414 -1.66056569 -0.27488642  1.5763821 ]
 [ 4.26881818  2.61911264 -2.40101309  1.58517183  1.08681628  1.84905052]
 [ 0.47150077 -3.0497299  -0.83367695 -1.51007362  3.84403125  1.80645062]
 [-4.89942242  1.93636636  1.70305237  1.46351456  3.4280513  -4.05231799]
 [ 1.32961104  1.81648861 -4.58763421 -2.49387109  0.42162738 -3.14289742]
 [-2.06288751  0.65672866 -0.54837233  4.78847873  3.04163558  4.46287095]
 [-0.47531743  0.83700702 -2.04189617 -3.88849644 -0.23867186 -4.60469029]
 [ 2.05790932  1.54296297 -2.21848654  3.56825115 -3.14572583 -2.08011613]
 [ 2.9271845  -1.48400289 -1.32515854 -3.27118504 -1.72307048 -0.92221764]
 [ 4.01813976  3.74953735  2.9233841   3.25887637  4.14838512  2.4707438 ]
 [ 1.7504092  -4.37786725 -0.2137177  -2.4809022  -3.26356028 -2.28435019]]
