[[ 0.97795134 -4.70633522 -2.96165854 -3.36370486  4.63277803 -1.5456306 ]
 [ 4.5483973  -4.2931013   1.04786679  3.70495377 -3.0126174   0.2819716 ]
 [ 2.70248876  2.36029747  0.86398619  3.76962806  1.79193169 -4.1271769 ]
 [-1.10935946 -4.99453766  3.31107458  2.10789479 -1.31533099 -2.81449172]
 [ 0.34428331 -3.03881609 -0.20330291  2.34264091 -3.02230658  1.92980258]
 [-0.45446302 -3.9154458   4.33359846  3.56774547 -3.58741913 -2.34694047]
 [-3.77393103 -0.76772791  0.82434708  2.72174712 -0.80767637 -0.95099146]
 [-0.41868218  2.81277196  2.74870532 -4.86038258  1.88117575  1.05268405]
 [-0.66469409  3.81414945  1.86116662 -1.15658295 -4.53974444  3.86860166]
 [ 3.51855498  0.63878616  3.22021315 -0.16344504 -2.82340175 -2.86681367]
 [ 0.24346354  4.23015386 -3.69872655 -4.73088212 -4.99009594 -4.70080421]
 [-1.91241723 -0.48668758 -2.15081559 -0.59179196 -1.15677239 -2.68230291]
 [ 1.25140181  0.13445184 -3.28543822  2.98424174 -3.31478884 -2.30598091]
 [ 0.88847904 -2.27664589  0.26504458 -4.63315914 -2.46080738 -3.30102959]
 [-4.80955515  3.61341493  4.23568102  2.13546976  3.66695074  2.00556973]
 [ 0.17797515  1.39735058  4.42169338  1.31678779 -1.96513531  0.27811862]
 [-1.52669404  0.61749962  4.37484763 -1.78179536 -1.1226558   3.89650327]
 [ 4.00283472  3.57623015  0.66397922  1.91590389  3.39909606  3.06338428]
 [-4.30879464  3.60551961 -1.78281147 -2.8047327  -0.69889615  1.50038871]
 [-4.67368385  4.02277263  2.78795525  2.92978294 -2.64025065  1.52624525]]
