[  -1636.47172773   20804.77403282   18254.22816793  104360.83055451
  -11064.9386413    43827.62194397    -889.21459117   28972.35044386
   34716.17991411   40736.81108422  -77299.00237292  -50571.51867597
   29579.53071643   55632.01827439  -32272.08733002   -3273.62731284
   -8941.89761734  -14624.09144955   -4934.00490662   91874.30816297
   11478.97426158    1317.44535799   34648.59606035  -46752.21169082
   -3737.30558269    9489.9596457   -17186.11406177  -49968.51601764
  -22230.31940759  -19976.17180667   44918.48057941    4402.53148527
   80605.50905845   66414.62878282    6362.80392262  -29105.31534771
   18502.09389643   17151.87042969  -12462.69178708   52027.040955
  -46395.70523734   14678.67053698  -47307.07770488   48044.96476903
  -22941.69527505  -25777.99222117   -7652.60040242   33125.42733814
   19829.85045022  -53661.18372908   66560.91397626 -151167.46697518
   -1583.64849662   54864.10174003  -87930.2945803    72065.21137029
   15920.21663196  -64930.46357713  -31255.66632587   52897.21326247
  -16534.03730142  -39748.94043034   44866.46352315    4548.74964647
  111631.67256748    -772.47970063     467.67856818    1953.2479941
   15340.30085814    3152.35452285    -213.94547091   42249.3049722
  -56383.59580944   60019.40526729  179049.52038429   74193.65293554
  -72099.45693755   10577.40761603  -23526.82812703  112702.68214989
  -86041.11364874   14011.60564439    -530.60012263   -6560.6645785
   -5359.14988587  -18561.17339276  -19186.63947856  -41745.16205872
   84059.6397801    43151.55679604   44647.74496151  -26717.166784
   31615.48399217   90551.29475955  -29252.39005573   59682.88056796
     632.18928924  -26110.40212372   55224.67911354   35934.53884049]
