[[ 4.37547873 -3.65364133  1.70087114  4.60459437 -1.85572213  3.38396256]
 [ 4.3803206   1.77102358  4.34005905  1.96747819  1.01724856 -4.51632869]
 [ 1.91310578 -4.7684789  -4.51122176 -0.08834802 -1.5779586  -3.25550028]
 [-3.59666844  1.35133989  3.717722   -1.99454355  4.21305329  2.13632183]
 [ 3.93614506 -4.619441   -3.04902214  3.063472    2.24692764 -2.77571677]
 [ 2.60856879 -2.68070584  3.06857024 -4.36093471  4.89515876 -1.75421359]
 [ 3.8664357   3.81579774  4.69362887 -2.30333581 -2.9770658   0.07925729]
 [ 0.13235541 -4.31398827 -3.65908047 -2.01477837  2.10891422  2.43504276]
 [-0.3256026  -4.62301319 -4.14393323 -0.452722   -2.51007273  4.96094927]
 [-3.65001097 -1.34571804  4.31928936  1.75502635  1.76570225 -1.91723671]
 [ 2.55226033 -4.08104547  0.19233641 -2.11292785  0.22525732 -0.71236732]
 [-2.87515891  1.50712365  2.07462006  0.40900379 -1.27721727  2.86181421]
 [-4.68846292  1.63201893 -2.11311578 -3.36982903 -4.77260564 -2.72858841]
 [ 1.66768894 -4.85045268  1.3273826   1.27628697 -1.76743531  4.07537679]
 [-4.49775762  1.93640309 -3.95730903  0.08678274 -0.3400908  -4.51933131]
 [ 3.16709871 -1.54443887 -0.37619373  0.34602563  0.71106609 -4.32556498]
 [-0.93502392 -4.57407876  1.09574337  3.85486923 -2.44501648 -1.77490319]
 [ 4.25501667  1.23112672 -2.55818308 -2.85217532 -1.81897345 -1.36787487]
 [-3.83143913  2.49292403  0.09127824 -2.84614388 -4.14396278 -1.71717367]
 [-2.68979847 -1.37229337  4.5062386   4.11199771 -0.90767579 -4.56894352]]
