[[-3.42242313  4.98212931 -3.39544832 -4.2244393  -3.81119251 -3.22978548]
 [ 3.62099916 -2.8564799  -4.47543604  1.4863708   0.98663801  4.24731272]
 [-2.68869324 -0.88482713 -3.43369517 -2.12045134  3.16225609 -4.25002106]
 [ 0.57761162 -1.53888981  4.80350563  4.65110531 -3.30360318  3.77565295]
 [-1.41907272  1.79511839 -2.58789423  4.30432622 -2.80179352  4.60616598]
 [ 4.56508497 -2.63314742 -2.49020997 -4.34194863 -4.31742005  2.4005762 ]
 [-0.67263318  1.34613368  3.32054591 -0.21403416 -4.14834062 -1.82672846]
 [ 4.63199029 -4.29532109  0.36899508  0.39567925  4.35197647 -2.46167478]
 [-4.83704553  1.92135143  2.27269694 -3.73806419  0.40726771 -4.01328813]
 [ 0.56574024  2.64513777 -2.73410395  1.62189504  0.65206605  1.77013202]
 [-1.63331683 -1.8956906   1.76177767  3.88225844  4.71622125  4.27202704]
 [-0.05103902 -3.83322801  2.00249697  1.53791471 -0.28658196 -4.86886674]
 [ 3.38815191  0.71304853  0.12112013  1.20016312 -2.27160302 -2.21513747]
 [ 2.71773726  4.52186627 -0.86389316 -0.13883061  3.80813854 -1.00552734]
 [-1.99519764  2.07056723  0.68915182  4.97254299  4.97571284  4.03554812]
 [-1.88797226  0.68636699  2.91894757  2.1214624   0.15386608 -1.49169045]
 [ 3.104507   -4.93121757  3.15105512 -0.74398015 -4.95144315 -1.83510376]
 [-3.07329029 -2.42981963 -3.9924534  -4.8073401   4.88131553 -1.88094155]
 [ 4.79035445  4.59708859  4.8145926   3.06124155  0.91297213 -3.05621058]
 [-4.25220282 -3.57330805 -2.46346982 -2.12135858 -4.65013337  2.91885083]]
