[[-1.09177528  4.88529636  3.97455374  2.98207534 -3.03915029 -1.66727831]
 [ 4.78712554 -1.5014242  -3.7160694  -0.15909346  3.53952161 -3.48682822]
 [-4.50275979  4.85573664 -3.83079446  3.38660711  0.89042036  3.44764242]
 [ 0.16336302  3.72896367 -1.44533806  2.95648558 -1.70461754  1.33623272]
 [-4.97391597 -2.14923779 -4.62630663  4.64506142  1.89213467 -4.74465179]
 [-2.56240046  0.25610343 -0.5180619   0.8400757  -4.77775188  3.7031148 ]
 [-4.00752004 -0.98512696 -4.57677236 -3.87239409 -0.65130289 -2.8630369 ]
 [ 2.81138987  3.81950514 -1.78665607  2.40006537  3.74903174 -4.01992246]
 [ 3.50404098 -1.4668462   0.10911575 -0.8851458  -3.63885047 -2.74944273]
 [-1.76148509 -0.85830651  4.57446566  4.55720941 -4.49722673 -1.88337777]
 [ 1.45885303 -2.97770146  3.52554015 -3.54915438  1.8693103   0.70461314]
 [-3.35439449  3.97539459  2.83059067 -3.33867433 -3.27765221 -0.50169038]
 [ 0.92536074  2.44242742 -4.60751783 -3.45759413 -3.25072977 -1.3371756 ]
 [-2.83292048  2.83157283 -0.34002578 -2.8402076  -0.81204647 -4.44674931]
 [-4.21920279 -0.48522507 -4.90046049 -3.6952104   2.31585659  0.07081018]
 [ 1.13698469  1.65339218 -2.77890992  0.11701813 -3.13087052 -3.14977608]
 [-1.24789955  0.8150562   0.06897373 -0.19867295  2.74807884  3.4334518 ]
 [-1.99274052 -3.24190999 -0.49777196  1.41469499  3.23960386  4.74791019]
 [ 0.48471295 -4.39731689  2.69352473 -3.04487633  1.95632265  3.00172363]
 [ 2.91614474  3.8609735  -4.89927338 -4.83834815 -2.20728557  4.42462248]
 [-4.45319046 -4.38044101 -3.36733562 -2.00847139  4.16340691  2.42254997]
 [-0.26279744  4.04807687 -4.22914374  2.94540922  3.02967736 -3.84439282]
 [ 4.09305685 -2.34495883  3.2527612  -3.83867329  0.35318595 -3.44107148]
 [-3.80008167 -1.99147975  3.47681933  2.78217102 -3.31866927 -0.56934912]
 [-1.08968174 -2.08377791 -0.0826888   1.8054001   2.39691848  0.59454101]
 [ 4.95254518  4.16931134  3.83615114 -2.74878348  4.02129385 -1.04689186]
 [ 1.20652533 -4.16540946 -4.22646947  4.93576045 -2.48075999  1.57610792]
 [-0.17295189  2.19293295 -0.41106902 -1.02697451 -2.50416882  0.34061168]
 [ 1.01077027  1.04719328 -1.93213471  0.1570611   0.42475688 -3.77280819]
 [-2.75556014 -4.38920926  3.29357865  3.79678656  4.75408277 -4.6944511 ]
 [-0.46834132  1.19985959  0.52870709 -4.38551717  2.6806199  -0.98478744]
 [-1.38424684  2.052399   -2.51323214 -0.78648962 -1.1211378   1.85809875]
 [-4.64699738 -1.92167337  4.02950959  0.20527628 -4.87476525  1.00353699]
 [ 1.93371313 -2.5201095  -4.74171134  2.24002506  4.03809224  1.67856893]
 [ 1.60000543 -1.17118188 -1.19975164 -2.85974408  3.64318388 -0.75688221]
 [-4.75141891  2.83333028  1.54830955  0.49760509 -2.0060482   0.81241551]
 [-1.73162153 -4.68122936 -3.4696394  -0.65725345 -2.26804646  0.3409416 ]
 [-1.329301    4.5721057  -0.34481445  3.65595679  3.62608742  1.00964323]
 [-3.47152164  3.0849582   3.43768737  3.27437295  0.98661661 -3.02315312]
 [-4.46373819  2.72712118 -3.85696379 -2.92329715  0.66804357 -3.22606146]
 [-4.77631738 -3.39427538  2.21380072  3.5009938   1.54635992 -1.65594126]
 [-3.17446582  4.55100847  1.83852742  2.73816348 -4.07370427 -4.78528219]
 [-1.54258566 -4.34040987  3.72838685  1.70281886 -1.07419032 -1.82329592]
 [ 1.71249712 -3.97452295 -1.67497938  1.39129093 -0.65570665 -4.97189638]]
