[[ 2.57958133  1.90865779 -3.41899457 -0.41748304 -2.44051877  3.97169435]
 [-0.20417367 -1.3339083  -3.80741877  4.79252906 -2.48537629 -1.87114005]
 [-2.88221399 -1.73574562 -2.17178991 -1.03279708 -4.01735802 -1.65141241]
 [ 0.43269596  2.60339665 -0.30167788  3.08092505 -0.51049919  0.99560472]
 [-4.59690029  0.78205656 -4.91095697  3.89558582  4.47110681 -0.7749362 ]
 [ 0.91254852  4.01704663 -1.56755149 -0.71257059 -4.95160735 -2.61396773]
 [ 3.49276016  2.37736932 -3.46962931 -2.60073606 -1.04451133  1.2588145 ]
 [-0.60552622 -0.49848643  2.9535746   3.01794278  0.75586255 -0.37863902]
 [-0.73107783  4.16700255  4.13476597 -1.64717833 -2.18154978 -4.0894328 ]
 [ 3.34099288  4.17752701  0.923406    3.94926905 -4.63740167 -0.19624084]
 [-2.04182267 -0.2364352  -4.79683013  4.19317727  3.31789682 -1.08188164]
 [ 4.51929565 -0.85147318  2.92435497 -0.58743241  4.22113997  4.53849395]
 [ 4.72255082 -1.98638688 -2.3555296   1.1133939  -3.59289803  2.18316473]
 [-2.62832041 -1.3305336  -0.40038084 -2.2717443   4.07089404  4.07128803]
 [ 4.22732688  1.180493    1.50181601  2.09062229 -1.72950193 -1.50315324]
 [ 3.70842255 -0.45643218 -2.39316507 -4.93061693  2.34249393 -1.21099309]
 [ 3.27278113 -2.26554518  0.6155726   1.88388437  3.27771393  4.21443651]
 [-2.98918951  3.52201127 -0.48765042  0.51228721  1.63881888  4.62602736]
 [ 3.43198559 -1.29665722 -0.97550938  4.76178253  0.99443694 -4.16991322]
 [-0.16159125  2.94841965  0.45857961 -3.87834047 -0.65416042 -2.53694949]]
